{
    "animation": [
        {
            "name": "Root",
            "time": [0.0, 0.0167, 0.0333, 0.05, 0.0667, 0.0833, 0.1, 0.1167, 0.1333, 0.15, 0.1667, 0.1833, 0.2, 0.2167, 0.2333, 0.25, 0.2667, 0.2833, 0.3, 0.3167, 0.3333, 0.35, 0.3667, 0.3833, 0.4, 0.4167, 0.4333, 0.45, 0.4667, 0.4833, 0.5, 0.5167, 0.5333, 0.55, 0.5667, 0.5833, 0.6, 0.6167, 0.6333, 0.65, 0.6667, 0.6833, 0.7, 0.7167, 0.7333, 0.75, 0.7667, 0.7833, 0.8, 0.8167, 0.8333, 0.85, 0.8667, 0.8833, 0.9, 0.9167, 0.9333, 0.95, 0.9667, 0.9833, 1.0, 1.0167, 1.0333, 1.05, 1.0667, 1.0833, 1.1, 1.1167, 1.1333, 1.15, 1.1667, 1.1833, 1.2, 1.2167, 1.2333, 1.25, 1.2667, 1.2833, 1.3, 1.3167, 1.3333, 1.35, 1.3667, 1.3833, 1.4, 1.4167, 1.4333, 1.45, 1.4667, 1.4833, 1.5, 1.5167, 1.5333, 1.55, 1.5667, 1.5833, 1.6, 1.6167, 1.6333, 1.65, 1.6667, 1.6833, 1.7, 1.7167, 1.7333, 1.75, 1.7667, 1.7833, 1.8, 1.8167, 1.8333, 1.85, 1.8667, 1.8833, 1.9, 1.9167, 1.9333, 1.95, 1.9667, 1.9833, 2.0, 2.0167, 2.0333, 2.05, 2.0667, 2.0833, 2.1, 2.1167, 2.1333, 2.15, 2.1667, 2.1833, 2.2, 2.2167, 2.2333, 2.25, 2.2667, 2.2833, 2.3, 2.3167, 2.3333, 2.35, 2.3667, 2.3833, 2.4, 2.4167, 2.4333, 2.45, 2.4667, 2.4833, 2.5],
            "transform": [
                [1.0, 0.0, 0.0, 0.0, 0.0, 0.0, -1.0, 0.0, 0.0, 1.0, 0.0, 0.719612, 0.0, 0.0, 0.0, 1.0],
                [0.999999, -8.9e-05, -0.001534, 0.0, -0.001534, 0.000457, -0.999999, 0.0, 9e-05, 1.0, 0.000457, 0.71949, 0.0, 0.0, 0.0, 1.0],
                [0.999982, -0.000344, -0.005993, 0.0, -0.005992, 0.001785, -0.99998, 0.0, 0.000355, 0.999998, 0.001783, 0.719134, 0.0, 0.0, 0.0, 1.0],
                [0.999913, -0.000741, -0.01316, 0.0, -0.013157, 0.003918, -0.999906, 0.0, 0.000792, 0.999992, 0.003908, 0.718565, 0.0, 0.0, 0.0, 1.0],
                [0.999739, -0.001252, -0.022822, 0.0, -0.022813, 0.006792, -0.999717, 0.0, 0.001407, 0.999976, 0.006761, 0.717799, 0.0, 0.0, 0.0, 1.0],
                [0.999394, -0.001846, -0.034765, 0.0, -0.034744, 0.010342, -0.999343, 0.0, 0.002204, 0.999945, 0.010272, 0.716856, 0.0, 0.0, 0.0, 1.0],
                [0.998807, -0.002489, -0.048773, 0.0, -0.048732, 0.014507, -0.998707, 0.0, 0.003193, 0.999892, 0.014368, 0.715754, 0.0, 0.0, 0.0, 1.0],
                [0.997905, -0.003146, -0.064627, 0.0, -0.064555, 0.01922, -0.997729, 0.0, 0.004381, 0.99981, 0.018976, 0.714511, 0.0, 0.0, 0.0, 1.0],
                [0.996617, -0.003785, -0.082103, 0.0, -0.081987, 0.024415, -0.996334, 0.0, 0.005776, 0.999695, 0.024022, 0.713146, 0.0, 0.0, 0.0, 1.0],
                [0.99488, -0.004375, -0.100972, 0.0, -0.100797, 0.030025, -0.994454, 0.0, 0.007382, 0.99954, 0.02943, 0.711677, 0.0, 0.0, 0.0, 1.0],
                [0.99264, -0.004886, -0.121002, 0.0, -0.12075, 0.03598, -0.992031, 0.0, 0.009201, 0.999341, 0.035125, 0.710123, 0.0, 0.0, 0.0, 1.0],
                [0.989859, -0.005295, -0.141954, 0.0, -0.141608, 0.042208, -0.989022, 0.0, 0.011228, 0.999095, 0.04103, 0.708501, 0.0, 0.0, 0.0, 1.0],
                [0.986513, -0.005582, -0.163589, 0.0, -0.163131, 0.048635, -0.985405, 0.0, 0.013456, 0.998801, 0.047068, 0.706831, 0.0, 0.0, 0.0, 1.0],
                [0.982596, -0.005732, -0.185665, 0.0, -0.185074, 0.055187, -0.981174, 0.0, 0.015871, 0.99846, 0.053166, 0.705131, 0.0, 0.0, 0.0, 1.0],
                [0.978125, -0.005739, -0.207938, 0.0, -0.207197, 0.061788, -0.976346, 0.0, 0.018451, 0.998073, 0.059247, 0.70342, 0.0, 0.0, 0.0, 1.0],
                [0.973135, -0.0056, -0.230169, 0.0, -0.229262, 0.06836, -0.970961, 0.0, 0.021172, 0.997645, 0.06524, 0.701715, 0.0, 0.0, 0.0, 1.0],
                [0.967681, -0.005319, -0.25212, 0.0, -0.251032, 0.074829, -0.965082, 0.0, 0.024, 0.997182, 0.071076, 0.700035, 0.0, 0.0, 0.0, 1.0],
                [0.961842, -0.004909, -0.273562, 0.0, -0.27228, 0.081119, -0.958793, 0.0, 0.026898, 0.996692, 0.076687, 0.698398, 0.0, 0.0, 0.0, 1.0],
                [0.955712, -0.004385, -0.294269, 0.0, -0.292787, 0.087154, -0.952197, 0.0, 0.029823, 0.996185, 0.08201, 0.696824, 0.0, 0.0, 0.0, 1.0],
                [0.949406, -0.003772, -0.314028, 0.0, -0.312341, 0.092863, -0.94542, 0.0, 0.032727, 0.995672, 0.086987, 0.69533, 0.0, 0.0, 0.0, 1.0],
                [0.943051, -0.003095, -0.332632, 0.0, -0.330741, 0.098174, -0.938601, 0.0, 0.03556, 0.995164, 0.09156, 0.693935, 0.0, 0.0, 0.0, 1.0],
                [0.936789, -0.002386, -0.349886, 0.0, -0.347795, 0.103019, -0.931894, 0.0, 0.038268, 0.994676, 0.095677, 0.692657, 0.0, 0.0, 0.0, 1.0],
                [0.93077, -0.00168, -0.365603, 0.0, -0.363323, 0.10733, -0.92546, 0.0, 0.040795, 0.994222, 0.09929, 0.691514, 0.0, 0.0, 0.0, 1.0],
                [0.925149, -0.001013, -0.379603, 0.0, -0.377151, 0.111044, -0.919471, 0.0, 0.043084, 0.993815, 0.102351, 0.690526, 0.0, 0.0, 0.0, 1.0],
                [0.920087, -0.000421, -0.391713, 0.0, -0.389111, 0.114097, -0.914098, 0.0, 0.045078, 0.99347, 0.104815, 0.68971, 0.0, 0.0, 0.0, 1.0],
                [0.915742, 5.9e-05, -0.401766, 0.0, -0.39904, 0.116426, -0.909512, 0.0, 0.046722, 0.993199, 0.10664, 0.689085, 0.0, 0.0, 0.0, 1.0],
                [0.91216, 0.000402, -0.409833, 0.0, -0.407013, 0.118009, -0.905767, 0.0, 0.048, 0.993012, 0.107807, 0.688639, 0.0, 0.0, 0.0, 1.0],
                [0.909254, 0.000623, -0.416242, 0.0, -0.413352, 0.118982, -0.902764, 0.0, 0.048963, 0.992896, 0.108443, 0.688237, 0.0, 0.0, 0.0, 1.0],
                [0.906969, 0.00075, -0.421197, 0.0, -0.418259, 0.11952, -0.90043, 0.0, 0.049666, 0.992831, 0.108714, 0.687716, 0.0, 0.0, 0.0, 1.0],
                [0.90524, 0.000819, -0.4249, 0.0, -0.421929, 0.119793, -0.89868, 0.0, 0.050164, 0.992799, 0.108787, 0.686909, 0.0, 0.0, 0.0, 1.0],
                [0.903993, 0.000865, -0.427546, 0.0, -0.424552, 0.119974, -0.89742, 0.0, 0.050518, 0.992777, 0.108823, 0.685653, 0.0, 0.0, 0.0, 1.0],
                [0.903149, 0.000928, -0.429327, 0.0, -0.426313, 0.120233, -0.89655, 0.0, 0.050787, 0.992745, 0.108984, 0.683782, 0.0, 0.0, 0.0, 1.0],
                [0.902622, 0.001047, -0.430432, 0.0, -0.427397, 0.120741, -0.895965, 0.0, 0.051033, 0.992683, 0.109431, 0.681133, 0.0, 0.0, 0.0, 1.0],
                [0.902328, 0.00126, -0.431049, 0.0, -0.427985, 0.121667, -0.895559, 0.0, 0.051316, 0.99257, 0.110322, 0.677539, 0.0, 0.0, 0.0, 1.0],
                [0.902177, 0.001607, -0.431363, 0.0, -0.428257, 0.123182, -0.895222, 0.0, 0.051698, 0.992383, 0.11182, 0.672837, 0.0, 0.0, 0.0, 1.0],
                [0.902081, 0.002128, -0.431561, 0.0, -0.428393, 0.125457, -0.894841, 0.0, 0.052238, 0.992097, 0.114084, 0.666862, 0.0, 0.0, 0.0, 1.0],
                [0.91725, 0.001719, -0.398308, 0.0, -0.39511, 0.13045, -0.909324, 0.014034, 0.050396, 0.991453, 0.120335, 0.642788, 0.0, 0.0, 0.0, 1.0],
                [0.951569, -0.000707, -0.307435, 0.0, -0.304383, 0.138398, -0.942442, 0.052968, 0.043215, 0.990377, 0.13148, 0.594839, 0.0, 0.0, 0.0, 1.0],
                [0.984821, -0.004908, -0.173503, 0.0, -0.170919, 0.146683, -0.974305, 0.112048, 0.030232, 0.989171, 0.143618, 0.539423, 0.0, 0.0, 0.0, 1.0],
                [0.999804, -0.009737, -0.017239, 0.0, -0.015551, 0.152676, -0.988154, 0.18652, 0.012254, 0.988228, 0.152494, 0.492949, 0.0, 0.0, 0.0, 1.0],
                [0.99082, -0.012904, 0.134567, 0.0, 0.134939, 0.15431, -0.978764, 0.271631, -0.008135, 0.987938, 0.154634, 0.471824, 0.0, 0.0, 0.0, 1.0],
                [0.965933, -0.01199, 0.258513, 0.0, 0.257358, 0.149496, -0.954682, 0.361138, -0.0272, 0.98869, 0.147489, 0.469527, 0.0, 0.0, 0.0, 1.0],
                [0.937464, -0.007631, 0.347998, 0.0, 0.345558, 0.140585, -0.927807, 0.442838, -0.041843, 0.990039, 0.13443, 0.468348, 0.0, 0.0, 0.0, 1.0],
                [0.915407, -0.002499, 0.402521, 0.0, 0.399294, 0.132158, -0.907248, 0.503039, -0.050929, 0.991226, 0.121976, 0.467913, 0.0, 0.0, 0.0, 1.0],
                [0.906544, 0.00017, 0.422112, 0.0, 0.418611, 0.128156, -0.899078, 0.528051, -0.054249, 0.991754, 0.116108, 0.467851, 0.0, 0.0, 0.0, 1.0],
                [0.905742, 0.000509, 0.423828, 0.0, 0.4203, 0.127697, -0.898355, 0.530666, -0.054579, 0.991813, 0.115447, 0.46785, 0.0, 0.0, 0.0, 1.0],
                [0.905038, 0.000799, 0.425331, 0.0, 0.421777, 0.127329, -0.897715, 0.53284, -0.054874, 0.99186, 0.114901, 0.467849, 0.0, 0.0, 0.0, 1.0],
                [0.904424, 0.001044, 0.426634, 0.0, 0.423057, 0.127041, -0.897153, 0.534619, -0.055136, 0.991897, 0.114457, 0.467847, 0.0, 0.0, 0.0, 1.0],
                [0.903895, 0.001248, 0.427752, 0.0, 0.424155, 0.126821, -0.896665, 0.536051, -0.055367, 0.991925, 0.114104, 0.467844, 0.0, 0.0, 0.0, 1.0],
                [0.903446, 0.001415, 0.428699, 0.0, 0.425085, 0.126659, -0.896248, 0.537183, -0.055567, 0.991945, 0.113828, 0.467842, 0.0, 0.0, 0.0, 1.0],
                [0.903071, 0.001551, 0.429489, 0.0, 0.42586, 0.126542, -0.895896, 0.53806, -0.055738, 0.99196, 0.113616, 0.467839, 0.0, 0.0, 0.0, 1.0],
                [0.902762, 0.001659, 0.430137, 0.0, 0.426495, 0.12646, -0.895606, 0.538732, -0.055881, 0.99197, 0.113456, 0.467836, 0.0, 0.0, 0.0, 1.0],
                [0.902514, 0.001743, 0.430656, 0.0, 0.427004, 0.126402, -0.895372, 0.539245, -0.055997, 0.991978, 0.113335, 0.467834, 0.0, 0.0, 0.0, 1.0],
                [0.902321, 0.001809, 0.43106, 0.0, 0.4274, 0.126357, -0.895189, 0.539645, -0.056087, 0.991983, 0.113241, 0.467831, 0.0, 0.0, 0.0, 1.0],
                [0.902177, 0.001861, 0.431363, 0.0, 0.427697, 0.126313, -0.895054, 0.53998, -0.056153, 0.991989, 0.11316, 0.467828, 0.0, 0.0, 0.0, 1.0],
                [0.902073, 0.001904, 0.431578, 0.0, 0.427909, 0.126259, -0.89496, 0.540297, -0.056194, 0.991996, 0.11308, 0.467826, 0.0, 0.0, 0.0, 1.0],
                [0.902006, 0.001941, 0.43172, 0.0, 0.428049, 0.126184, -0.894903, 0.540644, -0.056213, 0.992005, 0.112988, 0.467823, 0.0, 0.0, 0.0, 1.0],
                [0.901967, 0.001977, 0.431801, 0.0, 0.428132, 0.126078, -0.894878, 0.541066, -0.05621, 0.992018, 0.112872, 0.467821, 0.0, 0.0, 0.0, 1.0],
                [0.90195, 0.002018, 0.431836, 0.0, 0.42817, 0.125929, -0.894881, 0.541612, -0.056186, 0.992037, 0.112717, 0.46782, 0.0, 0.0, 0.0, 1.0],
                [0.901948, 0.002067, 0.431839, 0.0, 0.428179, 0.125726, -0.894906, 0.542328, -0.056143, 0.992063, 0.112513, 0.467819, 0.0, 0.0, 0.0, 1.0],
                [0.901956, 0.002128, 0.431822, 0.0, 0.42817, 0.125457, -0.894947, 0.543262, -0.05608, 0.992097, 0.112246, 0.467819, 0.0, 0.0, 0.0, 1.0],
                [0.902037, 0.002206, 0.431654, 7e-05, 0.428014, 0.125115, -0.89507, 0.544451, -0.05598, 0.99214, 0.111914, 0.467911, 0.0, 0.0, 0.0, 1.0],
                [0.902254, 0.002298, 0.431198, 0.000279, 0.427575, 0.124697, -0.895338, 0.545899, -0.055827, 0.992192, 0.111526, 0.468186, 0.0, 0.0, 0.0, 1.0],
                [0.902606, 0.002406, 0.43046, 0.000624, 0.426859, 0.124206, -0.895748, 0.547598, -0.055621, 0.992254, 0.111082, 0.468639, 0.0, 0.0, 0.0, 1.0],
                [0.903088, 0.002528, 0.429447, 0.0011, 0.425871, 0.123643, -0.896296, 0.549544, -0.055364, 0.992324, 0.110584, 0.469267, 0.0, 0.0, 0.0, 1.0],
                [0.903697, 0.002663, 0.428165, 0.001706, 0.424619, 0.12301, -0.896977, 0.55173, -0.055057, 0.992402, 0.110033, 0.470064, 0.0, 0.0, 0.0, 1.0],
                [0.904427, 0.002811, 0.426619, 0.002438, 0.423107, 0.122308, -0.897787, 0.554149, -0.054702, 0.992488, 0.109429, 0.471027, 0.0, 0.0, 0.0, 1.0],
                [0.905275, 0.00297, 0.424815, 0.003292, 0.421341, 0.121539, -0.898722, 0.556797, -0.054301, 0.992582, 0.108775, 0.472151, 0.0, 0.0, 0.0, 1.0],
                [0.906237, 0.003141, 0.422759, 0.004267, 0.419326, 0.120706, -0.899775, 0.559665, -0.053855, 0.992683, 0.108071, 0.473433, 0.0, 0.0, 0.0, 1.0],
                [0.907307, 0.003321, 0.420456, 0.005358, 0.417069, 0.119808, -0.900944, 0.562749, -0.053366, 0.992792, 0.107318, 0.474869, 0.0, 0.0, 0.0, 1.0],
                [0.90848, 0.003511, 0.417913, 0.006562, 0.414574, 0.118848, -0.902221, 0.566043, -0.052836, 0.992906, 0.106516, 0.476454, 0.0, 0.0, 0.0, 1.0],
                [0.909753, 0.003708, 0.415134, 0.007876, 0.411848, 0.117829, -0.903603, 0.569539, -0.052265, 0.993027, 0.105668, 0.478183, 0.0, 0.0, 0.0, 1.0],
                [0.911119, 0.003913, 0.412125, 0.009298, 0.408894, 0.11675, -0.905083, 0.573233, -0.051657, 0.993154, 0.104773, 0.480054, 0.0, 0.0, 0.0, 1.0],
                [0.912574, 0.004124, 0.408892, 0.010823, 0.405718, 0.115613, -0.906657, 0.577117, -0.051012, 0.993286, 0.103833, 0.482061, 0.0, 0.0, 0.0, 1.0],
                [0.914112, 0.00434, 0.405439, 0.01245, 0.402326, 0.114422, -0.908318, 0.581186, -0.050333, 0.993423, 0.102848, 0.484202, 0.0, 0.0, 0.0, 1.0],
                [0.915728, 0.00456, 0.401772, 0.014174, 0.398722, 0.113176, -0.910061, 0.585433, -0.049621, 0.993564, 0.10182, 0.48647, 0.0, 0.0, 0.0, 1.0],
                [0.917418, 0.004783, 0.397897, 0.015992, 0.394913, 0.111877, -0.911881, 0.589853, -0.048877, 0.993711, 0.100749, 0.488863, 0.0, 0.0, 0.0, 1.0],
                [0.919174, 0.005008, 0.393819, 0.017902, 0.390902, 0.110528, -0.913772, 0.594439, -0.048105, 0.99386, 0.099637, 0.491376, 0.0, 0.0, 0.0, 1.0],
                [0.920993, 0.005235, 0.389543, 0.0199, 0.386695, 0.10913, -0.915728, 0.599185, -0.047304, 0.994014, 0.098484, 0.494005, 0.0, 0.0, 0.0, 1.0],
                [0.922869, 0.005461, 0.385075, 0.021983, 0.382299, 0.107684, -0.917743, 0.604086, -0.046478, 0.99417, 0.097291, 0.496746, 0.0, 0.0, 0.0, 1.0],
                [0.924796, 0.005686, 0.38042, 0.024147, 0.377717, 0.106192, -0.919811, 0.609134, -0.045628, 0.994329, 0.096059, 0.499595, 0.0, 0.0, 0.0, 1.0],
                [0.926769, 0.005909, 0.375585, 0.026391, 0.372955, 0.104656, -0.921928, 0.614323, -0.044755, 0.994491, 0.094789, 0.502548, 0.0, 0.0, 0.0, 1.0],
                [0.928783, 0.006129, 0.370573, 0.02871, 0.36802, 0.103078, -0.924087, 0.619649, -0.043862, 0.994654, 0.093482, 0.505599, 0.0, 0.0, 0.0, 1.0],
                [0.930832, 0.006345, 0.365393, 0.031102, 0.362915, 0.101459, -0.926282, 0.625104, -0.04295, 0.99482, 0.092138, 0.508747, 0.0, 0.0, 0.0, 1.0],
                [0.932911, 0.006556, 0.360048, 0.033563, 0.357647, 0.099801, -0.928509, 0.630682, -0.04202, 0.994986, 0.09076, 0.511985, 0.0, 0.0, 0.0, 1.0],
                [0.935015, 0.006761, 0.354545, 0.03609, 0.352222, 0.098105, -0.93076, 0.636377, -0.041076, 0.995153, 0.089348, 0.515311, 0.0, 0.0, 0.0, 1.0],
                [0.937138, 0.006959, 0.34889, 0.03868, 0.346646, 0.096374, -0.933032, 0.642183, -0.040117, 0.995321, 0.087903, 0.518719, 0.0, 0.0, 0.0, 1.0],
                [0.939276, 0.00715, 0.343089, 0.04133, 0.340923, 0.094609, -0.935318, 0.648095, -0.039147, 0.995489, 0.086427, 0.522206, 0.0, 0.0, 0.0, 1.0],
                [0.941423, 0.007332, 0.337148, 0.044037, 0.335061, 0.092813, -0.937614, 0.654105, -0.038166, 0.995657, 0.084919, 0.525768, 0.0, 0.0, 0.0, 1.0],
                [0.943575, 0.007504, 0.331074, 0.046797, 0.329065, 0.090986, -0.939914, 0.660207, -0.037177, 0.995824, 0.083383, 0.5294, 0.0, 0.0, 0.0, 1.0],
                [0.945727, 0.007667, 0.324872, 0.049607, 0.322942, 0.089131, -0.942212, 0.666396, -0.03618, 0.99599, 0.081818, 0.533098, 0.0, 0.0, 0.0, 1.0],
                [0.947874, 0.007818, 0.318549, 0.052465, 0.316697, 0.08725, -0.944505, 0.672665, -0.035178, 0.996156, 0.080226, 0.536859, 0.0, 0.0, 0.0, 1.0],
                [0.950012, 0.007958, 0.312112, 0.055367, 0.310338, 0.085344, -0.946788, 0.679009, -0.034172, 0.99632, 0.078608, 0.540678, 0.0, 0.0, 0.0, 1.0],
                [0.952136, 0.008086, 0.305568, 0.05831, 0.30387, 0.083416, -0.949055, 0.68542, -0.033163, 0.996482, 0.076966, 0.54455, 0.0, 0.0, 0.0, 1.0],
                [0.954242, 0.008201, 0.298922, 0.06129, 0.297301, 0.081467, -0.951302, 0.691894, -0.032154, 0.996642, 0.075301, 0.548473, 0.0, 0.0, 0.0, 1.0],
                [0.956326, 0.008303, 0.292183, 0.064306, 0.290637, 0.079499, -0.953525, 0.698423, -0.031145, 0.9968, 0.073614, 0.552441, 0.0, 0.0, 0.0, 1.0],
                [0.958385, 0.00839, 0.285357, 0.067353, 0.283885, 0.077515, -0.95572, 0.705002, -0.030138, 0.996956, 0.071908, 0.55645, 0.0, 0.0, 0.0, 1.0],
                [0.960413, 0.008464, 0.278451, 0.070428, 0.277052, 0.075516, -0.957883, 0.711624, -0.029135, 0.997109, 0.070182, 0.560497, 0.0, 0.0, 0.0, 1.0],
                [0.962409, 0.008523, 0.271472, 0.073528, 0.270144, 0.073505, -0.96001, 0.718284, -0.028136, 0.997258, 0.068439, 0.564576, 0.0, 0.0, 0.0, 1.0],
                [0.964368, 0.008566, 0.264427, 0.07665, 0.26317, 0.071483, -0.962098, 0.724975, -0.027144, 0.997405, 0.066681, 0.568685, 0.0, 0.0, 0.0, 1.0],
                [0.966287, 0.008595, 0.257325, 0.079792, 0.256136, 0.069452, -0.964142, 0.731691, -0.026158, 0.997548, 0.064909, 0.572819, 0.0, 0.0, 0.0, 1.0],
                [0.968163, 0.008608, 0.250172, 0.082949, 0.24905, 0.067414, -0.966141, 0.738426, -0.025182, 0.997688, 0.063124, 0.576973, 0.0, 0.0, 0.0, 1.0],
                [0.969994, 0.008605, 0.242976, 0.086118, 0.24192, 0.065372, -0.968092, 0.745174, -0.024215, 0.997824, 0.061329, 0.581144, 0.0, 0.0, 0.0, 1.0],
                [0.971777, 0.008587, 0.235745, 0.089297, 0.234752, 0.063328, -0.96999, 0.751928, -0.023258, 0.997956, 0.059525, 0.585328, 0.0, 0.0, 0.0, 1.0],
                [0.97351, 0.008553, 0.228485, 0.092483, 0.227554, 0.061282, -0.971835, 0.758683, -0.022314, 0.998084, 0.057713, 0.58952, 0.0, 0.0, 0.0, 1.0],
                [0.97519, 0.008503, 0.221206, 0.095671, 0.220334, 0.059239, -0.973624, 0.765432, -0.021383, 0.998208, 0.055896, 0.593715, 0.0, 0.0, 0.0, 1.0],
                [0.976816, 0.008437, 0.213915, 0.09886, 0.213101, 0.057199, -0.975354, 0.77217, -0.020465, 0.998327, 0.054075, 0.597911, 0.0, 0.0, 0.0, 1.0],
                [0.978386, 0.008356, 0.206619, 0.102045, 0.20586, 0.055164, -0.977025, 0.77889, -0.019562, 0.998442, 0.052252, 0.602103, 0.0, 0.0, 0.0, 1.0],
                [0.979898, 0.00826, 0.199326, 0.105224, 0.198621, 0.053138, -0.978635, 0.785585, -0.018675, 0.998553, 0.050429, 0.606286, 0.0, 0.0, 0.0, 1.0],
                [0.981352, 0.008148, 0.192046, 0.108394, 0.191392, 0.051121, -0.980182, 0.792251, -0.017804, 0.998659, 0.048608, 0.610457, 0.0, 0.0, 0.0, 1.0],
                [0.982746, 0.008022, 0.184784, 0.111551, 0.18418, 0.049115, -0.981665, 0.79888, -0.016951, 0.998761, 0.04679, 0.614612, 0.0, 0.0, 0.0, 1.0],
                [0.98408, 0.007882, 0.17755, 0.114692, 0.176993, 0.047124, -0.983083, 0.805467, -0.016115, 0.998858, 0.044979, 0.618746, 0.0, 0.0, 0.0, 1.0],
                [0.985353, 0.007727, 0.170351, 0.117814, 0.169839, 0.045148, -0.984437, 0.812005, -0.015298, 0.99895, 0.043174, 0.622854, 0.0, 0.0, 0.0, 1.0],
                [0.986565, 0.00756, 0.163196, 0.120915, 0.162726, 0.04319, -0.985725, 0.818488, -0.0145, 0.999038, 0.04138, 0.626934, 0.0, 0.0, 0.0, 1.0],
                [0.987715, 0.007379, 0.156092, 0.12399, 0.155663, 0.041252, -0.986948, 0.824911, -0.013722, 0.999122, 0.039597, 0.630981, 0.0, 0.0, 0.0, 1.0],
                [0.988804, 0.007186, 0.149048, 0.127037, 0.148657, 0.039336, -0.988106, 0.831266, -0.012964, 0.9992, 0.037827, 0.63499, 0.0, 0.0, 0.0, 1.0],
                [0.989832, 0.006982, 0.142071, 0.130052, 0.141717, 0.037443, -0.989199, 0.837549, -0.012226, 0.999274, 0.036073, 0.638958, 0.0, 0.0, 0.0, 1.0],
                [0.990799, 0.006767, 0.13517, 0.133033, 0.134849, 0.035576, -0.990227, 0.843752, -0.011509, 0.999344, 0.034336, 0.64288, 0.0, 0.0, 0.0, 1.0],
                [0.991707, 0.006541, 0.128353, 0.135975, 0.128063, 0.033737, -0.991192, 0.849869, -0.010814, 0.999409, 0.032619, 0.646753, 0.0, 0.0, 0.0, 1.0],
                [0.992556, 0.006307, 0.121626, 0.138877, 0.121367, 0.031927, -0.992094, 0.855895, -0.01014, 0.99947, 0.030924, 0.650572, 0.0, 0.0, 0.0, 1.0],
                [0.993347, 0.006064, 0.114999, 0.141735, 0.114768, 0.030148, -0.992935, 0.861824, -0.009488, 0.999527, 0.029252, 0.654332, 0.0, 0.0, 0.0, 1.0],
                [0.994082, 0.005813, 0.10848, 0.144546, 0.108274, 0.028403, -0.993715, 0.867649, -0.008858, 0.99958, 0.027605, 0.658031, 0.0, 0.0, 0.0, 1.0],
                [0.994761, 0.005556, 0.102075, 0.147306, 0.101893, 0.026692, -0.994437, 0.873363, -0.00825, 0.999628, 0.025987, 0.661663, 0.0, 0.0, 0.0, 1.0],
                [0.995387, 0.005293, 0.095794, 0.150012, 0.095633, 0.025019, -0.995102, 0.878962, -0.007664, 0.999673, 0.024398, 0.665225, 0.0, 0.0, 0.0, 1.0],
                [0.995961, 0.005025, 0.089643, 0.152662, 0.089503, 0.023385, -0.995712, 0.884438, -0.0071, 0.999714, 0.02284, 0.668712, 0.0, 0.0, 0.0, 1.0],
                [0.996485, 0.004754, 0.083631, 0.155252, 0.083509, 0.02179, -0.996269, 0.889786, -0.006559, 0.999751, 0.021317, 0.67212, 0.0, 0.0, 0.0, 1.0],
                [0.996962, 0.00448, 0.077765, 0.15778, 0.077659, 0.020239, -0.996775, 0.894999, -0.00604, 0.999785, 0.019829, 0.675446, 0.0, 0.0, 0.0, 1.0],
                [0.997392, 0.004205, 0.072052, 0.160241, 0.071962, 0.018731, -0.997231, 0.900072, -0.005543, 0.999816, 0.018379, 0.678684, 0.0, 0.0, 0.0, 1.0],
                [0.997779, 0.003929, 0.066501, 0.162632, 0.066424, 0.017269, -0.997642, 0.904997, -0.005068, 0.999843, 0.016969, 0.681831, 0.0, 0.0, 0.0, 1.0],
                [0.998124, 0.003654, 0.061119, 0.164951, 0.061054, 0.015854, -0.998009, 0.90977, -0.004615, 0.999868, 0.015601, 0.684883, 0.0, 0.0, 0.0, 1.0],
                [0.99843, 0.00338, 0.055913, 0.167195, 0.055858, 0.014488, -0.998334, 0.914384, -0.004185, 0.999889, 0.014277, 0.687836, 0.0, 0.0, 0.0, 1.0],
                [0.998699, 0.00311, 0.050891, 0.16936, 0.050846, 0.013173, -0.99862, 0.918833, -0.003776, 0.999908, 0.012998, 0.690684, 0.0, 0.0, 0.0, 1.0],
                [0.998935, 0.002844, 0.04606, 0.171443, 0.046023, 0.011911, -0.998869, 0.92311, -0.003389, 0.999925, 0.011768, 0.693426, 0.0, 0.0, 0.0, 1.0],
                [0.999138, 0.002582, 0.041427, 0.173441, 0.041397, 0.010703, -0.999085, 0.92721, -0.003023, 0.999939, 0.010587, 0.696055, 0.0, 0.0, 0.0, 1.0],
                [0.999312, 0.002328, 0.037001, 0.175351, 0.036977, 0.00955, -0.99927, 0.931126, -0.002679, 0.999952, 0.009458, 0.698568, 0.0, 0.0, 0.0, 1.0],
                [0.99946, 0.002081, 0.032787, 0.177169, 0.032768, 0.008455, -0.999427, 0.934852, -0.002357, 0.999962, 0.008382, 0.700961, 0.0, 0.0, 0.0, 1.0],
                [0.999584, 0.001842, 0.028793, 0.178893, 0.028779, 0.007419, -0.999558, 0.938383, -0.002055, 0.999971, 0.007363, 0.703229, 0.0, 0.0, 0.0, 1.0],
                [0.999685, 0.001613, 0.025027, 0.180519, 0.025017, 0.006443, -0.999666, 0.941711, -0.001774, 0.999978, 0.006401, 0.705369, 0.0, 0.0, 0.0, 1.0],
                [0.999768, 0.001395, 0.021496, 0.182045, 0.021488, 0.00553, -0.999754, 0.944831, -0.001514, 0.999984, 0.005498, 0.707377, 0.0, 0.0, 0.0, 1.0],
                [0.999833, 0.00119, 0.018206, 0.183466, 0.0182, 0.00468, -0.999823, 0.947737, -0.001275, 0.999988, 0.004657, 0.709247, 0.0, 0.0, 0.0, 1.0],
                [0.999884, 0.000997, 0.015165, 0.184781, 0.015161, 0.003895, -0.999877, 0.950422, -0.001056, 0.999992, 0.00388, 0.710977, 0.0, 0.0, 0.0, 1.0],
                [0.999923, 0.000818, 0.01238, 0.185985, 0.012377, 0.003178, -0.999918, 0.952881, -0.000857, 0.999995, 0.003167, 0.712562, 0.0, 0.0, 0.0, 1.0],
                [0.999951, 0.000655, 0.009858, 0.187076, 0.009856, 0.002529, -0.999948, 0.955107, -0.00068, 0.999997, 0.002522, 0.713997, 0.0, 0.0, 0.0, 1.0],
                [0.999971, 0.000507, 0.007606, 0.18805, 0.007605, 0.00195, -0.999969, 0.957094, -0.000522, 0.999998, 0.001946, 0.715279, 0.0, 0.0, 0.0, 1.0],
                [0.999984, 0.000377, 0.005631, 0.188905, 0.00563, 0.001443, -0.999983, 0.958836, -0.000385, 0.999999, 0.001441, 0.716404, 0.0, 0.0, 0.0, 1.0],
                [0.999992, 0.000265, 0.00394, 0.189636, 0.00394, 0.001009, -0.999992, 0.960327, -0.000269, 0.999999, 0.001008, 0.717367, 0.0, 0.0, 0.0, 1.0],
                [0.999997, 0.000171, 0.002541, 0.190242, 0.002541, 0.00065, -0.999996, 0.96156, -0.000173, 1.0, 0.00065, 0.718164, 0.0, 0.0, 0.0, 1.0],
                [0.999999, 9.7e-05, 0.00144, 0.190719, 0.00144, 0.000368, -0.999999, 0.96253, -9.8e-05, 1.0, 0.000368, 0.718791, 0.0, 0.0, 0.0, 1.0],
                [1.0, 4.4e-05, 0.000645, 0.191063, 0.000645, 0.000165, -1.0, 0.963231, -4.4e-05, 1.0, 0.000165, 0.719244, 0.0, 0.0, 0.0, 1.0],
                [1.0, 1.1e-05, 0.000162, 0.191272, 0.000162, 4.2e-05, -1.0, 0.963656, -1.1e-05, 1.0, 4.2e-05, 0.719519, 0.0, 0.0, 0.0, 1.0],
                [1.0, -0.0, -0.0, 0.191342, -0.0, 0.0, -1.0, 0.963799, 0.0, 1.0, -0.0, 0.719612, 0.0, 0.0, 0.0, 1.0]
            ]
        },
        {
            "name": "body",
            "time": [0.0, 0.0167, 0.0333, 0.05, 0.0667, 0.0833, 0.1, 0.1167, 0.1333, 0.15, 0.1667, 0.1833, 0.2, 0.2167, 0.2333, 0.25, 0.2667, 0.2833, 0.3, 0.3167, 0.3333, 0.35, 0.3667, 0.3833, 0.4, 0.4167, 0.4333, 0.45, 0.4667, 0.4833, 0.5, 0.5167, 0.5333, 0.55, 0.5667, 0.5833, 0.6, 0.6167, 0.6333, 0.65, 0.6667, 0.6833, 0.7, 0.7167, 0.7333, 0.75, 0.7667, 0.7833, 0.8, 0.8167, 0.8333, 0.85, 0.8667, 0.8833, 0.9, 0.9167, 0.9333, 0.95, 0.9667, 0.9833, 1.0, 1.0167, 1.0333, 1.05, 1.0667, 1.0833, 1.1, 1.1167, 1.1333, 1.15, 1.1667, 1.1833, 1.2, 1.2167, 1.2333, 1.25, 1.2667, 1.2833, 1.3, 1.3167, 1.3333, 1.35, 1.3667, 1.3833, 1.4, 1.4167, 1.4333, 1.45, 1.4667, 1.4833, 1.5, 1.5167, 1.5333, 1.55, 1.5667, 1.5833, 1.6, 1.6167, 1.6333, 1.65, 1.6667, 1.6833, 1.7, 1.7167, 1.7333, 1.75, 1.7667, 1.7833, 1.8, 1.8167, 1.8333, 1.85, 1.8667, 1.8833, 1.9, 1.9167, 1.9333, 1.95, 1.9667, 1.9833, 2.0, 2.0167, 2.0333, 2.05, 2.0667, 2.0833, 2.1, 2.1167, 2.1333, 2.15, 2.1667, 2.1833, 2.2, 2.2167, 2.2333, 2.25, 2.2667, 2.2833, 2.3, 2.3167, 2.3333, 2.35, 2.3667, 2.3833, 2.4, 2.4167, 2.4333, 2.45, 2.4667, 2.4833, 2.5],
            "transform": [
                [1.0, 0.0, 0.0, 0.0, 0.0, 0.995409, -0.095708, 0.06933, 0.0, 0.095708, 0.995409, 0.0, 0.0, 0.0, 0.0, 1.0],
                [0.999999, -1.3e-05, -0.001487, -0.0, -0.000129, 0.99543, -0.095496, 0.06933, 0.001482, 0.095496, 0.995429, -0.0, 0.0, 0.0, 0.0, 1.0],
                [0.999983, -5.1e-05, -0.005808, 0.0, -0.000501, 0.995489, -0.094879, 0.06933, 0.005787, 0.094881, 0.995472, 0.0, 0.0, 0.0, 0.0, 1.0],
                [0.999919, -0.000105, -0.012751, -0.0, -0.001093, 0.995582, -0.093888, 0.06933, 0.012705, 0.093894, 0.995501, 0.0, 0.0, 0.0, 0.0, 1.0],
                [0.999756, -0.000168, -0.022105, 0.0, -0.001879, 0.995706, -0.092548, 0.06933, 0.022026, 0.092567, 0.995463, 0.0, 0.0, 0.0, 0.0, 1.0],
                [0.999433, -0.000228, -0.033658, 0.0, -0.002834, 0.995857, -0.090887, 0.069331, 0.033539, 0.090931, 0.995292, 0.0, 0.0, 0.0, 0.0, 1.0],
                [0.998886, -0.000274, -0.047196, -0.0, -0.003929, 0.99603, -0.088931, 0.06933, 0.047033, 0.089018, 0.994919, -0.0, 0.0, 0.0, 0.0, 1.0],
                [0.998045, -0.000295, -0.062502, 0.0, -0.005135, 0.99622, -0.086707, 0.06933, 0.062292, 0.086859, 0.994271, -0.0, 0.0, 0.0, 0.0, 1.0],
                [0.996846, -0.000281, -0.079357, 0.0, -0.006426, 0.996425, -0.084242, 0.06933, 0.079097, 0.084486, 0.99328, 0.0, 0.0, 0.0, 0.0, 1.0],
                [0.995232, -0.00022, -0.097538, -0.0, -0.007773, 0.996638, -0.081564, 0.06933, 0.097228, 0.081933, 0.991884, -0.0, 0.0, 0.0, 0.0, 1.0],
                [0.993153, -0.000105, -0.116819, 0.0, -0.009152, 0.996856, -0.078703, 0.06933, 0.11646, 0.079233, 0.99003, -0.0, 0.0, 0.0, 0.0, 1.0],
                [0.990575, 7.1e-05, -0.136971, 0.0, -0.010537, 0.997076, -0.07569, 0.06933, 0.136565, 0.076419, 0.987679, 0.0, 0.0, 0.0, 0.0, 1.0],
                [0.987477, 0.000312, -0.157765, -0.0, -0.011907, 0.997293, -0.072557, 0.06933, 0.157315, 0.073527, 0.984807, 0.0, 0.0, 0.0, 0.0, 1.0],
                [0.983854, 0.00062, -0.178971, 0.0, -0.013242, 0.997505, -0.069339, 0.06933, 0.178481, 0.070589, 0.981408, 0.0, 0.0, 0.0, 0.0, 1.0],
                [0.979722, 0.000995, -0.20036, 0.0, -0.014525, 0.997709, -0.066071, 0.06933, 0.199835, 0.067641, 0.977492, -0.0, 0.0, 0.0, 0.0, 1.0],
                [0.975112, 0.001433, -0.221706, 0.0, -0.015742, 0.997903, -0.062789, 0.069331, 0.221151, 0.064717, 0.97309, -0.0, 0.0, 0.0, 0.0, 1.0],
                [0.970077, 0.001927, -0.242789, -0.0, -0.016882, 0.998084, -0.059532, 0.06933, 0.242209, 0.06185, 0.968251, -0.0, 0.0, 0.0, 0.0, 1.0],
                [0.964685, 0.002469, -0.263393, 0.0, -0.017937, 0.99825, -0.056337, 0.069331, 0.262793, 0.059072, 0.963042, 0.0, 0.0, 0.0, 0.0, 1.0],
                [0.959024, 0.003048, -0.28331, -0.0, -0.018903, 0.998403, -0.053244, 0.06933, 0.282695, 0.056417, 0.957549, 0.0, 0.0, 0.0, 0.0, 1.0],
                [0.953194, 0.003651, -0.302338, -0.0, -0.019776, 0.998539, -0.050291, 0.06933, 0.301712, 0.053916, 0.951873, 0.0, 0.0, 0.0, 0.0, 1.0],
                [0.947312, 0.004261, -0.320285, 0.0, -0.020558, 0.998659, -0.047518, 0.06933, 0.319653, 0.051599, 0.946129, 0.0, 0.0, 0.0, 0.0, 1.0],
                [0.941504, 0.004862, -0.336968, 0.0, -0.02125, 0.998763, -0.044964, 0.06933, 0.336332, 0.049494, 0.940442, 0.0, 0.0, 0.0, 0.0, 1.0],
                [0.935906, 0.005436, -0.352209, 0.0, -0.021858, 0.99885, -0.042667, 0.06933, 0.351572, 0.047631, 0.934948, -0.0, 0.0, 0.0, 0.0, 1.0],
                [0.930659, 0.005964, -0.365838, 0.0, -0.022387, 0.998922, -0.040667, 0.069331, 0.365201, 0.046037, 0.929789, 0.0, 0.0, 0.0, 0.0, 1.0],
                [0.925909, 0.006427, -0.377691, -0.0, -0.022844, 0.998978, -0.039001, 0.06933, 0.377055, 0.044739, 0.92511, 0.0, 0.0, 0.0, 0.0, 1.0],
                [0.9218, 0.006807, -0.387605, 0.0, -0.023233, 0.999019, -0.037708, 0.069331, 0.386968, 0.043764, 0.921054, 0.0, 0.0, 0.0, 0.0, 1.0],
                [0.918375, 0.0071, -0.395647, 0.0, -0.023563, 0.999046, -0.036766, 0.06933, 0.395009, 0.043088, 0.917666, -0.0, 0.0, 0.0, 0.0, 1.0],
                [0.915558, 0.007355, -0.402119, 0.0, -0.02381, 0.99907, -0.035938, 0.06933, 0.401481, 0.042478, 0.914882, 0.0, 0.0, 0.0, 0.0, 1.0],
                [0.913306, 0.007634, -0.407202, 0.0, -0.023926, 0.999103, -0.034934, 0.06933, 0.40657, 0.041649, 0.91267, -0.0, 0.0, 0.0, 0.0, 1.0],
                [0.911568, 0.008, -0.411071, 0.0, -0.023861, 0.999155, -0.033467, 0.06933, 0.410456, 0.040316, 0.910989, -0.0, 0.0, 0.0, 0.0, 1.0],
                [0.910284, 0.00852, -0.413897, -0.0, -0.023561, 0.999234, -0.031247, 0.06933, 0.413313, 0.038196, 0.909788, -0.0, 0.0, 0.0, 0.0, 1.0],
                [0.909388, 0.009261, -0.415847, -0.0, -0.022974, 0.999344, -0.027984, 0.06933, 0.415315, 0.035002, 0.909004, -0.0, 0.0, 0.0, 0.0, 1.0],
                [0.90881, 0.010287, -0.417084, 0.0, -0.022046, 0.999483, -0.023386, 0.06933, 0.416628, 0.030449, 0.908567, 0.0, 0.0, 0.0, 0.0, 1.0],
                [0.908479, 0.011664, -0.417768, -0.0, -0.020726, 0.999638, -0.017162, 0.06933, 0.417416, 0.02425, 0.908392, -0.0, 0.0, 0.0, 0.0, 1.0],
                [0.908322, 0.013456, -0.418055, -0.0, -0.018962, 0.99978, -0.00902, 0.06933, 0.417842, 0.01612, 0.908377, 0.0, 0.0, 0.0, 0.0, 1.0],
                [0.908266, 0.015727, -0.418097, -0.0, -0.016701, 0.999859, 0.00133, 0.06933, 0.418059, 0.005775, 0.908401, -0.0, 0.0, 0.0, 0.0, 1.0],
                [0.92516, 0.021327, -0.378977, -0.0, -0.01017, 0.999455, 0.031416, 0.06933, 0.37944, -0.02521, 0.924873, -0.0, 0.0, 0.0, 0.0, 1.0],
                [0.961225, 0.026415, -0.274498, -0.0, -0.001263, 0.995813, 0.091407, 0.06933, 0.275763, -0.087516, 0.957233, -0.0, 0.0, 0.0, 0.0, 1.0],
                [0.991728, 0.020569, -0.126695, -0.0, 0.00113, 0.985638, 0.168867, 0.06933, 0.128349, -0.167613, 0.977462, 0.0, 0.0, 0.0, 0.0, 1.0],
                [0.999453, -0.001243, 0.033048, 0.0, -0.007, 0.968698, 0.248143, 0.069331, -0.032323, -0.248239, 0.968159, -0.0, 0.0, 0.0, 0.0, 1.0],
                [0.984962, -0.034484, 0.169293, 0.0, -0.020754, 0.949166, 0.31409, 0.06933, -0.171519, -0.312881, 0.934177, -0.0, 0.0, 0.0, 0.0, 1.0],
                [0.963398, -0.068469, 0.259184, -0.0, -0.030213, 0.932942, 0.358756, 0.06933, -0.266368, -0.353456, 0.896726, 0.0, 0.0, 0.0, 0.0, 1.0],
                [0.945953, -0.095945, 0.309786, -0.0, -0.032899, 0.921917, 0.385989, 0.06933, -0.32263, -0.375319, 0.868934, -0.0, 0.0, 0.0, 0.0, 1.0],
                [0.936004, -0.113727, 0.33311, 0.0, -0.031167, 0.91587, 0.400264, 0.06933, -0.350607, -0.385031, 0.853713, -0.0, 0.0, 0.0, 0.0, 1.0],
                [0.933044, -0.120295, 0.339054, -0.0, -0.029196, 0.914013, 0.404634, 0.06933, -0.358575, -0.38744, 0.849302, 0.0, 0.0, 0.0, 0.0, 1.0],
                [0.932908, -0.120884, 0.339218, -0.0, -0.028798, 0.913915, 0.404882, 0.06933, -0.35896, -0.387486, 0.849118, 0.0, 0.0, 0.0, 0.0, 1.0],
                [0.932789, -0.121399, 0.339362, 0.0, -0.028449, 0.91383, 0.405099, 0.06933, -0.359298, -0.387527, 0.848957, 0.0, 0.0, 0.0, 0.0, 1.0],
                [0.932686, -0.121846, 0.339486, 0.0, -0.028146, 0.913756, 0.405288, 0.06933, -0.35959, -0.387562, 0.848817, 0.0, 0.0, 0.0, 0.0, 1.0],
                [0.932597, -0.12223, 0.339592, 0.0, -0.027887, 0.913692, 0.40545, 0.06933, -0.359841, -0.387591, 0.848697, -0.0, 0.0, 0.0, 0.0, 1.0],
                [0.932521, -0.122554, 0.339683, 0.0, -0.027668, 0.913638, 0.405587, 0.06933, -0.360053, -0.387617, 0.848596, -0.0, 0.0, 0.0, 0.0, 1.0],
                [0.932458, -0.122824, 0.339758, -0.0, -0.027485, 0.913592, 0.405701, 0.06933, -0.36023, -0.387637, 0.848511, -0.0, 0.0, 0.0, 0.0, 1.0],
                [0.932407, -0.123046, 0.339819, -0.0, -0.027335, 0.913556, 0.405794, 0.06933, -0.360375, -0.387654, 0.848442, -0.0, 0.0, 0.0, 0.0, 1.0],
                [0.932365, -0.123223, 0.339868, 0.0, -0.027215, 0.913526, 0.405869, 0.06933, -0.360491, -0.387668, 0.848386, -0.0, 0.0, 0.0, 0.0, 1.0],
                [0.932333, -0.123361, 0.339907, -0.0, -0.027122, 0.913503, 0.405928, 0.06933, -0.360582, -0.387679, 0.848343, -0.0, 0.0, 0.0, 0.0, 1.0],
                [0.932309, -0.123465, 0.339936, -0.0, -0.027052, 0.913485, 0.405972, 0.06933, -0.36065, -0.387687, 0.848311, -0.0, 0.0, 0.0, 0.0, 1.0],
                [0.932292, -0.12354, 0.339956, 0.0, -0.027001, 0.913473, 0.406003, 0.06933, -0.360698, -0.387692, 0.848287, -0.0, 0.0, 0.0, 0.0, 1.0],
                [0.93228, -0.12359, 0.33997, 0.0, -0.026968, 0.913464, 0.406024, 0.06933, -0.360731, -0.387696, 0.848272, 0.0, 0.0, 0.0, 0.0, 1.0],
                [0.932273, -0.12362, 0.339979, -0.0, -0.026947, 0.913459, 0.406037, 0.06933, -0.360751, -0.387699, 0.848262, 0.0, 0.0, 0.0, 0.0, 1.0],
                [0.932269, -0.123635, 0.339983, -0.0, -0.026937, 0.913457, 0.406043, 0.06933, -0.360761, -0.3877, 0.848257, -0.0, 0.0, 0.0, 0.0, 1.0],
                [0.932268, -0.123641, 0.339984, -0.0, -0.026933, 0.913456, 0.406046, 0.06933, -0.360765, -0.3877, 0.848255, -0.0, 0.0, 0.0, 0.0, 1.0],
                [0.932268, -0.123642, 0.339984, -0.0, -0.026932, 0.913456, 0.406046, 0.06933, -0.360765, -0.3877, 0.848255, 0.0, 0.0, 0.0, 0.0, 1.0],
                [0.932315, -0.123568, 0.339882, 0.0, -0.026889, 0.91353, 0.40588, 0.06933, -0.360646, -0.387547, 0.848376, -0.0, 0.0, 0.0, 0.0, 1.0],
                [0.932455, -0.123347, 0.339577, -0.0, -0.026759, 0.913753, 0.405388, 0.06933, -0.360293, -0.387093, 0.848733, -0.0, 0.0, 0.0, 0.0, 1.0],
                [0.932687, -0.122984, 0.339073, 0.0, -0.026546, 0.914119, 0.404575, 0.06933, -0.35971, -0.386343, 0.849322, -0.0, 0.0, 0.0, 0.0, 1.0],
                [0.933006, -0.122482, 0.338375, 0.0, -0.026251, 0.914625, 0.403449, 0.06933, -0.358902, -0.385304, 0.850136, 0.0, 0.0, 0.0, 0.0, 1.0],
                [0.933411, -0.121844, 0.337487, 0.0, -0.025878, 0.915266, 0.402017, 0.06933, -0.357874, -0.383981, 0.851167, 0.0, 0.0, 0.0, 0.0, 1.0],
                [0.933899, -0.121076, 0.336411, -0.0, -0.02543, 0.916038, 0.400284, 0.06933, -0.35663, -0.38238, 0.852409, -0.0, 0.0, 0.0, 0.0, 1.0],
                [0.934468, -0.120181, 0.335151, -0.0, -0.02491, 0.916936, 0.398257, 0.06933, -0.355175, -0.380507, 0.853853, 0.0, 0.0, 0.0, 0.0, 1.0],
                [0.935113, -0.119164, 0.333711, -0.0, -0.024321, 0.917954, 0.395941, 0.06933, -0.353513, -0.378366, 0.855493, -0.0, 0.0, 0.0, 0.0, 1.0],
                [0.935833, -0.118029, 0.332093, -0.0, -0.023666, 0.919087, 0.393343, 0.06933, -0.351648, -0.375962, 0.857319, -0.0, 0.0, 0.0, 0.0, 1.0],
                [0.936624, -0.11678, 0.330301, 0.0, -0.02295, 0.920331, 0.390467, 0.06933, -0.349584, -0.373301, 0.859324, 0.0, 0.0, 0.0, 0.0, 1.0],
                [0.937482, -0.115422, 0.328336, 0.0, -0.022175, 0.921679, 0.38732, 0.06933, -0.347326, -0.370386, 0.861498, -0.0, 0.0, 0.0, 0.0, 1.0],
                [0.938406, -0.113961, 0.326202, -0.0, -0.021346, 0.923125, 0.383906, 0.069331, -0.344876, -0.367223, 0.863833, -0.0, 0.0, 0.0, 0.0, 1.0],
                [0.93939, -0.1124, 0.323902, -0.0, -0.020467, 0.924664, 0.380233, 0.06933, -0.342239, -0.363816, 0.86632, 0.0, 0.0, 0.0, 0.0, 1.0],
                [0.940433, -0.110745, 0.321438, -0.0, -0.019541, 0.92629, 0.376303, 0.06933, -0.339418, -0.360169, 0.86895, 0.0, 0.0, 0.0, 0.0, 1.0],
                [0.941529, -0.109, 0.318812, 0.0, -0.018572, 0.927997, 0.372124, 0.06933, -0.336419, -0.356287, 0.871712, -0.0, 0.0, 0.0, 0.0, 1.0],
                [0.942677, -0.107171, 0.316028, 0.0, -0.017566, 0.929778, 0.367701, 0.06933, -0.333243, -0.352175, 0.874598, 0.0, 0.0, 0.0, 0.0, 1.0],
                [0.943873, -0.105263, 0.313088, -0.0, -0.016525, 0.931628, 0.363038, 0.06933, -0.329896, -0.347836, 0.877598, 0.0, 0.0, 0.0, 0.0, 1.0],
                [0.945112, -0.10328, 0.309995, 0.0, -0.015455, 0.933539, 0.358142, 0.069331, -0.326381, -0.343275, 0.880703, 0.0, 0.0, 0.0, 0.0, 1.0],
                [0.946392, -0.101228, 0.306751, 0.0, -0.014358, 0.935506, 0.353018, 0.06933, -0.322702, -0.338498, 0.883902, -0.0, 0.0, 0.0, 0.0, 1.0],
                [0.947708, -0.099113, 0.303358, -0.0, -0.013241, 0.937523, 0.347672, 0.06933, -0.318864, -0.333509, 0.887185, -0.0, 0.0, 0.0, 0.0, 1.0],
                [0.949057, -0.096939, 0.299821, -0.0, -0.012106, 0.939582, 0.34211, 0.069331, -0.31487, -0.328312, 0.890544, -0.0, 0.0, 0.0, 0.0, 1.0],
                [0.950437, -0.094712, 0.296142, -0.0, -0.010959, 0.941678, 0.336337, 0.06933, -0.310725, -0.322913, 0.893967, -0.0, 0.0, 0.0, 0.0, 1.0],
                [0.951842, -0.092436, 0.292323, 0.0, -0.009802, 0.943804, 0.33036, 0.06933, -0.306433, -0.317316, 0.897446, 0.0, 0.0, 0.0, 0.0, 1.0],
                [0.953269, -0.090117, 0.288369, 0.0, -0.008642, 0.945954, 0.324185, 0.069331, -0.301998, -0.311527, 0.90097, 0.0, 0.0, 0.0, 0.0, 1.0],
                [0.954716, -0.087761, 0.284282, 0.0, -0.00748, 0.948122, 0.317818, 0.06933, -0.297426, -0.305552, 0.904531, 0.0, 0.0, 0.0, 0.0, 1.0],
                [0.956177, -0.085372, 0.280066, 0.0, -0.006323, 0.950302, 0.311265, 0.06933, -0.29272, -0.299396, 0.908117, -0.0, 0.0, 0.0, 0.0, 1.0],
                [0.957651, -0.082956, 0.275724, -0.0, -0.005172, 0.952487, 0.304535, 0.06933, -0.287886, -0.293064, 0.911721, 0.0, 0.0, 0.0, 0.0, 1.0],
                [0.959133, -0.080517, 0.27126, 0.0, -0.004034, 0.954672, 0.297633, 0.06933, -0.282929, -0.286563, 0.915332, -0.0, 0.0, 0.0, 0.0, 1.0],
                [0.960619, -0.07806, 0.266678, 0.0, -0.00291, 0.95685, 0.290566, 0.06933, -0.277853, -0.279899, 0.918942, 0.0, 0.0, 0.0, 0.0, 1.0],
                [0.962108, -0.075591, 0.261982, 0.0, -0.001806, 0.959017, 0.283343, 0.06933, -0.272664, -0.273079, 0.922541, -0.0, 0.0, 0.0, 0.0, 1.0],
                [0.963594, -0.073115, 0.257177, 0.0, -0.000724, 0.961166, 0.27597, 0.06933, -0.267367, -0.266109, 0.926121, -0.0, 0.0, 0.0, 0.0, 1.0],
                [0.965077, -0.070636, 0.252266, 0.0, 0.000333, 0.963292, 0.268455, 0.06933, -0.261968, -0.258996, 0.929674, -0.0, 0.0, 0.0, 0.0, 1.0],
                [0.96655, -0.068159, 0.247254, 0.0, 0.00136, 0.96539, 0.260807, 0.06933, -0.256473, -0.251747, 0.933191, -0.0, 0.0, 0.0, 0.0, 1.0],
