{
    "animation": [
        {
            "name": "Root",
            "time": [0.0, 0.0167, 0.0333, 0.05, 0.0667, 0.0833, 0.1, 0.1167, 0.1333, 0.15, 0.1667, 0.1833, 0.2, 0.2167, 0.2333, 0.25, 0.2667, 0.2833, 0.3, 0.3167, 0.3333, 0.35, 0.3667, 0.3833, 0.4, 0.4167, 0.4333, 0.45, 0.4667, 0.4833, 0.5, 0.5167, 0.5333, 0.55, 0.5667, 0.5833, 0.6, 0.6167, 0.6333, 0.65, 0.6667, 0.6833, 0.7, 0.7167, 0.7333, 0.75, 0.7667, 0.7833, 0.8, 0.8167, 0.8333, 0.85, 0.8667, 0.8833, 0.9, 0.9167, 0.9333, 0.95, 0.9667, 0.9833, 1.0, 1.0167, 1.0333, 1.05, 1.0667, 1.0833, 1.1, 1.1167, 1.1333, 1.15, 1.1667, 1.1833, 1.2, 1.2167, 1.2333, 1.25, 1.2667, 1.2833, 1.3, 1.3167, 1.3333, 1.35, 1.3667, 1.3833, 1.4, 1.4167, 1.4333, 1.45, 1.4667, 1.4833, 1.5, 1.5167, 1.5333, 1.55, 1.5667, 1.5833, 1.6, 1.6167, 1.6333, 1.65, 1.6667, 1.6833, 1.7, 1.7167, 1.7333, 1.75, 1.7667, 1.7833, 1.8, 1.8167, 1.8333, 1.85, 1.8667, 1.8833, 1.9, 1.9167, 1.9333, 1.95, 1.9667, 1.9833, 2.0, 2.0167, 2.0333, 2.05, 2.0667, 2.0833, 2.1, 2.1167, 2.1333, 2.15, 2.1667, 2.1833, 2.2, 2.2167, 2.2333, 2.25, 2.2667, 2.2833, 2.3, 2.3167, 2.3333, 2.35, 2.3667, 2.3833, 2.4, 2.4167, 2.4333, 2.45, 2.4667, 2.4833, 2.5, 2.5167, 2.5333, 2.55, 2.5667, 2.5833, 2.6, 2.6167, 2.6333, 2.65, 2.6667],
            "transform": [
                [1.0, 0.0, 0.0, 0.0, 0.0, 0.0, -1.0, 0.0, 0.0, 1.0, 0.0, 0.719612, 0.0, 0.0, 0.0, 1.0],
                [0.999992, 0.000195, -0.004089, 0.000615, -0.004089, 0.000691, -0.999991, -0.000803, -0.000192, 1.0, 0.000692, 0.719049, 0.0, 0.0, 0.0, 1.0],
                [0.999872, 0.000778, -0.015997, 0.002402, -0.015999, 0.002703, -0.999868, -0.003136, -0.000735, 0.999996, 0.002715, 0.717415, 0.0, 0.0, 0.0, 1.0],
                [0.999378, 0.001771, -0.035216, 0.005273, -0.035226, 0.005945, -0.999362, -0.006884, -0.00156, 0.999981, 0.006004, 0.714789, 0.0, 0.0, 0.0, 1.0],
                [0.998117, 0.003217, -0.061262, 0.009138, -0.061292, 0.010324, -0.998066, -0.01193, -0.002578, 0.999942, 0.010502, 0.711253, 0.0, 0.0, 0.0, 1.0],
                [0.995593, 0.005178, -0.09364, 0.013911, -0.093711, 0.015741, -0.995475, -0.018162, -0.003681, 0.999863, 0.016157, 0.706887, 0.0, 0.0, 0.0, 1.0],
                [0.991243, 0.007727, -0.131821, 0.019503, -0.131962, 0.022087, -0.991009, -0.025462, -0.004746, 0.999726, 0.022914, 0.701772, 0.0, 0.0, 0.0, 1.0],
                [0.984471, 0.010939, -0.175208, 0.025825, -0.175458, 0.029242, -0.984053, -0.033716, -0.005641, 0.999512, 0.030707, 0.695989, 0.0, 0.0, 0.0, 1.0],
                [0.974678, 0.014888, -0.223115, 0.03279, -0.223525, 0.037068, -0.973993, -0.042809, -0.00623, 0.999202, 0.039458, 0.689617, 0.0, 0.0, 0.0, 1.0],
                [0.961313, 0.019635, -0.274759, 0.040309, -0.275386, 0.045416, -0.96026, -0.052626, -0.006377, 0.998775, 0.049066, 0.682739, 0.0, 0.0, 0.0, 1.0],
                [0.943906, 0.025225, -0.32925, 0.048295, -0.330161, 0.054118, -0.942372, -0.063052, -0.005953, 0.998216, 0.059411, 0.675434, 0.0, 0.0, 0.0, 1.0],
                [0.92212, 0.031676, -0.385605, 0.056658, -0.386874, 0.062999, -0.919978, -0.07397, -0.004849, 0.997511, 0.070347, 0.667784, 0.0, 0.0, 0.0, 1.0],
                [0.895785, 0.038976, -0.442775, 0.065311, -0.444477, 0.071877, -0.892902, -0.085268, -0.002976, 0.996652, 0.08171, 0.659868, 0.0, 0.0, 0.0, 1.0],
                [0.864932, 0.047077, -0.499677, 0.074166, -0.50189, 0.080574, -0.86117, -0.096828, -0.00028, 0.995636, 0.093318, 0.651769, 0.0, 0.0, 0.0, 1.0],
                [0.829805, 0.055897, -0.555248, 0.083134, -0.558045, 0.088923, -0.825033, -0.108536, 0.003257, 0.994469, 0.104981, 0.643565, 0.0, 0.0, 0.0, 1.0],
                [0.790867, 0.06532, -0.608492, 0.092128, -0.611941, 0.096777, -0.78496, -0.120278, 0.007615, 0.99316, 0.116509, 0.635338, 0.0, 0.0, 0.0, 1.0],
                [0.748783, 0.0752, -0.658536, 0.101058, -0.662693, 0.104019, -0.741632, -0.131937, 0.012729, 0.991728, 0.127722, 0.627169, 0.0, 0.0, 0.0, 1.0],
                [0.704383, 0.085371, -0.704668, 0.109837, -0.709579, 0.110565, -0.695897, -0.143399, 0.018502, 0.990195, 0.138458, 0.619139, 0.0, 0.0, 0.0, 1.0],
                [0.658624, 0.095653, -0.746368, 0.118377, -0.752063, 0.116372, -0.648736, -0.154548, 0.024803, 0.988589, 0.148583, 0.611327, 0.0, 0.0, 0.0, 1.0],
                [0.612536, 0.10586, -0.783322, 0.126589, -0.789816, 0.121433, -0.601203, -0.165269, 0.031478, 0.986939, 0.157992, 0.603815, 0.0, 0.0, 0.0, 1.0],
                [0.567173, 0.115812, -0.815416, 0.134386, -0.822705, 0.125778, -0.554379, -0.175448, 0.038358, 0.985275, 0.166617, 0.596683, 0.0, 0.0, 0.0, 1.0],
                [0.52357, 0.125339, -0.842713, 0.141678, -0.850779, 0.129468, -0.509325, -0.184969, 0.045266, 0.98363, 0.174421, 0.590012, 0.0, 0.0, 0.0, 1.0],
                [0.48271, 0.134284, -0.865424, 0.148379, -0.874233, 0.132589, -0.46705, -0.193716, 0.052029, 0.982033, 0.181398, 0.583883, 0.0, 0.0, 0.0, 1.0],
                [0.445501, 0.142508, -0.883867, 0.154399, -0.893369, 0.135245, -0.428486, -0.201576, 0.058476, 0.98051, 0.187564, 0.578376, 0.0, 0.0, 0.0, 1.0],
                [0.412769, 0.149887, -0.898418, 0.15965, -0.908553, 0.137548, -0.394478, -0.208432, 0.064448, 0.979089, 0.192955, 0.573572, 0.0, 0.0, 0.0, 1.0],
                [0.385258, 0.156309, -0.909475, 0.164045, -0.920166, 0.139614, -0.365791, -0.21417, 0.069799, 0.977791, 0.197617, 0.569552, 0.0, 0.0, 0.0, 1.0],
                [0.362964, 0.161767, -0.917654, 0.167601, -0.928823, 0.141508, -0.342436, -0.218813, 0.074461, 0.97663, 0.201615, 0.566299, 0.0, 0.0, 0.0, 1.0],
                [0.345131, 0.166444, -0.923678, 0.170449, -0.935262, 0.143356, -0.323627, -0.222531, 0.078549, 0.975574, 0.205145, 0.563694, 0.0, 0.0, 0.0, 1.0],
                [0.331298, 0.170526, -0.927989, 0.172667, -0.939938, 0.14534, -0.308856, -0.225427, 0.082206, 0.974575, 0.208435, 0.561665, 0.0, 0.0, 0.0, 1.0],
                [0.320988, 0.174199, -0.930925, 0.174334, -0.943208, 0.147624, -0.297599, -0.227603, 0.085585, 0.973582, 0.211691, 0.56014, 0.0, 0.0, 0.0, 1.0],
                [0.313721, 0.177645, -0.93275, 0.175528, -0.94535, 0.150352, -0.289323, -0.229162, 0.088844, 0.972541, 0.215105, 0.559048, 0.0, 0.0, 0.0, 1.0],
                [0.309009, 0.181046, -0.933668, 0.176329, -0.946585, 0.15366, -0.283488, -0.230207, 0.092143, 0.971396, 0.218858, 0.558316, 0.0, 0.0, 0.0, 1.0],
                [0.306371, 0.18458, -0.933845, 0.176814, -0.947095, 0.157675, -0.279552, -0.230841, 0.095644, 0.970087, 0.223122, 0.557871, 0.0, 0.0, 0.0, 1.0],
                [0.305324, 0.188423, -0.933421, 0.177064, -0.947035, 0.162518, -0.276971, -0.231166, 0.09951, 0.968548, 0.228064, 0.557643, 0.0, 0.0, 0.0, 1.0],
                [0.305389, 0.192749, -0.932516, 0.177155, -0.946542, 0.168304, -0.275194, -0.231286, 0.103903, 0.966707, 0.233843, 0.557559, 0.0, 0.0, 0.0, 1.0],
                [0.30609, 0.197733, -0.931241, 0.177169, -0.945744, 0.17514, -0.273669, -0.231303, 0.108984, 0.964483, 0.240613, 0.557547, 0.0, 0.0, 0.0, 1.0],
                [0.344537, 0.200375, -0.917139, 0.177169, -0.932037, 0.189829, -0.30866, -0.205607, 0.112252, 0.961153, 0.25216, 0.557547, 0.0, 0.0, 0.0, 1.0],
                [0.449902, 0.195357, -0.871449, 0.177169, -0.886316, 0.217516, -0.408816, -0.135859, 0.109689, 0.956307, 0.271009, 0.557547, 0.0, 0.0, 0.0, 1.0],
                [0.605648, 0.177535, -0.775675, 0.177169, -0.789651, 0.254384, -0.558337, -0.033074, 0.098195, 0.950668, 0.294257, 0.557547, 0.0, 0.0, 0.0, 1.0],
                [0.781078, 0.141535, -0.608182, 0.177169, -0.619916, 0.292708, -0.728029, 0.091738, 0.074978, 0.945669, 0.316367, 0.557547, 0.0, 0.0, 0.0, 1.0],
                [0.927792, 0.086542, -0.362923, 0.177169, -0.370862, 0.320257, -0.871721, 0.227562, 0.040788, 0.94337, 0.329226, 0.557547, 0.0, 0.0, 0.0, 1.0],
                [0.997318, 0.021284, -0.07003, 0.177169, -0.07315, 0.322829, -0.943626, 0.363386, 0.002523, 0.946218, 0.323521, 0.557547, 0.0, 0.0, 0.0, 1.0],
                [0.977692, -0.036396, 0.206864, 0.177169, 0.208143, 0.300012, -0.930951, 0.488198, -0.028179, 0.953241, 0.300895, 0.557547, 0.0, 0.0, 0.0, 1.0],
                [0.906227, -0.075206, 0.416048, 0.177169, 0.420307, 0.266768, -0.867281, 0.590983, -0.045763, 0.960822, 0.273363, 0.557547, 0.0, 0.0, 0.0, 1.0],
                [0.835664, -0.09531, 0.540908, 0.177169, 0.546698, 0.238993, -0.802498, 0.660731, -0.052787, 0.966332, 0.251824, 0.557547, 0.0, 0.0, 0.0, 1.0],
                [0.806163, -0.101324, 0.582953, 0.177169, 0.589196, 0.227877, -0.77519, 0.686427, -0.054296, 0.968404, 0.243406, 0.557547, 0.0, 0.0, 0.0, 1.0],
                [0.806163, -0.101324, 0.582953, 0.177169, 0.589196, 0.227877, -0.77519, 0.686427, -0.054296, 0.968404, 0.243406, 0.557547, 0.0, 0.0, 0.0, 1.0],
                [0.806163, -0.101324, 0.582953, 0.177169, 0.589197, 0.227877, -0.77519, 0.686427, -0.054296, 0.968404, 0.243406, 0.557547, 0.0, 0.0, 0.0, 1.0],
                [0.806163, -0.101324, 0.582953, 0.177169, 0.589196, 0.227877, -0.77519, 0.686427, -0.054296, 0.968404, 0.243406, 0.557547, 0.0, 0.0, 0.0, 1.0],
                [0.806163, -0.101324, 0.582953, 0.177169, 0.589196, 0.227877, -0.77519, 0.686427, -0.054296, 0.968404, 0.243406, 0.557547, 0.0, 0.0, 0.0, 1.0],
                [0.806163, -0.101324, 0.582953, 0.177169, 0.589196, 0.227877, -0.77519, 0.686427, -0.054296, 0.968404, 0.243406, 0.557547, 0.0, 0.0, 0.0, 1.0],
                [0.806163, -0.101324, 0.582953, 0.177169, 0.589196, 0.227877, -0.77519, 0.686427, -0.054296, 0.968404, 0.243406, 0.557547, 0.0, 0.0, 0.0, 1.0],
                [0.806163, -0.101324, 0.582953, 0.177169, 0.589196, 0.227877, -0.77519, 0.686427, -0.054296, 0.968404, 0.243406, 0.557547, 0.0, 0.0, 0.0, 1.0],
                [0.806163, -0.101324, 0.582953, 0.177169, 0.589196, 0.227877, -0.77519, 0.686427, -0.054296, 0.968404, 0.243406, 0.557547, 0.0, 0.0, 0.0, 1.0],
                [0.806163, -0.101324, 0.582953, 0.177169, 0.589196, 0.227877, -0.77519, 0.686427, -0.054296, 0.968404, 0.243406, 0.557547, 0.0, 0.0, 0.0, 1.0],
                [0.806163, -0.101324, 0.582953, 0.177169, 0.589196, 0.227877, -0.77519, 0.686427, -0.054296, 0.968404, 0.243406, 0.557547, 0.0, 0.0, 0.0, 1.0],
                [0.806163, -0.101324, 0.582953, 0.177169, 0.589196, 0.227877, -0.77519, 0.686427, -0.054296, 0.968404, 0.243406, 0.557547, 0.0, 0.0, 0.0, 1.0],
                [0.806163, -0.101324, 0.582953, 0.177169, 0.589196, 0.227877, -0.77519, 0.686427, -0.054296, 0.968404, 0.243406, 0.557547, 0.0, 0.0, 0.0, 1.0],
                [0.806163, -0.101324, 0.582953, 0.177169, 0.589196, 0.227877, -0.77519, 0.686427, -0.054296, 0.968404, 0.243406, 0.557547, 0.0, 0.0, 0.0, 1.0],
                [0.806163, -0.101324, 0.582953, 0.177169, 0.589196, 0.227877, -0.77519, 0.686427, -0.054296, 0.968404, 0.243406, 0.557547, 0.0, 0.0, 0.0, 1.0],
                [0.806163, -0.101324, 0.582953, 0.177169, 0.589196, 0.227877, -0.77519, 0.686427, -0.054296, 0.968404, 0.243406, 0.557547, 0.0, 0.0, 0.0, 1.0],
                [0.806163, -0.101324, 0.582953, 0.177169, 0.589196, 0.227877, -0.77519, 0.686427, -0.054296, 0.968404, 0.243406, 0.557547, 0.0, 0.0, 0.0, 1.0],
                [0.806163, -0.101324, 0.582953, 0.177169, 0.589196, 0.227877, -0.77519, 0.686427, -0.054296, 0.968404, 0.243406, 0.557547, 0.0, 0.0, 0.0, 1.0],
                [0.806163, -0.101324, 0.582953, 0.177169, 0.589196, 0.227877, -0.77519, 0.686427, -0.054296, 0.968404, 0.243406, 0.557547, 0.0, 0.0, 0.0, 1.0],
                [0.806163, -0.101324, 0.582953, 0.177169, 0.589196, 0.227877, -0.77519, 0.686427, -0.054296, 0.968404, 0.243406, 0.557547, 0.0, 0.0, 0.0, 1.0],
                [0.806163, -0.101324, 0.582953, 0.177169, 0.589196, 0.227877, -0.77519, 0.686427, -0.054296, 0.968404, 0.243406, 0.557547, 0.0, 0.0, 0.0, 1.0],
                [0.806284, -0.101269, 0.582795, 0.177169, 0.589035, 0.227818, -0.77533, 0.686594, -0.054254, 0.968423, 0.243337, 0.557601, 0.0, 0.0, 0.0, 1.0],
                [0.806642, -0.101106, 0.582328, 0.177169, 0.588556, 0.227642, -0.775745, 0.687088, -0.054129, 0.968482, 0.243132, 0.55776, 0.0, 0.0, 0.0, 1.0],
                [0.807232, -0.100838, 0.581557, 0.177169, 0.587766, 0.227351, -0.776429, 0.687904, -0.053924, 0.968578, 0.242795, 0.558022, 0.0, 0.0, 0.0, 1.0],
                [0.808048, -0.100467, 0.580487, 0.177169, 0.58667, 0.226949, -0.777376, 0.689033, -0.05364, 0.968711, 0.242326, 0.558385, 0.0, 0.0, 0.0, 1.0],
                [0.809084, -0.099996, 0.579124, 0.177169, 0.585274, 0.226435, -0.778577, 0.69047, -0.053279, 0.96888, 0.24173, 0.558847, 0.0, 0.0, 0.0, 1.0],
                [0.810333, -0.099428, 0.577473, 0.177169, 0.583582, 0.225813, -0.780026, 0.692206, -0.052845, 0.969083, 0.241008, 0.559405, 0.0, 0.0, 0.0, 1.0],
                [0.811788, -0.098765, 0.575539, 0.177169, 0.581601, 0.225085, -0.781714, 0.694235, -0.052339, 0.969321, 0.240163, 0.560057, 0.0, 0.0, 0.0, 1.0],
                [0.813444, -0.09801, 0.573326, 0.177169, 0.579335, 0.224251, -0.783634, 0.69655, -0.051764, 0.96959, 0.239196, 0.560802, 0.0, 0.0, 0.0, 1.0],
                [0.815292, -0.097167, 0.570839, 0.177169, 0.576788, 0.223313, -0.785778, 0.699144, -0.051123, 0.969892, 0.23811, 0.561635, 0.0, 0.0, 0.0, 1.0],
                [0.817326, -0.096239, 0.568081, 0.177169, 0.573965, 0.222272, -0.788137, 0.70201, -0.050419, 0.970223, 0.236907, 0.562556, 0.0, 0.0, 0.0, 1.0],
                [0.819538, -0.095228, 0.565057, 0.177169, 0.570869, 0.22113, -0.790702, 0.70514, -0.049654, 0.970584, 0.235588, 0.563563, 0.0, 0.0, 0.0, 1.0],
                [0.82192, -0.094139, 0.56177, 0.177169, 0.567506, 0.219889, -0.793464, 0.708527, -0.048831, 0.970972, 0.234156, 0.564652, 0.0, 0.0, 0.0, 1.0],
                [0.824464, -0.092974, 0.558225, 0.177169, 0.563879, 0.218549, -0.796415, 0.712165, -0.047954, 0.971387, 0.232612, 0.565821, 0.0, 0.0, 0.0, 1.0],
                [0.827163, -0.091736, 0.554424, 0.177169, 0.559991, 0.217112, -0.799545, 0.716047, -0.047025, 0.971827, 0.230958, 0.567069, 0.0, 0.0, 0.0, 1.0],
                [0.830008, -0.09043, 0.550372, 0.177169, 0.555848, 0.215578, -0.802845, 0.720164, -0.046047, 0.97229, 0.229196, 0.568393, 0.0, 0.0, 0.0, 1.0],
                [0.832991, -0.089058, 0.546072, 0.177169, 0.551452, 0.213949, -0.806304, 0.724512, -0.045024, 0.972777, 0.227329, 0.56979, 0.0, 0.0, 0.0, 1.0],
                [0.836104, -0.087624, 0.541528, 0.177169, 0.546807, 0.212226, -0.809915, 0.729081, -0.043959, 0.973284, 0.225357, 0.571259, 0.0, 0.0, 0.0, 1.0],
                [0.839338, -0.086131, 0.536742, 0.177169, 0.541918, 0.210411, -0.813666, 0.733866, -0.042854, 0.973811, 0.223282, 0.572797, 0.0, 0.0, 0.0, 1.0],
                [0.842686, -0.084584, 0.53172, 0.177169, 0.536788, 0.208504, -0.817548, 0.738858, -0.041714, 0.974357, 0.221107, 0.574402, 0.0, 0.0, 0.0, 1.0],
                [0.846137, -0.082985, 0.526465, 0.177169, 0.531421, 0.206507, -0.821552, 0.744052, -0.040542, 0.97492, 0.218834, 0.576072, 0.0, 0.0, 0.0, 1.0],
                [0.849685, -0.081339, 0.52098, 0.177169, 0.525821, 0.204421, -0.825666, 0.74944, -0.03934, 0.975498, 0.216463, 0.577804, 0.0, 0.0, 0.0, 1.0],
                [0.853319, -0.079649, 0.515269, 0.177169, 0.519994, 0.202247, -0.829881, 0.755015, -0.038113, 0.97609, 0.213998, 0.579596, 0.0, 0.0, 0.0, 1.0],
                [0.857032, -0.077918, 0.509337, 0.177169, 0.513942, 0.199987, -0.834187, 0.76077, -0.036863, 0.976696, 0.21144, 0.581446, 0.0, 0.0, 0.0, 1.0],
                [0.860815, -0.07615, 0.503188, 0.177169, 0.507671, 0.197641, -0.838575, 0.766698, -0.035593, 0.977312, 0.208792, 0.583351, 0.0, 0.0, 0.0, 1.0],
                [0.864659, -0.074349, 0.496826, 0.177169, 0.501186, 0.195213, -0.843033, 0.772791, -0.034308, 0.977939, 0.206055, 0.58531, 0.0, 0.0, 0.0, 1.0],
                [0.868556, -0.072519, 0.490257, 0.177169, 0.49449, 0.192702, -0.847552, 0.779044, -0.03301, 0.978574, 0.203232, 0.58732, 0.0, 0.0, 0.0, 1.0],
                [0.872497, -0.070663, 0.483484, 0.177169, 0.487591, 0.190111, -0.852123, 0.785448, -0.031702, 0.979216, 0.200326, 0.589379, 0.0, 0.0, 0.0, 1.0],
                [0.876473, -0.068784, 0.476512, 0.177169, 0.480491, 0.187442, -0.856734, 0.791996, -0.030388, 0.979864, 0.197338, 0.591484, 0.0, 0.0, 0.0, 1.0],
                [0.880476, -0.066887, 0.469348, 0.177169, 0.473198, 0.184696, -0.861377, 0.798683, -0.029071, 0.980517, 0.194271, 0.593633, 0.0, 0.0, 0.0, 1.0],
                [0.884498, -0.064975, 0.461997, 0.177169, 0.465718, 0.181875, -0.866042, 0.8055, -0.027754, 0.981173, 0.191128, 0.595825, 0.0, 0.0, 0.0, 1.0],
                [0.888531, -0.063052, 0.454464, 0.177169, 0.458055, 0.178982, -0.870719, 0.81244, -0.026441, 0.98183, 0.187912, 0.598056, 0.0, 0.0, 0.0, 1.0],
                [0.892566, -0.06112, 0.446756, 0.177169, 0.450216, 0.176018, -0.875399, 0.819497, -0.025133, 0.982488, 0.184625, 0.600324, 0.0, 0.0, 0.0, 1.0],
                [0.896595, -0.059184, 0.438878, 0.177169, 0.442209, 0.172986, -0.880072, 0.826663, -0.023834, 0.983145, 0.18127, 0.602628, 0.0, 0.0, 0.0, 1.0],
                [0.900612, -0.057246, 0.430838, 0.177169, 0.434039, 0.169888, -0.88473, 0.833931, -0.022547, 0.983799, 0.17785, 0.604964, 0.0, 0.0, 0.0, 1.0],
                [0.904607, -0.055311, 0.422642, 0.177169, 0.425715, 0.166727, -0.889364, 0.841295, -0.021274, 0.984451, 0.174369, 0.607332, 0.0, 0.0, 0.0, 1.0],
                [0.908575, -0.053381, 0.414298, 0.177169, 0.417243, 0.163505, -0.893966, 0.848747, -0.020019, 0.985097, 0.17083, 0.609727, 0.0, 0.0, 0.0, 1.0],
                [0.912507, -0.05146, 0.405812, 0.177169, 0.40863, 0.160225, -0.898526, 0.85628, -0.018783, 0.985738, 0.167235, 0.612149, 0.0, 0.0, 0.0, 1.0],
                [0.916397, -0.04955, 0.397192, 0.177169, 0.399885, 0.15689, -0.903038, 0.863887, -0.01757, 0.986372, 0.163588, 0.614594, 0.0, 0.0, 0.0, 1.0],
                [0.920238, -0.047655, 0.388447, 0.177169, 0.391017, 0.153503, -0.907493, 0.871561, -0.016382, 0.986998, 0.159893, 0.617061, 0.0, 0.0, 0.0, 1.0],
                [0.924024, -0.045777, 0.379585, 0.177169, 0.382032, 0.150067, -0.911883, 0.879295, -0.01522, 0.987615, 0.156154, 0.619547, 0.0, 0.0, 0.0, 1.0],
                [0.927748, -0.043919, 0.370613, 0.177169, 0.372941, 0.146585, -0.916203, 0.887082, -0.014087, 0.988223, 0.152373, 0.622051, 0.0, 0.0, 0.0, 1.0],
                [0.931406, -0.042085, 0.361541, 0.177169, 0.363751, 0.14306, -0.920445, 0.894915, -0.012985, 0.988819, 0.148556, 0.624568, 0.0, 0.0, 0.0, 1.0],
                [0.934991, -0.040276, 0.352378, 0.177169, 0.354472, 0.139497, -0.924603, 0.902787, -0.011916, 0.989403, 0.144705, 0.627099, 0.0, 0.0, 0.0, 1.0],
                [0.938498, -0.038495, 0.343133, 0.177169, 0.345114, 0.135897, -0.92867, 0.91069, -0.010882, 0.989975, 0.140824, 0.62964, 0.0, 0.0, 0.0, 1.0],
                [0.941922, -0.036744, 0.333814, 0.177169, 0.335685, 0.132265, -0.932642, 0.918618, -0.009883, 0.990533, 0.136918, 0.632188, 0.0, 0.0, 0.0, 1.0],
                [0.94526, -0.035026, 0.324433, 0.177169, 0.326196, 0.128605, -0.936513, 0.926564, -0.008922, 0.991077, 0.132991, 0.634743, 0.0, 0.0, 0.0, 1.0],
                [0.948507, -0.033342, 0.314997, 0.177169, 0.316656, 0.124921, -0.940279, 0.93452, -0.007999, 0.991606, 0.129046, 0.6373, 0.0, 0.0, 0.0, 1.0],
                [0.951658, -0.031694, 0.305519, 0.177169, 0.307076, 0.121216, -0.943934, 0.94248, -0.007116, 0.99212, 0.125088, 0.639859, 0.0, 0.0, 0.0, 1.0],
                [0.954712, -0.030085, 0.296006, 0.177169, 0.297465, 0.117494, -0.947475, 0.950437, -0.006274, 0.992618, 0.121122, 0.642417, 0.0, 0.0, 0.0, 1.0],
                [0.957665, -0.028515, 0.286471, 0.177169, 0.287834, 0.113759, -0.9509, 0.958382, -0.005473, 0.993099, 0.11715, 0.644971, 0.0, 0.0, 0.0, 1.0],
                [0.960513, -0.026987, 0.276922, 0.177169, 0.278194, 0.110015, -0.954204, 0.966311, -0.004715, 0.993563, 0.113179, 0.64752, 0.0, 0.0, 0.0, 1.0],
                [0.963256, -0.025501, 0.267371, 0.177169, 0.268555, 0.106267, -0.957385, 0.974214, -0.003999, 0.994011, 0.109211, 0.65006, 0.0, 0.0, 0.0, 1.0],
                [0.965891, -0.024058, 0.257828, 0.177169, 0.258927, 0.102519, -0.960441, 0.982086, -0.003326, 0.99444, 0.105251, 0.652591, 0.0, 0.0, 0.0, 1.0],
                [0.968417, -0.022661, 0.248305, 0.177169, 0.249322, 0.098774, -0.96337, 0.989919, -0.002695, 0.994852, 0.101305, 0.655109, 0.0, 0.0, 0.0, 1.0],
                [0.970833, -0.021309, 0.23881, 0.177169, 0.239749, 0.095038, -0.966172, 0.997706, -0.002108, 0.995246, 0.097375, 0.657612, 0.0, 0.0, 0.0, 1.0],
                [0.973137, -0.020003, 0.229355, 0.177169, 0.230221, 0.091314, -0.968845, 1.00544, -0.001564, 0.995621, 0.093466, 0.660098, 0.0, 0.0, 0.0, 1.0],
                [0.975331, -0.018743, 0.219952, 0.177169, 0.220747, 0.087607, -0.971389, 1.013114, -0.001062, 0.995979, 0.089583, 0.662565, 0.0, 0.0, 0.0, 1.0],
                [0.977413, -0.017531, 0.21061, 0.177169, 0.211338, 0.083921, -0.973804, 1.020721, -0.000602, 0.996318, 0.08573, 0.665011, 0.0, 0.0, 0.0, 1.0],
                [0.979384, -0.016367, 0.201341, 0.177169, 0.202005, 0.08026, -0.97609, 1.028254, -0.000184, 0.996639, 0.081912, 0.667432, 0.0, 0.0, 0.0, 1.0],
                [0.981246, -0.01525, 0.192155, 0.177169, 0.192759, 0.076629, -0.978249, 1.035706, 0.000193, 0.996943, 0.078132, 0.669828, 0.0, 0.0, 0.0, 1.0],
                [0.982999, -0.01418, 0.183063, 0.177169, 0.18361, 0.073033, -0.980282, 1.04307, 0.000531, 0.997229, 0.074395, 0.672195, 0.0, 0.0, 0.0, 1.0],
                [0.984644, -0.013158, 0.174075, 0.177169, 0.17457, 0.069474, -0.982191, 1.050338, 0.00083, 0.997497, 0.070704, 0.674531, 0.0, 0.0, 0.0, 1.0],
                [0.986184, -0.012183, 0.165203, 0.177169, 0.165648, 0.065959, -0.983977, 1.057504, 0.001091, 0.997748, 0.067065, 0.676835, 0.0, 0.0, 0.0, 1.0],
                [0.987621, -0.011254, 0.156456, 0.177169, 0.156855, 0.06249, -0.985643, 1.064561, 0.001316, 0.997982, 0.063482, 0.679104, 0.0, 0.0, 0.0, 1.0],
                [0.988956, -0.010372, 0.147845, 0.177169, 0.148201, 0.059073, -0.987191, 1.071501, 0.001506, 0.9982, 0.059958, 0.681335, 0.0, 0.0, 0.0, 1.0],
                [0.990193, -0.009535, 0.139381, 0.177169, 0.139697, 0.055711, -0.988626, 1.078318, 0.001662, 0.998401, 0.056497, 0.683526, 0.0, 0.0, 0.0, 1.0],
                [0.991334, -0.008743, 0.131073, 0.177169, 0.131352, 0.052409, -0.989949, 1.085004, 0.001786, 0.998587, 0.053103, 0.685675, 0.0, 0.0, 0.0, 1.0],
                [0.992383, -0.007995, 0.122932, 0.177169, 0.123178, 0.049171, -0.991166, 1.091553, 0.001879, 0.998758, 0.049781, 0.68778, 0.0, 0.0, 0.0, 1.0],
                [0.993342, -0.007289, 0.114968, 0.177169, 0.115182, 0.046001, -0.992279, 1.097957, 0.001944, 0.998915, 0.046535, 0.689839, 0.0, 0.0, 0.0, 1.0],
                [0.994216, -0.006626, 0.10719, 0.177169, 0.107377, 0.042903, -0.993292, 1.104209, 0.001983, 0.999057, 0.043367, 0.691849, 0.0, 0.0, 0.0, 1.0],
                [0.995009, -0.006003, 0.099609, 0.177169, 0.09977, 0.039882, -0.994211, 1.110303, 0.001996, 0.999186, 0.040282, 0.693808, 0.0, 0.0, 0.0, 1.0],
                [0.995723, -0.00542, 0.092234, 0.177169, 0.092371, 0.03694, -0.995039, 1.11623, 0.001986, 0.999303, 0.037283, 0.695714, 0.0, 0.0, 0.0, 1.0],
                [0.996363, -0.004876, 0.085074, 0.177169, 0.085191, 0.034083, -0.995782, 1.121985, 0.001956, 0.999407, 0.034375, 0.697563, 0.0, 0.0, 0.0, 1.0],
                [0.996933, -0.004368, 0.078139, 0.177169, 0.078238, 0.031314, -0.996443, 1.12756, 0.001906, 0.9995, 0.03156, 0.699356, 0.0, 0.0, 0.0, 1.0],
                [0.997437, -0.003896, 0.071438, 0.177169, 0.07152, 0.028637, -0.997028, 1.132948, 0.001839, 0.999582, 0.028842, 0.701088, 0.0, 0.0, 0.0, 1.0],
                [0.997881, -0.003459, 0.06498, 0.177169, 0.065048, 0.026055, -0.997542, 1.138142, 0.001758, 0.999655, 0.026225, 0.702757, 0.0, 0.0, 0.0, 1.0],
                [0.998267, -0.003055, 0.058774, 0.177169, 0.05883, 0.023573, -0.99799, 1.143135, 0.001663, 0.999717, 0.023712, 0.704362, 0.0, 0.0, 0.0, 1.0],
                [0.9986, -0.002683, 0.05283, 0.177169, 0.052875, 0.021194, -0.998376, 1.14792, 0.001558, 0.999772, 0.021306, 0.7059, 0.0, 0.0, 0.0, 1.0],
                [0.998885, -0.00234, 0.047155, 0.177169, 0.047191, 0.018922, -0.998707, 1.152489, 0.001445, 0.999818, 0.019012, 0.707369, 0.0, 0.0, 0.0, 1.0],
                [0.999126, -0.002027, 0.04176, 0.177169, 0.041788, 0.016761, -0.998986, 1.156836, 0.001325, 0.999857, 0.016831, 0.708767, 0.0, 0.0, 0.0, 1.0],
                [0.999327, -0.001741, 0.036651, 0.177169, 0.036673, 0.014714, -0.999219, 1.160954, 0.001201, 0.99989, 0.014767, 0.710091, 0.0, 0.0, 0.0, 1.0],
                [0.999492, -0.001482, 0.031838, 0.177169, 0.031855, 0.012784, -0.999411, 1.164835, 0.001074, 0.999917, 0.012825, 0.711338, 0.0, 0.0, 0.0, 1.0],
                [0.999626, -0.001247, 0.027329, 0.177169, 0.027341, 0.010976, -0.999566, 1.168474, 0.000946, 0.999939, 0.011006, 0.712508, 0.0, 0.0, 0.0, 1.0],
                [0.999732, -0.001036, 0.023133, 0.177169, 0.023142, 0.009292, -0.999689, 1.171861, 0.000821, 0.999956, 0.009314, 0.713597, 0.0, 0.0, 0.0, 1.0],
                [0.999814, -0.000847, 0.019258, 0.177169, 0.019264, 0.007737, -0.999784, 1.174991, 0.000698, 0.99997, 0.007752, 0.714603, 0.0, 0.0, 0.0, 1.0],
                [0.999876, -0.00068, 0.015713, 0.177169, 0.015717, 0.006314, -0.999856, 1.177857, 0.000581, 0.99998, 0.006323, 0.715524, 0.0, 0.0, 0.0, 1.0],
                [0.999922, -0.000533, 0.012505, 0.177169, 0.012508, 0.005025, -0.999909, 1.18045, 0.00047, 0.999987, 0.005032, 0.716358, 0.0, 0.0, 0.0, 1.0],
                [0.999953, -0.000406, 0.009643, 0.177169, 0.009645, 0.003876, -0.999946, 1.182765, 0.000368, 0.999992, 0.003879, 0.717102, 0.0, 0.0, 0.0, 1.0],
                [0.999974, -0.000297, 0.007136, 0.177169, 0.007137, 0.002868, -0.99997, 1.184794, 0.000276, 0.999996, 0.00287, 0.717754, 0.0, 0.0, 0.0, 1.0],
                [0.999988, -0.000205, 0.004991, 0.177169, 0.004991, 0.002006, -0.999985, 1.186531, 0.000195, 0.999998, 0.002007, 0.718313, 0.0, 0.0, 0.0, 1.0],
                [0.999995, -0.000131, 0.003217, 0.177169, 0.003217, 0.001293, -0.999994, 1.187967, 0.000127, 0.999999, 0.001294, 0.718774, 0.0, 0.0, 0.0, 1.0],
                [0.999998, -7.4e-05, 0.001822, 0.177169, 0.001822, 0.000733, -0.999998, 1.189097, 7.2e-05, 1.0, 0.000733, 0.719137, 0.0, 0.0, 0.0, 1.0],
                [1.0, -3.3e-05, 0.000816, 0.177169, 0.000816, 0.000328, -1.0, 1.189913, 3.3e-05, 1.0, 0.000328, 0.7194, 0.0, 0.0, 0.0, 1.0],
                [1.0, -8e-06, 0.000205, 0.177169, 0.000205, 8.3e-05, -1.0, 1.190407, 8e-06, 1.0, 8.3e-05, 0.719559, 0.0, 0.0, 0.0, 1.0],
                [1.0, 0.0, -0.0, 0.177169, -0.0, 0.0, -1.0, 1.190573, 0.0, 1.0, 0.0, 0.719612, 0.0, 0.0, 0.0, 1.0]
            ]
        },
        {
            "name": "body",
            "time": [0.0, 0.0167, 0.0333, 0.05, 0.0667, 0.0833, 0.1, 0.1167, 0.1333, 0.15, 0.1667, 0.1833, 0.2, 0.2167, 0.2333, 0.25, 0.2667, 0.2833, 0.3, 0.3167, 0.3333, 0.35, 0.3667, 0.3833, 0.4, 0.4167, 0.4333, 0.45, 0.4667, 0.4833, 0.5, 0.5167, 0.5333, 0.55, 0.5667, 0.5833, 0.6, 0.6167, 0.6333, 0.65, 0.6667, 0.6833, 0.7, 0.7167, 0.7333, 0.75, 0.7667, 0.7833, 0.8, 0.8167, 0.8333, 0.85, 0.8667, 0.8833, 0.9, 0.9167, 0.9333, 0.95, 0.9667, 0.9833, 1.0, 1.0167, 1.0333, 1.05, 1.0667, 1.0833, 1.1, 1.1167, 1.1333, 1.15, 1.1667, 1.1833, 1.2, 1.2167, 1.2333, 1.25, 1.2667, 1.2833, 1.3, 1.3167, 1.3333, 1.35, 1.3667, 1.3833, 1.4, 1.4167, 1.4333, 1.45, 1.4667, 1.4833, 1.5, 1.5167, 1.5333, 1.55, 1.5667, 1.5833, 1.6, 1.6167, 1.6333, 1.65, 1.6667, 1.6833, 1.7, 1.7167, 1.7333, 1.75, 1.7667, 1.7833, 1.8, 1.8167, 1.8333, 1.85, 1.8667, 1.8833, 1.9, 1.9167, 1.9333, 1.95, 1.9667, 1.9833, 2.0, 2.0167, 2.0333, 2.05, 2.0667, 2.0833, 2.1, 2.1167, 2.1333, 2.15, 2.1667, 2.1833, 2.2, 2.2167, 2.2333, 2.25, 2.2667, 2.2833, 2.3, 2.3167, 2.3333, 2.35, 2.3667, 2.3833, 2.4, 2.4167, 2.4333, 2.45, 2.4667, 2.4833, 2.5, 2.5167, 2.5333, 2.55, 2.5667, 2.5833, 2.6, 2.6167, 2.6333, 2.65, 2.6667],
            "transform": [
                [1.0, 0.0, 0.0, 0.0, 0.0, 0.995409, -0.095708, 0.06933, 0.0, 0.095708, 0.995409, 0.0, 0.0, 0.0, 0.0, 1.0],
                [1.0, -0.000184, -9.9e-05, 0.0, 0.000174, 0.995342, -0.096407, 0.06933, 0.000116, 0.096407, 0.995342, 0.0, 0.0, 0.0, 0.0, 1.0],
                [1.0, -0.000719, -0.000384, -0.0, 0.000678, 0.995143, -0.098438, 0.06933, 0.000453, 0.098438, 0.995143, 0.0, 0.0, 0.0, 0.0, 1.0],
                [0.999999, -0.00158, -0.000839, -0.0, 0.001487, 0.994814, -0.1017, 0.069331, 0.000995, 0.101698, 0.994815, -0.0, 0.0, 0.0, 0.0, 1.0],
                [0.999995, -0.002742, -0.001446, 0.0, 0.002573, 0.994353, -0.106092, 0.06933, 0.001729, 0.106087, 0.994355, -0.0, 0.0, 0.0, 0.0, 1.0],
                [0.999989, -0.00418, -0.002186, 0.0, 0.003911, 0.993755, -0.111513, 0.069331, 0.002639, 0.111503, 0.993761, -0.0, 0.0, 0.0, 0.0, 1.0],
                [0.999978, -0.00587, -0.003041, 0.0, 0.005471, 0.993015, -0.117861, 0.06933, 0.003712, 0.117842, 0.993025, 0.0, 0.0, 0.0, 0.0, 1.0],
                [0.999962, -0.007788, -0.003992, 0.0, 0.007227, 0.992126, -0.125035, 0.069331, 0.004935, 0.125002, 0.992144, -0.0, 0.0, 0.0, 0.0, 1.0],
                [0.999938, -0.009908, -0.005021, 0.0, 0.009152, 0.991083, -0.132933, 0.06933, 0.006293, 0.132879, 0.991112, 0.0, 0.0, 0.0, 0.0, 1.0],
                [0.999907, -0.012205, -0.006107, -0.0, 0.011218, 0.989882, -0.141452, 0.06933, 0.007772, 0.141371, 0.989926, 0.0, 0.0, 0.0, 0.0, 1.0],
                [0.999866, -0.014654, -0.007235, -0.0, 0.013399, 0.988521, -0.15049, 0.06933, 0.009357, 0.150373, 0.988585, 0.0, 0.0, 0.0, 0.0, 1.0],
                [0.999816, -0.017229, -0.008385, 0.0, 0.015667, 0.987002, -0.159944, 0.06933, 0.011032, 0.159783, 0.987091, 0.0, 0.0, 0.0, 0.0, 1.0],
                [0.999756, -0.019904, -0.009543, -0.0, 0.017997, 0.98533, -0.16971, 0.06933, 0.012781, 0.169497, 0.985448, -0.0, 0.0, 0.0, 0.0, 1.0],
                [0.999686, -0.022652, -0.010693, 0.0, 0.020363, 0.983513, -0.179688, 0.06933, 0.014587, 0.179413, 0.983666, -0.0, 0.0, 0.0, 0.0, 1.0],
                [0.999606, -0.025444, -0.011819, -0.0, 0.022741, 0.981564, -0.189773, 0.06933, 0.01643, 0.18943, 0.981757, 0.0, 0.0, 0.0, 0.0, 1.0],
                [0.999518, -0.028253, -0.01291, 0.0, 0.025106, 0.979501, -0.199867, 0.06933, 0.018292, 0.199446, 0.979738, -0.0, 0.0, 0.0, 0.0, 1.0],
                [0.99942, -0.031051, -0.013952, -0.0, 0.027436, 0.977345, -0.209866, 0.06933, 0.020152, 0.209361, 0.97763, 0.0, 0.0, 0.0, 0.0, 1.0],
                [0.999317, -0.033809, -0.014935, -0.0, 0.029708, 0.975121, -0.219672, 0.06933, 0.02199, 0.219078, 0.97546, 0.0, 0.0, 0.0, 0.0, 1.0],
                [0.999208, -0.036498, -0.015849, -0.0, 0.0319, 0.97286, -0.229186, 0.06933, 0.023783, 0.228499, 0.973254, 0.0, 0.0, 0.0, 0.0, 1.0],
                [0.999097, -0.039087, -0.016685, -0.0, 0.033992, 0.970594, -0.23831, 0.06933, 0.025509, 0.237528, 0.971046, 0.0, 0.0, 0.0, 0.0, 1.0],
                [0.998985, -0.041549, -0.017436, 0.0, 0.035965, 0.968361, -0.246948, 0.06933, 0.027144, 0.24607, 0.968872, 0.0, 0.0, 0.0, 0.0, 1.0],
                [0.998874, -0.043852, -0.018094, -0.0, 0.037798, 0.9662, -0.255006, 0.06933, 0.028665, 0.254034, 0.96677, 0.0, 0.0, 0.0, 0.0, 1.0],
                [0.998769, -0.045967, -0.018654, -0.0, 0.039474, 0.964155, -0.262388, 0.06933, 0.030047, 0.261328, 0.964782, -0.0, 0.0, 0.0, 0.0, 1.0],
                [0.998671, -0.047866, -0.01911, -0.0, 0.040974, 0.962268, -0.269002, 0.06933, 0.031265, 0.267861, 0.96295, -0.0, 0.0, 0.0, 0.0, 1.0],
                [0.998584, -0.049517, -0.019456, -0.0, 0.042279, 0.960584, -0.274755, 0.069331, 0.032295, 0.273543, 0.961317, 0.0, 0.0, 0.0, 0.0, 1.0],
                [0.99851, -0.050892, -0.019689, -0.0, 0.043374, 0.959149, -0.279556, 0.06933, 0.033111, 0.278286, 0.959928, 0.0, 0.0, 0.0, 0.0, 1.0],
                [0.998451, -0.051997, -0.01982, 0.0, 0.044263, 0.957971, -0.28343, 0.06933, 0.033724, 0.282114, 0.958788, -0.0, 0.0, 0.0, 0.0, 1.0],
                [0.998401, -0.052888, -0.01996, -0.0, 0.044967, 0.957015, -0.286532, 0.06933, 0.034256, 0.285176, 0.957863, -0.0, 0.0, 0.0, 0.0, 1.0],
                [0.998357, -0.05361, -0.020248, 0.0, 0.045489, 0.95626, -0.28896, 0.06933, 0.034854, 0.287564, 0.957127, 0.0, 0.0, 0.0, 0.0, 1.0],
                [0.998312, -0.054211, -0.020822, 0.0, 0.045831, 0.955681, -0.290814, 0.06933, 0.035665, 0.289369, 0.956553, -0.0, 0.0, 0.0, 0.0, 1.0],
                [0.998262, -0.054737, -0.02182, 0.0, 0.045992, 0.955253, -0.292193, 0.06933, 0.036838, 0.290682, 0.95611, 0.0, 0.0, 0.0, 0.0, 1.0],
                [0.9982, -0.055234, -0.02338, 0.0, 0.045974, 0.954947, -0.293195, 0.06933, 0.038521, 0.291592, 0.955767, 0.0, 0.0, 0.0, 0.0, 1.0],
                [0.998115, -0.05575, -0.02564, 0.0, 0.045777, 0.954734, -0.293916, 0.06933, 0.040865, 0.292189, 0.955487, -0.0, 0.0, 0.0, 0.0, 1.0],
                [0.997999, -0.05633, -0.028739, 0.0, 0.0454, 0.954586, -0.294455, 0.06933, 0.04402, 0.292561, 0.955233, -0.0, 0.0, 0.0, 0.0, 1.0],
                [0.997834, -0.057021, -0.032817, -0.0, 0.044845, 0.954474, -0.294905, 0.06933, 0.048139, 0.292794, 0.954963, 0.0, 0.0, 0.0, 0.0, 1.0],
                [0.9976, -0.057872, -0.038018, -0.0, 0.044108, 0.954366, -0.295364, 0.06933, 0.053376, 0.292978, 0.954628, 0.0, 0.0, 0.0, 0.0, 1.0],
                [0.992891, -0.061226, -0.102079, 0.0, 0.036, 0.97187, -0.232751, 0.069331, 0.113458, 0.227421, 0.967164, 0.0, 0.0, 0.0, 0.0, 1.0],
                [0.96745, -0.049721, -0.24813, -0.0, 0.032302, 0.996751, -0.073787, 0.06933, 0.250993, 0.06337, 0.965913, 0.0, 0.0, 0.0, 0.0, 1.0],
                [0.911558, -0.001399, -0.411169, 0.0, 0.055874, 0.99114, 0.120499, 0.069331, 0.407358, -0.132815, 0.903559, 0.0, 0.0, 0.0, 0.0, 1.0],
                [0.847151, 0.066874, -0.527128, -0.0, 0.095316, 0.956831, 0.274571, 0.06933, 0.522734, -0.282847, 0.804206, 0.0, 0.0, 0.0, 0.0, 1.0],
                [0.816732, 0.108514, -0.566721, -0.0, 0.109286, 0.93529, 0.336585, 0.06933, 0.566573, -0.336834, 0.752022, 0.0, 0.0, 0.0, 0.0, 1.0],
                [0.832593, 0.112562, -0.542327, -0.0, 0.087378, 0.94018, 0.329282, 0.069331, 0.54695, -0.321546, 0.772952, -0.0, 0.0, 0.0, 0.0, 1.0],
                [0.873524, 0.104241, -0.475488, -0.0, 0.052595, 0.950873, 0.305082, 0.06933, 0.483931, -0.291504, 0.825128, 0.0, 0.0, 0.0, 0.0, 1.0],
                [0.925809, 0.092633, -0.366465, 0.0, 0.011845, 0.96192, 0.273073, 0.06933, 0.377806, -0.257155, 0.889457, -0.0, 0.0, 0.0, 0.0, 1.0],
                [0.972667, 0.084378, -0.21633, 0.0, -0.030018, 0.969515, 0.243187, 0.06933, 0.230255, -0.230046, 0.945548, -0.0, 0.0, 0.0, 0.0, 1.0],
                [0.996278, 0.081234, -0.028829, -0.0, -0.072654, 0.971348, 0.226286, 0.06933, 0.046385, -0.223349, 0.973634, 0.0, 0.0, 0.0, 0.0, 1.0],
                [0.979904, 0.078707, 0.183285, 0.0, -0.119622, 0.96717, 0.224214, 0.06933, -0.15962, -0.241634, 0.957149, 0.0, 0.0, 0.0, 0.0, 1.0],
                [0.922162, 0.071326, 0.380171, -0.0, -0.166989, 0.959953, 0.224955, 0.06933, -0.348901, -0.270929, 0.897143, 0.0, 0.0, 0.0, 0.0, 1.0],
                [0.851948, 0.060609, 0.520106, -0.0, -0.20465, 0.952816, 0.224188, 0.06933, -0.481978, -0.297437, 0.824153, 0.0, 0.0, 0.0, 0.0, 1.0],
                [0.815731, 0.054459, 0.575862, -0.0, -0.221102, 0.949313, 0.223423, 0.06933, -0.534506, -0.309578, 0.786426, 0.0, 0.0, 0.0, 0.0, 1.0],
                [0.811516, 0.053712, 0.581857, 0.0, -0.222968, 0.948887, 0.223381, 0.06933, -0.540118, -0.311012, 0.782013, 0.0, 0.0, 0.0, 0.0, 1.0],
                [0.807792, 0.053048, 0.587076, 0.0, -0.224599, 0.948514, 0.223331, 0.06933, -0.545002, -0.312262, 0.778116, 0.0, 0.0, 0.0, 0.0, 1.0],
                [0.804538, 0.052467, 0.591579, -0.0, -0.226013, 0.94819, 0.22328, 0.06933, -0.549214, -0.313342, 0.774713, 0.0, 0.0, 0.0, 0.0, 1.0],
                [0.801729, 0.051963, 0.595424, 0.0, -0.227225, 0.947912, 0.223229, 0.06933, -0.55281, -0.314264, 0.771776, 0.0, 0.0, 0.0, 0.0, 1.0],
                [0.799338, 0.051534, 0.598667, 0.0, -0.22825, 0.947677, 0.223182, 0.06933, -0.555842, -0.315043, 0.769277, 0.0, 0.0, 0.0, 0.0, 1.0],
                [0.797336, 0.051173, 0.601363, -0.0, -0.229104, 0.947481, 0.223139, 0.06933, -0.558361, -0.315691, 0.767184, 0.0, 0.0, 0.0, 0.0, 1.0],
                [0.795689, 0.050876, 0.603564, 0.0, -0.229803, 0.947321, 0.223102, 0.06933, -0.560418, -0.31622, 0.765464, 0.0, 0.0, 0.0, 0.0, 1.0],
                [0.794367, 0.050637, 0.605324, 0.0, -0.230363, 0.947192, 0.22307, 0.06933, -0.562062, -0.316644, 0.764083, 0.0, 0.0, 0.0, 0.0, 1.0],
                [0.793335, 0.05045, 0.606692, -0.0, -0.230799, 0.947092, 0.223045, 0.06933, -0.56334, -0.316973, 0.763005, 0.0, 0.0, 0.0, 0.0, 1.0],
                [0.792558, 0.05031, 0.607718, 0.0, -0.231126, 0.947017, 0.223026, 0.06933, -0.564299, -0.31722, 0.762193, 0.0, 0.0, 0.0, 0.0, 1.0],
                [0.792, 0.050209, 0.608453, 0.0, -0.23136, 0.946963, 0.223011, 0.06933, -0.564985, -0.317397, 0.761611, 0.0, 0.0, 0.0, 0.0, 1.0],
                [0.791626, 0.050141, 0.608945, -0.0, -0.231518, 0.946926, 0.223002, 0.06933, -0.565445, -0.317515, 0.76122, 0.0, 0.0, 0.0, 0.0, 1.0],
                [0.791399, 0.0501, 0.609244, 0.0, -0.231613, 0.946905, 0.222996, 0.06933, -0.565724, -0.317587, 0.760983, 0.0, 0.0, 0.0, 0.0, 1.0],
                [0.791282, 0.050079, 0.609397, 0.0, -0.231662, 0.946893, 0.222993, 0.06933, -0.565867, -0.317624, 0.760861, 0.0, 0.0, 0.0, 0.0, 1.0],
                [0.791239, 0.050071, 0.609454, -0.0, -0.23168, 0.946889, 0.222991, 0.06933, -0.56592, -0.317638, 0.760816, 0.0, 0.0, 0.0, 0.0, 1.0],
                [0.791233, 0.05007, 0.609462, 0.0, -0.231683, 0.946889, 0.222991, 0.06933, -0.565927, -0.31764, 0.76081, 0.0, 0.0, 0.0, 0.0, 1.0],
                [0.791361, 0.050099, 0.609294, -0.0, -0.231581, 0.94693, 0.22292, 0.06933, -0.565791, -0.317511, 0.760965, -0.0, 0.0, 0.0, 0.0, 1.0],
                [0.79174, 0.050184, 0.608793, -0.0, -0.231277, 0.947054, 0.22271, 0.06933, -0.565383, -0.317128, 0.761427, 0.0, 0.0, 0.0, 0.0, 1.0],
                [0.792366, 0.050325, 0.607967, -0.0, -0.230777, 0.947258, 0.222362, 0.069331, -0.564711, -0.316497, 0.762189, 0.0, 0.0, 0.0, 0.0, 1.0],
                [0.793231, 0.05052, 0.606822, -0.0, -0.230085, 0.947539, 0.221879, 0.06933, -0.563778, -0.315622, 0.763241, 0.0, 0.0, 0.0, 0.0, 1.0],
                [0.79433, 0.050765, 0.605362, 0.0, -0.229205, 0.947897, 0.221263, 0.06933, -0.562589, -0.314507, 0.764578, 0.0, 0.0, 0.0, 0.0, 1.0],
                [0.795655, 0.051058, 0.603595, -0.0, -0.228141, 0.948327, 0.220515, 0.069331, -0.561146, -0.313159, 0.76619, -0.0, 0.0, 0.0, 0.0, 1.0],
                [0.7972, 0.051398, 0.601524, -0.0, -0.2269, 0.948829, 0.219637, 0.06933, -0.559454, -0.31158, 0.768068, 0.0, 0.0, 0.0, 0.0, 1.0],
                [0.798958, 0.05178, 0.599154, 0.0, -0.225485, 0.949398, 0.21863, 0.06933, -0.557515, -0.309777, 0.770205, 0.0, 0.0, 0.0, 0.0, 1.0],
                [0.80092, 0.052202, 0.596491, -0.0, -0.223902, 0.950033, 0.217495, 0.06933, -0.555333, -0.307752, 0.772589, -0.0, 0.0, 0.0, 0.0, 1.0],
                [0.803081, 0.05266, 0.593539, -0.0, -0.222155, 0.950731, 0.216233, 0.06933, -0.552909, -0.30551, 0.775213, 0.0, 0.0, 0.0, 0.0, 1.0],
                [0.805431, 0.053151, 0.590301, -0.0, -0.220249, 0.951489, 0.214845, 0.06933, -0.550246, -0.303056, 0.778066, 0.0, 0.0, 0.0, 0.0, 1.0],
                [0.807964, 0.053671, 0.586783, 0.0, -0.21819, 0.952304, 0.21333, 0.069331, -0.547346, -0.300394, 0.781138, -0.0, 0.0, 0.0, 0.0, 1.0],
                [0.810671, 0.054217, 0.582987, -0.0, -0.215983, 0.953173, 0.211691, 0.06933, -0.54421, -0.297527, 0.784419, 0.0, 0.0, 0.0, 0.0, 1.0],
