{
    "animation": [
        {
            "name": "Root",
            "time": [0.0, 0.0167, 0.0333, 0.05, 0.0667, 0.0833, 0.1, 0.1167, 0.1333, 0.15, 0.1667, 0.1833, 0.2, 0.2167, 0.2333, 0.25, 0.2667, 0.2833, 0.3, 0.3167, 0.3333, 0.35, 0.3667, 0.3833, 0.4, 0.4167, 0.4333, 0.45, 0.4667, 0.4833, 0.5, 0.5167, 0.5333, 0.55, 0.5667, 0.5833, 0.6, 0.6167, 0.6333, 0.65, 0.6667, 0.6833, 0.7, 0.7167, 0.7333, 0.75, 0.7667, 0.7833, 0.8, 0.8167, 0.8333, 0.85, 0.8667, 0.8833, 0.9, 0.9167, 0.9333, 0.95, 0.9667, 0.9833, 1.0, 1.0167, 1.0333, 1.05, 1.0667, 1.0833, 1.1, 1.1167, 1.1333, 1.15, 1.1667, 1.1833, 1.2, 1.2167, 1.2333, 1.25, 1.2667, 1.2833, 1.3, 1.3167, 1.3333, 1.35, 1.3667, 1.3833, 1.4, 1.4167, 1.4333, 1.45, 1.4667, 1.4833, 1.5, 1.5167, 1.5333, 1.55, 1.5667, 1.5833, 1.6, 1.6167, 1.6333, 1.65, 1.6667, 1.6833, 1.7, 1.7167, 1.7333, 1.75, 1.7667, 1.7833, 1.8, 1.8167, 1.8333, 1.85, 1.8667, 1.8833, 1.9, 1.9167, 1.9333, 1.95, 1.9667, 1.9833, 2.0, 2.0167, 2.0333, 2.05, 2.0667, 2.0833, 2.1, 2.1167, 2.1333, 2.15, 2.1667, 2.1833, 2.2, 2.2167, 2.2333, 2.25, 2.2667, 2.2833, 2.3, 2.3167, 2.3333, 2.35, 2.3667, 2.3833, 2.4, 2.4167, 2.4333, 2.45, 2.4667, 2.4833, 2.5, 2.5167, 2.5333, 2.55, 2.5667, 2.5833, 2.6, 2.6167, 2.6333, 2.65, 2.6667],
            "transform": [
                [0.901088, 0.018383, -0.433246, 0.0, -0.433195, 0.083195, -0.897452, 0.0, 0.019546, 0.996364, 0.082929, 0.557547, 0.0, 0.0, 0.0, 1.0],
                [0.901629, 0.018281, -0.432124, 0.0, -0.432073, 0.082979, -0.898013, 0.000463, 0.019441, 0.996384, 0.082715, 0.557547, 0.0, 0.0, 0.0, 1.0],
                [0.903198, 0.017984, -0.428848, 0.0, -0.428798, 0.082349, -0.899639, 0.001812, 0.019136, 0.996441, 0.082089, 0.557547, 0.0, 0.0, 0.0, 1.0],
                [0.905703, 0.017511, -0.423551, 0.0, -0.423503, 0.08133, -0.902237, 0.003987, 0.018648, 0.996533, 0.081077, 0.557547, 0.0, 0.0, 0.0, 1.0],
                [0.909043, 0.01688, -0.41636, 0.0, -0.416313, 0.079947, -0.9057, 0.006928, 0.017998, 0.996656, 0.079703, 0.557547, 0.0, 0.0, 0.0, 1.0],
                [0.91311, 0.016113, -0.407395, 0.0, -0.407351, 0.078223, -0.909916, 0.010574, 0.017206, 0.996806, 0.07799, 0.557547, 0.0, 0.0, 0.0, 1.0],
                [0.917788, 0.01523, -0.396779, 0.0, -0.396737, 0.076181, -0.914766, 0.014867, 0.016295, 0.996978, 0.075961, 0.557547, 0.0, 0.0, 0.0, 1.0],
                [0.92296, 0.014255, -0.384633, 0.0, -0.384593, 0.073846, -0.920128, 0.019745, 0.015287, 0.997168, 0.073639, 0.557547, 0.0, 0.0, 0.0, 1.0],
                [0.928508, 0.013209, -0.371078, 0.0, -0.371042, 0.07124, -0.92588, 0.025149, 0.014205, 0.997372, 0.071048, 0.557547, 0.0, 0.0, 0.0, 1.0],
                [0.934315, 0.012116, -0.356244, 0.0, -0.35621, 0.068388, -0.9319, 0.031019, 0.013072, 0.997585, 0.068212, 0.557547, 0.0, 0.0, 0.0, 1.0],
                [0.940267, 0.010996, -0.34026, 0.0, -0.340229, 0.065316, -0.938071, 0.037295, 0.011909, 0.997804, 0.065155, 0.557547, 0.0, 0.0, 0.0, 1.0],
                [0.946257, 0.00987, -0.323265, 0.0, -0.323238, 0.06205, -0.944281, 0.043916, 0.010738, 0.998024, 0.061905, 0.557547, 0.0, 0.0, 0.0, 1.0],
                [0.952183, 0.008758, -0.305403, 0.0, -0.305379, 0.058617, -0.950425, 0.050824, 0.009578, 0.998242, 0.058489, 0.557547, 0.0, 0.0, 0.0, 1.0],
                [0.957953, 0.007677, -0.286823, 0.0, -0.286802, 0.055047, -0.956407, 0.057957, 0.008447, 0.998454, 0.054934, 0.557547, 0.0, 0.0, 0.0, 1.0],
                [0.963484, 0.006642, -0.267682, 0.0, -0.267664, 0.05137, -0.962142, 0.065255, 0.00736, 0.998658, 0.051272, 0.557547, 0.0, 0.0, 0.0, 1.0],
                [0.968707, 0.005667, -0.248142, 0.0, -0.248126, 0.047617, -0.967557, 0.072659, 0.006333, 0.99885, 0.047533, 0.557547, 0.0, 0.0, 0.0, 1.0],
                [0.973563, 0.004762, -0.228369, 0.0, -0.228356, 0.04382, -0.972591, 0.080109, 0.005375, 0.999028, 0.043749, 0.557547, 0.0, 0.0, 0.0, 1.0],
                [0.978007, 0.003937, -0.208536, 0.0, -0.208524, 0.040011, -0.977198, 0.087544, 0.004497, 0.999191, 0.039952, 0.557547, 0.0, 0.0, 0.0, 1.0],
                [0.982007, 0.003196, -0.188816, 0.0, -0.188806, 0.036225, -0.981346, 0.094905, 0.003703, 0.999339, 0.036177, 0.557547, 0.0, 0.0, 0.0, 1.0],
                [0.985547, 0.002544, -0.169385, 0.0, -0.169378, 0.032495, -0.985015, 0.102132, 0.002998, 0.999469, 0.032456, 0.557547, 0.0, 0.0, 0.0, 1.0],
                [0.98862, 0.00198, -0.150422, 0.0, -0.150417, 0.028855, -0.988201, 0.109164, 0.002384, 0.999582, 0.028825, 0.557547, 0.0, 0.0, 0.0, 1.0],
                [0.991235, 0.001503, -0.132105, 0.0, -0.1321, 0.02534, -0.990912, 0.115941, 0.001858, 0.999678, 0.025316, 0.557547, 0.0, 0.0, 0.0, 1.0],
                [0.99341, 0.00111, -0.114608, 0.0, -0.114605, 0.021982, -0.993168, 0.122404, 0.001417, 0.999758, 0.021965, 0.557547, 0.0, 0.0, 0.0, 1.0],
                [0.995175, 0.000793, -0.098108, 0.0, -0.098105, 0.018817, -0.994998, 0.128493, 0.001057, 0.999823, 0.018804, 0.557547, 0.0, 0.0, 0.0, 1.0],
                [0.996568, 0.000547, -0.082776, 0.0, -0.082774, 0.015875, -0.996442, 0.134147, 0.000769, 0.999874, 0.015866, 0.557547, 0.0, 0.0, 0.0, 1.0],
                [0.997632, 0.000362, -0.068783, 0.0, -0.068782, 0.013191, -0.997545, 0.139306, 0.000546, 0.999913, 0.013185, 0.557547, 0.0, 0.0, 0.0, 1.0],
                [0.998414, 0.000229, -0.056295, 0.0, -0.056295, 0.010796, -0.998356, 0.143911, 0.00038, 0.999942, 0.010791, 0.557547, 0.0, 0.0, 0.0, 1.0],
                [0.998965, 0.000137, -0.045478, 0.0, -0.045478, 0.008721, -0.998927, 0.147901, 0.000259, 0.999962, 0.008718, 0.557547, 0.0, 0.0, 0.0, 1.0],
                [0.999334, 7.9e-05, -0.036494, 0.0, -0.036494, 0.006998, -0.999309, 0.151216, 0.000177, 0.999976, 0.006996, 0.557547, 0.0, 0.0, 0.0, 1.0],
                [0.999565, 4.4e-05, -0.029505, 0.0, -0.029504, 0.005658, -0.999549, 0.153797, 0.000123, 0.999984, 0.005656, 0.557547, 0.0, 0.0, 0.0, 1.0],
                [0.999696, 2.5e-05, -0.024669, 0.0, -0.024669, 0.00473, -0.999684, 0.155583, 9.1e-05, 0.999989, 0.004729, 0.557547, 0.0, 0.0, 0.0, 1.0],
                [0.999776, 1.4e-05, -0.021147, 0.0, -0.021147, 0.004055, -0.999768, 0.156884, 7.1e-05, 0.999992, 0.004054, 0.557547, 0.0, 0.0, 0.0, 1.0],
                [0.999838, 7e-06, -0.017978, 0.0, -0.017978, 0.003447, -0.999832, 0.158055, 5.5e-05, 0.999994, 0.003447, 0.557547, 0.0, 0.0, 0.0, 1.0],
                [0.999885, 2e-06, -0.015143, 0.0, -0.015143, 0.002904, -0.999881, 0.159103, 4.2e-05, 0.999996, 0.002903, 0.557547, 0.0, 0.0, 0.0, 1.0],
                [0.99992, -2e-06, -0.012623, 0.0, -0.012623, 0.00242, -0.999917, 0.160035, 3.2e-05, 0.999997, 0.00242, 0.557547, 0.0, 0.0, 0.0, 1.0],
                [0.999946, -4e-06, -0.0104, 0.0, -0.0104, 0.001994, -0.999944, 0.160857, 2.4e-05, 0.999998, 0.001994, 0.557547, 0.0, 0.0, 0.0, 1.0],
                [0.999964, -4e-06, -0.008455, 0.0, -0.008455, 0.001621, -0.999963, 0.161577, 1.8e-05, 0.999999, 0.001621, 0.557547, 0.0, 0.0, 0.0, 1.0],
                [0.999977, -5e-06, -0.006769, 0.0, -0.006769, 0.001298, -0.999976, 0.162201, 1.3e-05, 0.999999, 0.001298, 0.557547, 0.0, 0.0, 0.0, 1.0],
                [0.999986, -4e-06, -0.005323, 0.0, -0.005323, 0.001021, -0.999985, 0.162736, 1e-05, 0.999999, 0.001021, 0.557547, 0.0, 0.0, 0.0, 1.0],
                [0.999992, -4e-06, -0.0041, 0.0, -0.0041, 0.000786, -0.999991, 0.163188, 7e-06, 1.0, 0.000786, 0.557547, 0.0, 0.0, 0.0, 1.0],
                [0.999995, -3e-06, -0.00308, 0.0, -0.00308, 0.000591, -0.999995, 0.163566, 5e-06, 1.0, 0.000591, 0.557547, 0.0, 0.0, 0.0, 1.0],
                [0.999997, -3e-06, -0.002245, 0.0, -0.002245, 0.000431, -0.999997, 0.163875, 3e-06, 1.0, 0.000431, 0.557547, 0.0, 0.0, 0.0, 1.0],
                [0.999999, -2e-06, -0.001577, 0.0, -0.001577, 0.000302, -0.999999, 0.164122, 2e-06, 1.0, 0.000302, 0.557547, 0.0, 0.0, 0.0, 1.0],
                [0.999999, -1e-06, -0.001056, 0.0, -0.001056, 0.000203, -0.999999, 0.164315, 2e-06, 1.0, 0.000203, 0.557547, 0.0, 0.0, 0.0, 1.0],
                [1.0, -1e-06, -0.000665, 0.0, -0.000665, 0.000128, -1.0, 0.16446, 1e-06, 1.0, 0.000128, 0.557547, 0.0, 0.0, 0.0, 1.0],
                [1.0, -1e-06, -0.000385, 0.0, -0.000385, 7.4e-05, -1.0, 0.164564, 1e-06, 1.0, 7.4e-05, 0.557547, 0.0, 0.0, 0.0, 1.0],
                [1.0, -0.0, -0.000197, 0.0, -0.000197, 3.8e-05, -1.0, 0.164633, 0.0, 1.0, 3.8e-05, 0.557547, 0.0, 0.0, 0.0, 1.0],
                [1.0, -0.0, -8.3e-05, 0.0, -8.3e-05, 1.6e-05, -1.0, 0.164675, 0.0, 1.0, 1.6e-05, 0.557547, 0.0, 0.0, 0.0, 1.0],
                [1.0, -0.0, -2.5e-05, 0.0, -2.5e-05, 5e-06, -1.0, 0.164697, 0.0, 1.0, 5e-06, 0.557547, 0.0, 0.0, 0.0, 1.0],
                [1.0, -0.0, -3e-06, 0.0, -3e-06, 1e-06, -1.0, 0.164705, 0.0, 1.0, 1e-06, 0.557547, 0.0, 0.0, 0.0, 1.0],
                [1.0, -0.0, 0.0, 0.0, 0.0, 0.0, -1.0, 0.164706, 0.0, 1.0, 0.0, 0.557547, 0.0, 0.0, 0.0, 1.0],
                [1.0, 0.0, 0.0, 0.0, 0.0, 0.0, -1.0, 0.164706, 0.0, 1.0, 0.0, 0.564555, 0.0, 0.0, 0.0, 1.0],
                [1.0, 0.0, 0.0, 0.0, 0.0, 0.0, -1.0, 0.164706, 0.0, 1.0, 0.0, 0.581266, 0.0, 0.0, 0.0, 1.0],
                [1.0, 0.0, 0.0, 0.0, 0.0, 0.0, -1.0, 0.164706, 0.0, 1.0, 0.0, 0.601211, 0.0, 0.0, 0.0, 1.0],
                [1.0, 0.0, 0.0, 0.0, 0.0, 0.0, -1.0, 0.164706, 0.0, 1.0, 0.0, 0.617922, 0.0, 0.0, 0.0, 1.0],
                [1.0, 0.0, 0.0, 0.0, 0.0, 0.0, -1.0, 0.164706, 0.0, 1.0, 0.0, 0.62493, 0.0, 0.0, 0.0, 1.0],
                [1.0, 0.0, 0.0, 0.0, 0.0, 0.0, -1.0, 0.164706, 0.0, 1.0, 0.0, 0.62493, 0.0, 0.0, 0.0, 1.0],
                [1.0, 0.0, 0.0, 0.0, 0.0, 0.0, -1.0, 0.164706, 0.0, 1.0, 0.0, 0.62493, 0.0, 0.0, 0.0, 1.0],
                [1.0, 0.0, 0.0, 0.0, 0.0, 0.0, -1.0, 0.164706, 0.0, 1.0, 0.0, 0.62493, 0.0, 0.0, 0.0, 1.0],
                [1.0, 0.0, 0.0, 0.0, 0.0, 0.0, -1.0, 0.164706, 0.0, 1.0, 0.0, 0.62493, 0.0, 0.0, 0.0, 1.0],
                [1.0, 0.0, 0.0, 0.0, 0.0, 0.0, -1.0, 0.164706, 0.0, 1.0, 0.0, 0.62493, 0.0, 0.0, 0.0, 1.0],
                [1.0, 0.0, 0.0, 0.0, 0.0, 0.0, -1.0, 0.164706, 0.0, 1.0, 0.0, 0.62493, 0.0, 0.0, 0.0, 1.0],
                [1.0, 0.0, 0.0, 0.0, 0.0, 0.0, -1.0, 0.164706, 0.0, 1.0, 0.0, 0.62493, 0.0, 0.0, 0.0, 1.0],
                [1.0, 0.0, 0.0, 0.0, 0.0, 0.0, -1.0, 0.164706, 0.0, 1.0, 0.0, 0.62493, 0.0, 0.0, 0.0, 1.0],
                [1.0, 0.0, 0.0, 0.0, 0.0, 0.0, -1.0, 0.164706, 0.0, 1.0, 0.0, 0.62493, 0.0, 0.0, 0.0, 1.0],
                [1.0, 0.0, 0.0, 0.0, 0.0, 0.0, -1.0, 0.164706, 0.0, 1.0, 0.0, 0.62493, 0.0, 0.0, 0.0, 1.0],
                [1.0, 0.0, 0.0, 0.0, 0.0, 0.0, -1.0, 0.164706, 0.0, 1.0, 0.0, 0.62493, 0.0, 0.0, 0.0, 1.0],
                [1.0, 0.0, 0.0, 0.0, 0.0, 0.0, -1.0, 0.164706, 0.0, 1.0, 0.0, 0.62493, 0.0, 0.0, 0.0, 1.0],
                [1.0, 0.0, 0.0, 0.0, 0.0, 0.0, -1.0, 0.164706, 0.0, 1.0, 0.0, 0.62493, 0.0, 0.0, 0.0, 1.0],
                [1.0, 0.0, 0.0, 0.0, 0.0, 0.0, -1.0, 0.164706, 0.0, 1.0, 0.0, 0.62493, 0.0, 0.0, 0.0, 1.0],
                [1.0, 0.0, 0.0, 0.0, 0.0, 0.0, -1.0, 0.164706, 0.0, 1.0, 0.0, 0.62493, 0.0, 0.0, 0.0, 1.0],
                [1.0, 0.0, 0.0, 0.0, 0.0, 0.0, -1.0, 0.164646, 0.0, 1.0, 0.0, 0.624965, 0.0, 0.0, 0.0, 1.0],
                [1.0, 0.0, 0.0, 0.0, 0.0, 0.0, -1.0, 0.164466, 0.0, 1.0, 0.0, 0.625068, 0.0, 0.0, 0.0, 1.0],
                [1.0, 0.0, 0.0, 0.0, 0.0, 0.0, -1.0, 0.164169, 0.0, 1.0, 0.0, 0.625239, 0.0, 0.0, 0.0, 1.0],
                [1.0, 0.0, 0.0, 0.0, 0.0, 0.0, -1.0, 0.163759, 0.0, 1.0, 0.0, 0.625475, 0.0, 0.0, 0.0, 1.0],
                [1.0, 0.0, 0.0, 0.0, 0.0, 0.0, -1.0, 0.163238, 0.0, 1.0, 0.0, 0.625774, 0.0, 0.0, 0.0, 1.0],
                [1.0, 0.0, 0.0, 0.0, 0.0, 0.0, -1.0, 0.162608, 0.0, 1.0, 0.0, 0.626136, 0.0, 0.0, 0.0, 1.0],
                [1.0, 0.0, 0.0, 0.0, 0.0, 0.0, -1.0, 0.161872, 0.0, 1.0, 0.0, 0.626559, 0.0, 0.0, 0.0, 1.0],
                [1.0, 0.0, 0.0, 0.0, 0.0, 0.0, -1.0, 0.161033, 0.0, 1.0, 0.0, 0.627041, 0.0, 0.0, 0.0, 1.0],
                [1.0, 0.0, 0.0, 0.0, 0.0, 0.0, -1.0, 0.160094, 0.0, 1.0, 0.0, 0.627581, 0.0, 0.0, 0.0, 1.0],
                [1.0, 0.0, 0.0, 0.0, 0.0, 0.0, -1.0, 0.159058, 0.0, 1.0, 0.0, 0.628177, 0.0, 0.0, 0.0, 1.0],
                [1.0, 0.0, 0.0, 0.0, 0.0, 0.0, -1.0, 0.157926, 0.0, 1.0, 0.0, 0.628828, 0.0, 0.0, 0.0, 1.0],
                [1.0, 0.0, 0.0, 0.0, 0.0, 0.0, -1.0, 0.156703, 0.0, 1.0, 0.0, 0.629531, 0.0, 0.0, 0.0, 1.0],
                [1.0, 0.0, 0.0, 0.0, 0.0, 0.0, -1.0, 0.15539, 0.0, 1.0, 0.0, 0.630286, 0.0, 0.0, 0.0, 1.0],
                [1.0, 0.0, 0.0, 0.0, 0.0, 0.0, -1.0, 0.15399, 0.0, 1.0, 0.0, 0.631091, 0.0, 0.0, 0.0, 1.0],
                [1.0, 0.0, 0.0, 0.0, 0.0, 0.0, -1.0, 0.152506, 0.0, 1.0, 0.0, 0.631944, 0.0, 0.0, 0.0, 1.0],
                [1.0, 0.0, 0.0, 0.0, 0.0, 0.0, -1.0, 0.15094, 0.0, 1.0, 0.0, 0.632843, 0.0, 0.0, 0.0, 1.0],
                [1.0, 0.0, 0.0, 0.0, 0.0, 0.0, -1.0, 0.149297, 0.0, 1.0, 0.0, 0.633788, 0.0, 0.0, 0.0, 1.0],
                [1.0, 0.0, 0.0, 0.0, 0.0, 0.0, -1.0, 0.147577, 0.0, 1.0, 0.0, 0.634777, 0.0, 0.0, 0.0, 1.0],
                [1.0, 0.0, 0.0, 0.0, 0.0, 0.0, -1.0, 0.145784, 0.0, 1.0, 0.0, 0.635808, 0.0, 0.0, 0.0, 1.0],
                [1.0, 0.0, 0.0, 0.0, 0.0, 0.0, -1.0, 0.14392, 0.0, 1.0, 0.0, 0.636879, 0.0, 0.0, 0.0, 1.0],
                [1.0, 0.0, 0.0, 0.0, 0.0, 0.0, -1.0, 0.141989, 0.0, 1.0, 0.0, 0.637989, 0.0, 0.0, 0.0, 1.0],
                [1.0, 0.0, 0.0, 0.0, 0.0, 0.0, -1.0, 0.139993, 0.0, 1.0, 0.0, 0.639137, 0.0, 0.0, 0.0, 1.0],
                [1.0, 0.0, 0.0, 0.0, 0.0, 0.0, -1.0, 0.137934, 0.0, 1.0, 0.0, 0.64032, 0.0, 0.0, 0.0, 1.0],
                [1.0, 0.0, 0.0, 0.0, 0.0, 0.0, -1.0, 0.135816, 0.0, 1.0, 0.0, 0.641538, 0.0, 0.0, 0.0, 1.0],
                [1.0, 0.0, 0.0, 0.0, 0.0, 0.0, -1.0, 0.13364, 0.0, 1.0, 0.0, 0.642789, 0.0, 0.0, 0.0, 1.0],
                [1.0, 0.0, 0.0, 0.0, 0.0, 0.0, -1.0, 0.131411, 0.0, 1.0, 0.0, 0.64407, 0.0, 0.0, 0.0, 1.0],
                [1.0, 0.0, 0.0, 0.0, 0.0, 0.0, -1.0, 0.12913, 0.0, 1.0, 0.0, 0.645381, 0.0, 0.0, 0.0, 1.0],
                [1.0, 0.0, 0.0, 0.0, 0.0, 0.0, -1.0, 0.1268, 0.0, 1.0, 0.0, 0.646721, 0.0, 0.0, 0.0, 1.0],
                [1.0, 0.0, 0.0, 0.0, 0.0, 0.0, -1.0, 0.124424, 0.0, 1.0, 0.0, 0.648087, 0.0, 0.0, 0.0, 1.0],
                [1.0, 0.0, 0.0, 0.0, 0.0, 0.0, -1.0, 0.122005, 0.0, 1.0, 0.0, 0.649477, 0.0, 0.0, 0.0, 1.0],
                [1.0, 0.0, 0.0, 0.0, 0.0, 0.0, -1.0, 0.119545, 0.0, 1.0, 0.0, 0.650891, 0.0, 0.0, 0.0, 1.0],
                [1.0, 0.0, 0.0, 0.0, 0.0, 0.0, -1.0, 0.117047, 0.0, 1.0, 0.0, 0.652327, 0.0, 0.0, 0.0, 1.0],
                [1.0, 0.0, 0.0, 0.0, 0.0, 0.0, -1.0, 0.114514, 0.0, 1.0, 0.0, 0.653784, 0.0, 0.0, 0.0, 1.0],
                [1.0, 0.0, 0.0, 0.0, 0.0, 0.0, -1.0, 0.111948, 0.0, 1.0, 0.0, 0.655258, 0.0, 0.0, 0.0, 1.0],
                [1.0, 0.0, 0.0, 0.0, 0.0, 0.0, -1.0, 0.109352, 0.0, 1.0, 0.0, 0.656751, 0.0, 0.0, 0.0, 1.0],
                [1.0, 0.0, 0.0, 0.0, 0.0, 0.0, -1.0, 0.10673, 0.0, 1.0, 0.0, 0.658258, 0.0, 0.0, 0.0, 1.0],
                [1.0, 0.0, 0.0, 0.0, 0.0, 0.0, -1.0, 0.104083, 0.0, 1.0, 0.0, 0.65978, 0.0, 0.0, 0.0, 1.0],
                [1.0, 0.0, 0.0, 0.0, 0.0, 0.0, -1.0, 0.101414, 0.0, 1.0, 0.0, 0.661314, 0.0, 0.0, 0.0, 1.0],
                [1.0, 0.0, 0.0, 0.0, 0.0, 0.0, -1.0, 0.098726, 0.0, 1.0, 0.0, 0.662859, 0.0, 0.0, 0.0, 1.0],
                [1.0, 0.0, 0.0, 0.0, 0.0, 0.0, -1.0, 0.096022, 0.0, 1.0, 0.0, 0.664413, 0.0, 0.0, 0.0, 1.0],
                [1.0, 0.0, 0.0, 0.0, 0.0, 0.0, -1.0, 0.093305, 0.0, 1.0, 0.0, 0.665976, 0.0, 0.0, 0.0, 1.0],
                [1.0, 0.0, 0.0, 0.0, 0.0, 0.0, -1.0, 0.090576, 0.0, 1.0, 0.0, 0.667544, 0.0, 0.0, 0.0, 1.0],
                [1.0, 0.0, 0.0, 0.0, 0.0, 0.0, -1.0, 0.08784, 0.0, 1.0, 0.0, 0.669117, 0.0, 0.0, 0.0, 1.0],
                [1.0, 0.0, 0.0, 0.0, 0.0, 0.0, -1.0, 0.085098, 0.0, 1.0, 0.0, 0.670693, 0.0, 0.0, 0.0, 1.0],
                [1.0, 0.0, 0.0, 0.0, 0.0, 0.0, -1.0, 0.082353, 0.0, 1.0, 0.0, 0.672271, 0.0, 0.0, 0.0, 1.0],
                [1.0, 0.0, 0.0, 0.0, 0.0, 0.0, -1.0, 0.079608, 0.0, 1.0, 0.0, 0.673849, 0.0, 0.0, 0.0, 1.0],
                [1.0, 0.0, 0.0, 0.0, 0.0, 0.0, -1.0, 0.076867, 0.0, 1.0, 0.0, 0.675425, 0.0, 0.0, 0.0, 1.0],
                [1.0, 0.0, 0.0, 0.0, 0.0, 0.0, -1.0, 0.07413, 0.0, 1.0, 0.0, 0.676998, 0.0, 0.0, 0.0, 1.0],
                [1.0, 0.0, 0.0, 0.0, 0.0, 0.0, -1.0, 0.071402, 0.0, 1.0, 0.0, 0.678567, 0.0, 0.0, 0.0, 1.0],
                [1.0, 0.0, 0.0, 0.0, 0.0, 0.0, -1.0, 0.068684, 0.0, 1.0, 0.0, 0.680129, 0.0, 0.0, 0.0, 1.0],
                [1.0, 0.0, 0.0, 0.0, 0.0, 0.0, -1.0, 0.06598, 0.0, 1.0, 0.0, 0.681683, 0.0, 0.0, 0.0, 1.0],
                [1.0, 0.0, 0.0, 0.0, 0.0, 0.0, -1.0, 0.063292, 0.0, 1.0, 0.0, 0.683228, 0.0, 0.0, 0.0, 1.0],
                [1.0, 0.0, 0.0, 0.0, 0.0, 0.0, -1.0, 0.060624, 0.0, 1.0, 0.0, 0.684762, 0.0, 0.0, 0.0, 1.0],
                [1.0, 0.0, 0.0, 0.0, 0.0, 0.0, -1.0, 0.057977, 0.0, 1.0, 0.0, 0.686284, 0.0, 0.0, 0.0, 1.0],
                [1.0, 0.0, 0.0, 0.0, 0.0, 0.0, -1.0, 0.055354, 0.0, 1.0, 0.0, 0.687792, 0.0, 0.0, 0.0, 1.0],
                [1.0, 0.0, 0.0, 0.0, 0.0, 0.0, -1.0, 0.052758, 0.0, 1.0, 0.0, 0.689284, 0.0, 0.0, 0.0, 1.0],
                [1.0, 0.0, 0.0, 0.0, 0.0, 0.0, -1.0, 0.050193, 0.0, 1.0, 0.0, 0.690759, 0.0, 0.0, 0.0, 1.0],
                [1.0, 0.0, 0.0, 0.0, 0.0, 0.0, -1.0, 0.04766, 0.0, 1.0, 0.0, 0.692215, 0.0, 0.0, 0.0, 1.0],
                [1.0, 0.0, 0.0, 0.0, 0.0, 0.0, -1.0, 0.045162, 0.0, 1.0, 0.0, 0.693651, 0.0, 0.0, 0.0, 1.0],
                [1.0, 0.0, 0.0, 0.0, 0.0, 0.0, -1.0, 0.042702, 0.0, 1.0, 0.0, 0.695065, 0.0, 0.0, 0.0, 1.0],
                [1.0, 0.0, 0.0, 0.0, 0.0, 0.0, -1.0, 0.040282, 0.0, 1.0, 0.0, 0.696456, 0.0, 0.0, 0.0, 1.0],
                [1.0, 0.0, 0.0, 0.0, 0.0, 0.0, -1.0, 0.037906, 0.0, 1.0, 0.0, 0.697821, 0.0, 0.0, 0.0, 1.0],
                [1.0, 0.0, 0.0, 0.0, 0.0, 0.0, -1.0, 0.035577, 0.0, 1.0, 0.0, 0.699161, 0.0, 0.0, 0.0, 1.0],
                [1.0, 0.0, 0.0, 0.0, 0.0, 0.0, -1.0, 0.033296, 0.0, 1.0, 0.0, 0.700472, 0.0, 0.0, 0.0, 1.0],
                [1.0, 0.0, 0.0, 0.0, 0.0, 0.0, -1.0, 0.031066, 0.0, 1.0, 0.0, 0.701754, 0.0, 0.0, 0.0, 1.0],
                [1.0, 0.0, 0.0, 0.0, 0.0, 0.0, -1.0, 0.028891, 0.0, 1.0, 0.0, 0.703004, 0.0, 0.0, 0.0, 1.0],
                [1.0, 0.0, 0.0, 0.0, 0.0, 0.0, -1.0, 0.026772, 0.0, 1.0, 0.0, 0.704222, 0.0, 0.0, 0.0, 1.0],
                [1.0, 0.0, 0.0, 0.0, 0.0, 0.0, -1.0, 0.024714, 0.0, 1.0, 0.0, 0.705405, 0.0, 0.0, 0.0, 1.0],
                [1.0, 0.0, 0.0, 0.0, 0.0, 0.0, -1.0, 0.022717, 0.0, 1.0, 0.0, 0.706553, 0.0, 0.0, 0.0, 1.0],
                [1.0, 0.0, 0.0, 0.0, 0.0, 0.0, -1.0, 0.020786, 0.0, 1.0, 0.0, 0.707663, 0.0, 0.0, 0.0, 1.0],
                [1.0, 0.0, 0.0, 0.0, 0.0, 0.0, -1.0, 0.018922, 0.0, 1.0, 0.0, 0.708734, 0.0, 0.0, 0.0, 1.0],
                [1.0, 0.0, 0.0, 0.0, 0.0, 0.0, -1.0, 0.017129, 0.0, 1.0, 0.0, 0.709765, 0.0, 0.0, 0.0, 1.0],
                [1.0, 0.0, 0.0, 0.0, 0.0, 0.0, -1.0, 0.01541, 0.0, 1.0, 0.0, 0.710754, 0.0, 0.0, 0.0, 1.0],
                [1.0, 0.0, 0.0, 0.0, 0.0, 0.0, -1.0, 0.013766, 0.0, 1.0, 0.0, 0.711699, 0.0, 0.0, 0.0, 1.0],
                [1.0, 0.0, 0.0, 0.0, 0.0, 0.0, -1.0, 0.0122, 0.0, 1.0, 0.0, 0.712599, 0.0, 0.0, 0.0, 1.0],
                [1.0, 0.0, 0.0, 0.0, 0.0, 0.0, -1.0, 0.010717, 0.0, 1.0, 0.0, 0.713452, 0.0, 0.0, 0.0, 1.0],
                [1.0, 0.0, 0.0, 0.0, 0.0, 0.0, -1.0, 0.009317, 0.0, 1.0, 0.0, 0.714256, 0.0, 0.0, 0.0, 1.0],
                [1.0, 0.0, 0.0, 0.0, 0.0, 0.0, -1.0, 0.008003, 0.0, 1.0, 0.0, 0.715011, 0.0, 0.0, 0.0, 1.0],
                [1.0, 0.0, 0.0, 0.0, 0.0, 0.0, -1.0, 0.00678, 0.0, 1.0, 0.0, 0.715715, 0.0, 0.0, 0.0, 1.0],
                [1.0, 0.0, 0.0, 0.0, 0.0, 0.0, -1.0, 0.005648, 0.0, 1.0, 0.0, 0.716365, 0.0, 0.0, 0.0, 1.0],
                [1.0, 0.0, 0.0, 0.0, 0.0, 0.0, -1.0, 0.004612, 0.0, 1.0, 0.0, 0.716961, 0.0, 0.0, 0.0, 1.0],
                [1.0, 0.0, 0.0, 0.0, 0.0, 0.0, -1.0, 0.003673, 0.0, 1.0, 0.0, 0.717501, 0.0, 0.0, 0.0, 1.0],
                [1.0, 0.0, 0.0, 0.0, 0.0, 0.0, -1.0, 0.002834, 0.0, 1.0, 0.0, 0.717983, 0.0, 0.0, 0.0, 1.0],
                [1.0, 0.0, 0.0, 0.0, 0.0, 0.0, -1.0, 0.002099, 0.0, 1.0, 0.0, 0.718406, 0.0, 0.0, 0.0, 1.0],
                [1.0, 0.0, 0.0, 0.0, 0.0, 0.0, -1.0, 0.001469, 0.0, 1.0, 0.0, 0.718768, 0.0, 0.0, 0.0, 1.0],
                [1.0, 0.0, 0.0, 0.0, 0.0, 0.0, -1.0, 0.000947, 0.0, 1.0, 0.0, 0.719068, 0.0, 0.0, 0.0, 1.0],
                [1.0, 0.0, 0.0, 0.0, 0.0, 0.0, -1.0, 0.000537, 0.0, 1.0, 0.0, 0.719303, 0.0, 0.0, 0.0, 1.0],
                [1.0, 0.0, 0.0, 0.0, 0.0, 0.0, -1.0, 0.00024, 0.0, 1.0, 0.0, 0.719474, 0.0, 0.0, 0.0, 1.0],
                [1.0, 0.0, 0.0, 0.0, 0.0, 0.0, -1.0, 6.1e-05, 0.0, 1.0, 0.0, 0.719577, 0.0, 0.0, 0.0, 1.0],
                [1.0, 0.0, 0.0, 0.0, 0.0, 0.0, -1.0, 0.0, 0.0, 1.0, 0.0, 0.719612, 0.0, 0.0, 0.0, 1.0]
            ]
        },
        {
            "name": "body",
            "time": [0.0, 0.0167, 0.0333, 0.05, 0.0667, 0.0833, 0.1, 0.1167, 0.1333, 0.15, 0.1667, 0.1833, 0.2, 0.2167, 0.2333, 0.25, 0.2667, 0.2833, 0.3, 0.3167, 0.3333, 0.35, 0.3667, 0.3833, 0.4, 0.4167, 0.4333, 0.45, 0.4667, 0.4833, 0.5, 0.5167, 0.5333, 0.55, 0.5667, 0.5833, 0.6, 0.6167, 0.6333, 0.65, 0.6667, 0.6833, 0.7, 0.7167, 0.7333, 0.75, 0.7667, 0.7833, 0.8, 0.8167, 0.8333, 0.85, 0.8667, 0.8833, 0.9, 0.9167, 0.9333, 0.95, 0.9667, 0.9833, 1.0, 1.0167, 1.0333, 1.05, 1.0667, 1.0833, 1.1, 1.1167, 1.1333, 1.15, 1.1667, 1.1833, 1.2, 1.2167, 1.2333, 1.25, 1.2667, 1.2833, 1.3, 1.3167, 1.3333, 1.35, 1.3667, 1.3833, 1.4, 1.4167, 1.4333, 1.45, 1.4667, 1.4833, 1.5, 1.5167, 1.5333, 1.55, 1.5667, 1.5833, 1.6, 1.6167, 1.6333, 1.65, 1.6667, 1.6833, 1.7, 1.7167, 1.7333, 1.75, 1.7667, 1.7833, 1.8, 1.8167, 1.8333, 1.85, 1.8667, 1.8833, 1.9, 1.9167, 1.9333, 1.95, 1.9667, 1.9833, 2.0, 2.0167, 2.0333, 2.05, 2.0667, 2.0833, 2.1, 2.1167, 2.1333, 2.15, 2.1667, 2.1833, 2.2, 2.2167, 2.2333, 2.25, 2.2667, 2.2833, 2.3, 2.3167, 2.3333, 2.35, 2.3667, 2.3833, 2.4, 2.4167, 2.4333, 2.45, 2.4667, 2.4833, 2.5, 2.5167, 2.5333, 2.55, 2.5667, 2.5833, 2.6, 2.6167, 2.6333, 2.65, 2.6667],
            "transform": [
                [0.625034, 0.434225, -0.648676, -0.0, 0.038368, 0.812905, 0.581131, 0.06933, 0.779654, -0.388115, 0.491433, 0.0, 0.0, 0.0, 0.0, 1.0],
                [0.626687, 0.432591, -0.648173, 0.0, 0.037225, 0.814201, 0.579388, 0.06933, 0.778382, -0.387224, 0.494146, -0.0, 0.0, 0.0, 0.0, 1.0],
                [0.631506, 0.427818, -0.646661, 0.0, 0.033912, 0.817965, 0.574267, 0.06933, 0.774629, -0.384583, 0.502042, 0.0, 0.0, 0.0, 0.0, 1.0],
                [0.639283, 0.420101, -0.644075, -0.0, 0.028627, 0.823997, 0.56587, 0.06933, 0.768438, -0.380189, 0.514741, 0.0, 0.0, 0.0, 0.0, 1.0],
                [0.649806, 0.409625, -0.640282, 0.0, 0.021598, 0.832074, 0.554244, 0.06933, 0.759794, -0.37398, 0.531839, -0.0, 0.0, 0.0, 0.0, 1.0],
                [0.662853, 0.396579, -0.6351, -0.0, 0.013081, 0.84195, 0.539396, 0.06933, 0.748635, -0.365848, 0.552902, -0.0, 0.0, 0.0, 0.0, 1.0],
                [0.678189, 0.381163, -0.628311, 0.0, 0.003359, 0.853359, 0.521313, 0.06933, 0.73488, -0.355659, 0.577458, 0.0, 0.0, 0.0, 0.0, 1.0],
                [0.695555, 0.363596, -0.619679, -0.0, -0.007259, 0.866006, 0.499981, 0.06933, 0.718437, -0.343266, 0.604994, 0.0, 0.0, 0.0, 0.0, 1.0],
                [0.714668, 0.344119, -0.60896, 0.0, -0.01844, 0.879576, 0.475402, 0.06933, 0.699221, -0.328525, 0.63495, -0.0, 0.0, 0.0, 0.0, 1.0],
                [0.735215, 0.323003, -0.595926, -0.0, -0.029834, 0.89373, 0.447611, 0.06933, 0.677177, -0.311311, 0.66672, -0.0, 0.0, 0.0, 0.0, 1.0],
                [0.756854, 0.300551, -0.580381, -0.0, -0.041081, 0.908116, 0.416698, 0.06933, 0.652292, -0.291537, 0.699658, 0.0, 0.0, 0.0, 0.0, 1.0],
                [0.779216, 0.277096, -0.562175, 0.0, -0.051818, 0.922371, 0.382814, 0.06933, 0.62461, -0.269164, 0.733084, 0.0, 0.0, 0.0, 0.0, 1.0],
                [0.801913, 0.252999, -0.541228, -0.0, -0.061694, 0.936134, 0.34619, 0.06933, 0.594247, -0.244224, 0.766306, -0.0, 0.0, 0.0, 0.0, 1.0],
                [0.824546, 0.228639, -0.51754, -0.0, -0.070386, 0.949059, 0.307138, 0.06933, 0.561399, -0.216822, 0.798636, 0.0, 0.0, 0.0, 0.0, 1.0],
                [0.846721, 0.204404, -0.491206, -0.0, -0.077608, 0.96083, 0.26605, 0.06933, 0.526347, -0.187148, 0.829418, 0.0, 0.0, 0.0, 0.0, 1.0],
                [0.868059, 0.180675, -0.462418, 0.0, -0.083133, 0.971176, 0.223396, 0.06933, 0.489451, -0.155479, 0.858058, 0.0, 0.0, 0.0, 0.0, 1.0],
                [0.888217, 0.157814, -0.43147, -0.0, -0.086802, 0.979882, 0.179711, 0.06933, 0.45115, -0.122169, 0.884046, 0.0, 0.0, 0.0, 0.0, 1.0],
                [0.9069, 0.136146, -0.398744, 0.0, -0.088533, 0.986804, 0.135572, 0.06933, 0.41194, -0.087648, 0.906986, 0.0, 0.0, 0.0, 0.0, 1.0],
                [0.923875, 0.115948, -0.364707, 0.0, -0.088328, 0.991872, 0.091583, 0.06933, 0.372361, -0.052398, 0.926608, 0.0, 0.0, 0.0, 0.0, 1.0],
                [0.938981, 0.097435, -0.32988, 0.0, -0.086273, 0.995098, 0.048347, 0.06933, 0.332973, -0.016937, 0.942784, 0.0, 0.0, 0.0, 0.0, 1.0],
                [0.952131, 0.080756, -0.294829, -0.0, -0.08253, 0.996568, 0.006442, 0.06933, 0.294337, 0.018198, 0.955528, 0.0, 0.0, 0.0, 0.0, 1.0],
                [0.963315, 0.06599, -0.260135, 0.0, -0.07733, 0.99644, -0.033592, 0.06933, 0.256992, 0.052476, 0.964988, 0.0, 0.0, 0.0, 0.0, 1.0],
                [0.972589, 0.05315, -0.226375, -0.0, -0.07096, 0.994929, -0.071277, 0.06933, 0.221439, 0.085387, 0.971429, -0.0, 0.0, 0.0, 0.0, 1.0],
                [0.980073, 0.042188, -0.194106, -0.0, -0.063747, 0.992299, -0.106198, 0.069331, 0.188131, 0.116456, 0.975215, -0.0, 0.0, 0.0, 0.0, 1.0],
                [0.985933, 0.033009, -0.163848, 0.0, -0.056042, 0.988844, -0.138011, 0.06933, 0.157465, 0.145252, 0.976784, -0.0, 0.0, 0.0, 0.0, 1.0],
                [0.99037, 0.025478, -0.136081, -0.0, -0.048205, 0.984874, -0.166434, 0.069331, 0.129783, 0.171391, 0.976617, 0.0, 0.0, 0.0, 0.0, 1.0],
                [0.993604, 0.019438, -0.111238, 0.0, -0.040596, 0.980703, -0.191245, 0.06933, 0.105374, 0.194537, 0.975219, -0.0, 0.0, 0.0, 0.0, 1.0],
                [0.99586, 0.01472, -0.089707, -0.0, -0.033557, 0.976637, -0.212262, 0.06933, 0.084486, 0.214393, 0.973086, 0.0, 0.0, 0.0, 0.0, 1.0],
                [0.997354, 0.011163, -0.071839, -0.0, -0.027409, 0.972962, -0.229333, 0.06933, 0.067337, 0.230695, 0.970693, 0.0, 0.0, 0.0, 0.0, 1.0],
                [0.998282, 0.00862, -0.057956, 0.0, -0.022443, 0.969938, -0.242315, 0.06933, 0.054125, 0.243199, 0.968465, 0.0, 0.0, 0.0, 0.0, 1.0],
                [0.998806, 0.006974, -0.048357, 0.0, -0.018913, 0.967788, -0.251056, 0.06933, 0.045049, 0.251671, 0.966764, 0.0, 0.0, 0.0, 0.0, 1.0],
                [0.999127, 0.005834, -0.041377, -0.0, -0.016297, 0.966198, -0.257285, 0.06933, 0.038477, 0.257735, 0.965449, -0.0, 0.0, 0.0, 0.0, 1.0],
                [0.999371, 0.00485, -0.035121, -0.0, -0.01392, 0.96473, -0.262873, 0.06933, 0.032607, 0.263197, 0.964191, 0.0, 0.0, 0.0, 0.0, 1.0],
                [0.999556, 0.004003, -0.029544, 0.0, -0.011776, 0.963385, -0.267863, 0.06933, 0.02739, 0.268092, 0.963004, 0.0, 0.0, 0.0, 0.0, 1.0],
                [0.999692, 0.003277, -0.024601, 0.0, -0.009855, 0.962163, -0.272298, 0.06933, 0.022778, 0.272456, 0.961899, 0.0, 0.0, 0.0, 0.0, 1.0],
                [0.999791, 0.002656, -0.020251, 0.0, -0.008148, 0.961062, -0.276213, 0.06933, 0.018729, 0.276321, 0.960883, -0.0, 0.0, 0.0, 0.0, 1.0],
                [0.999863, 0.002128, -0.016452, 0.0, -0.006645, 0.96008, -0.279646, 0.06933, 0.0152, 0.279717, 0.959962, 0.0, 0.0, 0.0, 0.0, 1.0],
                [0.999912, 0.001682, -0.013164, -0.0, -0.005334, 0.959215, -0.282629, 0.06933, 0.012152, 0.282674, 0.959139, -0.0, 0.0, 0.0, 0.0, 1.0],
                [0.999946, 0.001308, -0.010349, 0.0, -0.004206, 0.958461, -0.285194, 0.06933, 0.009546, 0.285222, 0.958414, -0.0, 0.0, 0.0, 0.0, 1.0],
                [0.999968, 0.000998, -0.007969, 0.0, -0.003246, 0.957814, -0.28737, 0.069331, 0.007346, 0.287386, 0.957787, -0.0, 0.0, 0.0, 0.0, 1.0],
                [0.999982, 0.000744, -0.005985, -0.0, -0.002443, 0.95727, -0.289186, 0.06933, 0.005514, 0.289195, 0.957254, -0.0, 0.0, 0.0, 0.0, 1.0],
                [0.99999, 0.000539, -0.004362, 0.0, -0.001784, 0.956822, -0.290669, 0.06933, 0.004017, 0.290674, 0.956814, 0.0, 0.0, 0.0, 0.0, 1.0],
                [0.999995, 0.000376, -0.003063, -0.0, -0.001254, 0.956464, -0.291847, 0.06933, 0.00282, 0.291849, 0.95646, -0.0, 0.0, 0.0, 0.0, 1.0],
                [0.999998, 0.000251, -0.002052, -0.0, -0.000841, 0.95619, -0.292745, 0.06933, 0.001888, 0.292746, 0.956188, -0.0, 0.0, 0.0, 0.0, 1.0],
                [0.999999, 0.000158, -0.001292, 0.0, -0.00053, 0.955993, -0.293389, 0.06933, 0.001188, 0.29339, 0.955992, 0.0, 0.0, 0.0, 0.0, 1.0],
                [1.0, 9.1e-05, -0.000747, -0.0, -0.000307, 0.955866, -0.293804, 0.06933, 0.000687, 0.293804, 0.955865, 0.0, 0.0, 0.0, 0.0, 1.0],
                [1.0, 4.7e-05, -0.000382, 0.0, -0.000157, 0.955801, -0.294016, 0.06933, 0.000352, 0.294016, 0.955801, -0.0, 0.0, 0.0, 0.0, 1.0],
                [1.0, 2e-05, -0.000161, 0.0, -6.6e-05, 0.955791, -0.294048, 0.06933, 0.000148, 0.294048, 0.95579, -0.0, 0.0, 0.0, 0.0, 1.0],
                [1.0, 6e-06, -4.8e-05, 0.0, -2e-05, 0.955828, -0.293927, 0.06933, 4.4e-05, 0.293927, 0.955828, -0.0, 0.0, 0.0, 0.0, 1.0],
                [1.0, 1e-06, -6e-06, 0.0, -2e-06, 0.955904, -0.293678, 0.06933, 5e-06, 0.293678, 0.955904, -0.0, 0.0, 0.0, 0.0, 1.0],
                [1.0, 0.0, -0.0, 0.0, -0.0, 0.956013, -0.293325, 0.06933, 0.0, 0.293325, 0.956013, 0.0, 0.0, 0.0, 0.0, 1.0],
                [1.0, -0.0, -0.0, 0.0, 0.0, 0.958876, -0.283826, 0.06933, 0.0, 0.283826, 0.958876, 0.0, 0.0, 0.0, 0.0, 1.0],
                [1.0, 0.0, -0.0, 0.0, -0.0, 0.965165, -0.261641, 0.06933, 0.0, 0.261641, 0.965165, 0.0, 0.0, 0.0, 0.0, 1.0],
                [1.0, 0.0, -0.0, 0.0, -0.0, 0.971973, -0.23509, 0.06933, 0.0, 0.23509, 0.971973, 0.0, 0.0, 0.0, 0.0, 1.0],
                [1.0, 0.0, -0.0, 0.0, -0.0, 0.97711, -0.212733, 0.06933, 0.0, 0.212733, 0.97711, 0.0, 0.0, 0.0, 0.0, 1.0],
                [1.0, 0.0, 0.0, 0.0, 0.0, 0.979111, -0.203327, 0.06933, 0.0, 0.203327, 0.979111, 0.0, 0.0, 0.0, 0.0, 1.0],
                [1.0, 0.0, 0.0, 0.0, 0.0, 0.979111, -0.203327, 0.06933, 0.0, 0.203327, 0.979111, 0.0, 0.0, 0.0, 0.0, 1.0],
                [1.0, 0.0, 0.0, 0.0, 0.0, 0.979111, -0.203327, 0.06933, 0.0, 0.203327, 0.979111, 0.0, 0.0, 0.0, 0.0, 1.0],
                [1.0, 0.0, 0.0, 0.0, 0.0, 0.979111, -0.203327, 0.06933, 0.0, 0.203327, 0.979111, 0.0, 0.0, 0.0, 0.0, 1.0],
                [1.0, 0.0, 0.0, 0.0, 0.0, 0.979111, -0.203327, 0.06933, 0.0, 0.203327, 0.979111, 0.0, 0.0, 0.0, 0.0, 1.0],
                [1.0, 0.0, 0.0, 0.0, 0.0, 0.979111, -0.203327, 0.06933, 0.0, 0.203327, 0.979111, 0.0, 0.0, 0.0, 0.0, 1.0],
                [1.0, 0.0, 0.0, 0.0, 0.0, 0.979111, -0.203327, 0.06933, 0.0, 0.203327, 0.979111, 0.0, 0.0, 0.0, 0.0, 1.0],
                [1.0, 0.0, 0.0, 0.0, 0.0, 0.979111, -0.203327, 0.06933, 0.0, 0.203327, 0.979111, 0.0, 0.0, 0.0, 0.0, 1.0],
                [1.0, 0.0, 0.0, 0.0, 0.0, 0.979111, -0.203327, 0.06933, 0.0, 0.203327, 0.979111, 0.0, 0.0, 0.0, 0.0, 1.0],
                [1.0, 0.0, 0.0, 0.0, 0.0, 0.979111, -0.203327, 0.06933, 0.0, 0.203327, 0.979111, 0.0, 0.0, 0.0, 0.0, 1.0],
                [1.0, 0.0, 0.0, 0.0, 0.0, 0.979111, -0.203327, 0.06933, 0.0, 0.203327, 0.979111, 0.0, 0.0, 0.0, 0.0, 1.0],
                [1.0, 0.0, 0.0, 0.0, 0.0, 0.979111, -0.203327, 0.06933, 0.0, 0.203327, 0.979111, 0.0, 0.0, 0.0, 0.0, 1.0],
                [1.0, 0.0, 0.0, 0.0, 0.0, 0.979111, -0.203327, 0.06933, 0.0, 0.203327, 0.979111, 0.0, 0.0, 0.0, 0.0, 1.0],
                [1.0, 0.0, 0.0, 0.0, 0.0, 0.979111, -0.203327, 0.06933, 0.0, 0.203327, 0.979111, 0.0, 0.0, 0.0, 0.0, 1.0],
                [1.0, 0.0, 0.0, 0.0, 0.0, 0.979111, -0.203327, 0.06933, 0.0, 0.203327, 0.979111, 0.0, 0.0, 0.0, 0.0, 1.0],
                [1.0, 0.0, 0.0, 0.0, 0.0, 0.979111, -0.203327, 0.06933, 0.0, 0.203327, 0.979111, 0.0, 0.0, 0.0, 0.0, 1.0],
                [1.0, 0.0, 0.0, 0.0, 0.0, 0.979119, -0.203288, 0.06933, 0.0, 0.203288, 0.979119, 0.0, 0.0, 0.0, 0.0, 1.0],
                [1.0, 0.0, 0.0, 0.0, 0.0, 0.979143, -0.203172, 0.06933, 0.0, 0.203172, 0.979143, 0.0, 0.0, 0.0, 0.0, 1.0],
                [1.0, 0.0, 0.0, 0.0, 0.0, 0.979183, -0.20298, 0.06933, 0.0, 0.20298, 0.979183, 0.0, 0.0, 0.0, 0.0, 1.0],
                [1.0, 0.0, 0.0, 0.0, 0.0, 0.979238, -0.202714, 0.06933, 0.0, 0.202714, 0.979238, 0.0, 0.0, 0.0, 0.0, 1.0],
                [1.0, 0.0, 0.0, 0.0, 0.0, 0.979308, -0.202377, 0.06933, 0.0, 0.202377, 0.979308, 0.0, 0.0, 0.0, 0.0, 1.0],
                [1.0, 0.0, 0.0, 0.0, 0.0, 0.979392, -0.201969, 0.06933, 0.0, 0.201969, 0.979392, 0.0, 0.0, 0.0, 0.0, 1.0],
                [1.0, 0.0, 0.0, 0.0, 0.0, 0.97949, -0.201493, 0.06933, 0.0, 0.201493, 0.97949, 0.0, 0.0, 0.0, 0.0, 1.0],
                [1.0, 0.0, 0.0, 0.0, 0.0, 0.979601, -0.20095, 0.06933, 0.0, 0.20095, 0.979601, 0.0, 0.0, 0.0, 0.0, 1.0],
                [1.0, 0.0, 0.0, 0.0, 0.0, 0.979726, -0.200342, 0.06933, 0.0, 0.200342, 0.979726, 0.0, 0.0, 0.0, 0.0, 1.0],
                [1.0, 0.0, 0.0, 0.0, 0.0, 0.979863, -0.199671, 0.06933, 0.0, 0.199671, 0.979863, 0.0, 0.0, 0.0, 0.0, 1.0],
                [1.0, 0.0, 0.0, 0.0, 0.0, 0.980012, -0.198938, 0.06933, 0.0, 0.198938, 0.980012, 0.0, 0.0, 0.0, 0.0, 1.0],
                [1.0, 0.0, 0.0, 0.0, 0.0, 0.980173, -0.198145, 0.06933, 0.0, 0.198145, 0.980173, 0.0, 0.0, 0.0, 0.0, 1.0],
                [1.0, 0.0, 0.0, 0.0, 0.0, 0.980344, -0.197294, 0.06933, 0.0, 0.197294, 0.980344, 0.0, 0.0, 0.0, 0.0, 1.0],
                [1.0, 0.0, 0.0, 0.0, 0.0, 0.980526, -0.196387, 0.06933, 0.0, 0.196387, 0.980526, 0.0, 0.0, 0.0, 0.0, 1.0],
                [1.0, 0.0, 0.0, 0.0, 0.0, 0.980718, -0.195425, 0.06933, 0.0, 0.195425, 0.980718, 0.0, 0.0, 0.0, 0.0, 1.0],
                [1.0, 0.0, 0.0, 0.0, 0.0, 0.98092, -0.194411, 0.06933, 0.0, 0.194411, 0.98092, 0.0, 0.0, 0.0, 0.0, 1.0],
                [1.0, 0.0, 0.0, 0.0, 0.0, 0.981131, -0.193345, 0.06933, 0.0, 0.193345, 0.981131, 0.0, 0.0, 0.0, 0.0, 1.0],
                [1.0, 0.0, 0.0, 0.0, 0.0, 0.98135, -0.192229, 0.06933, 0.0, 0.192229, 0.98135, 0.0, 0.0, 0.0, 0.0, 1.0],
                [1.0, 0.0, 0.0, 0.0, 0.0, 0.981577, -0.191066, 0.06933, 0.0, 0.191066, 0.981577, 0.0, 0.0, 0.0, 0.0, 1.0],
                [1.0, 0.0, 0.0, 0.0, 0.0, 0.981812, -0.189856, 0.06933, 0.0, 0.189856, 0.981812, 0.0, 0.0, 0.0, 0.0, 1.0],
                [1.0, 0.0, 0.0, 0.0, 0.0, 0.982053, -0.188603, 0.06933, 0.0, 0.188603, 0.982053, 0.0, 0.0, 0.0, 0.0, 1.0],
                [1.0, 0.0, 0.0, 0.0, 0.0, 0.982302, -0.187307, 0.06933, 0.0, 0.187307, 0.982302, 0.0, 0.0, 0.0, 0.0, 1.0],
                [1.0, 0.0, 0.0, 0.0, 0.0, 0.982555, -0.185969, 0.06933, 0.0, 0.185969, 0.982555, 0.0, 0.0, 0.0, 0.0, 1.0],
                [1.0, 0.0, 0.0, 0.0, 0.0, 0.982815, -0.184593, 0.06933, 0.0, 0.184593, 0.982815, 0.0, 0.0, 0.0, 0.0, 1.0],
                [1.0, 0.0, 0.0, 0.0, 0.0, 0.983079, -0.18318, 0.06933, 0.0, 0.18318, 0.983079, 0.0, 0.0, 0.0, 0.0, 1.0],
                [1.0, 0.0, 0.0, 0.0, 0.0, 0.983348, -0.18173, 0.06933, 0.0, 0.18173, 0.983348, 0.0, 0.0, 0.0, 0.0, 1.0],
                [1.0, 0.0, 0.0, 0.0, 0.0, 0.983621, -0.180247, 0.06933, 0.0, 0.180247, 0.983621, 0.0, 0.0, 0.0, 0.0, 1.0],
                [1.0, 0.0, 0.0, 0.0, 0.0, 0.983898, -0.178731, 0.06933, 0.0, 0.178731, 0.983898, 0.0, 0.0, 0.0, 0.0, 1.0],
                [1.0, 0.0, 0.0, 0.0, 0.0, 0.984177, -0.177186, 0.06933, 0.0, 0.177186, 0.984177, 0.0, 0.0, 0.0, 0.0, 1.0],
                [1.0, 0.0, 0.0, 0.0, 0.0, 0.98446, -0.175611, 0.06933, 0.0, 0.175611, 0.98446, 0.0, 0.0, 0.0, 0.0, 1.0],
                [1.0, 0.0, 0.0, 0.0, 0.0, 0.984744, -0.174009, 0.06933, 0.0, 0.174009, 0.984744, 0.0, 0.0, 0.0, 0.0, 1.0],
                [1.0, 0.0, 0.0, 0.0, 0.0, 0.98503, -0.172383, 0.06933, 0.0, 0.172383, 0.98503, 0.0, 0.0, 0.0, 0.0, 1.0],
                [1.0, 0.0, 0.0, 0.0, 0.0, 0.985317, -0.170732, 0.06933, 0.0, 0.170732, 0.985317, 0.0, 0.0, 0.0, 0.0, 1.0],
                [1.0, 0.0, 0.0, 0.0, 0.0, 0.985606, -0.16906, 0.06933, 0.0, 0.16906, 0.985606, 0.0, 0.0, 0.0, 0.0, 1.0],
                [1.0, 0.0, 0.0, 0.0, 0.0, 0.985894, -0.167368, 0.06933, 0.0, 0.167368, 0.985894, 0.0, 0.0, 0.0, 0.0, 1.0],
                [1.0, 0.0, 0.0, 0.0, 0.0, 0.986183, -0.165658, 0.06933, 0.0, 0.165658, 0.986183, 0.0, 0.0, 0.0, 0.0, 1.0],
                [1.0, 0.0, 0.0, 0.0, 0.0, 0.986472, -0.163932, 0.06933, 0.0, 0.163932, 0.986472, 0.0, 0.0, 0.0, 0.0, 1.0],
                [1.0, 0.0, 0.0, 0.0, 0.0, 0.986759, -0.16219, 0.06933, 0.0, 0.16219, 0.986759, 0.0, 0.0, 0.0, 0.0, 1.0],
                [1.0, 0.0, 0.0, 0.0, 0.0, 0.987046, -0.160436, 0.06933, 0.0, 0.160436, 0.987046, 0.0, 0.0, 0.0, 0.0, 1.0],
                [1.0, 0.0, 0.0, 0.0, 0.0, 0.987332, -0.158671, 0.06933, 0.0, 0.158671, 0.987332, 0.0, 0.0, 0.0, 0.0, 1.0],
                [1.0, 0.0, 0.0, 0.0, 0.0, 0.987615, -0.156896, 0.06933, 0.0, 0.156896, 0.987615, 0.0, 0.0, 0.0, 0.0, 1.0],
                [1.0, 0.0, 0.0, 0.0, 0.0, 0.987897, -0.155114, 0.06933, 0.0, 0.155114, 0.987897, 0.0, 0.0, 0.0, 0.0, 1.0],
                [1.0, 0.0, 0.0, 0.0, 0.0, 0.988176, -0.153326, 0.06933, 0.0, 0.153326, 0.988176, 0.0, 0.0, 0.0, 0.0, 1.0],
                [1.0, 0.0, 0.0, 0.0, 0.0, 0.988452, -0.151534, 0.06933, 0.0, 0.151534, 0.988452, 0.0, 0.0, 0.0, 0.0, 1.0],
                [1.0, 0.0, 0.0, 0.0, 0.0, 0.988725, -0.149739, 0.06933, 0.0, 0.149739, 0.988725, 0.0, 0.0, 0.0, 0.0, 1.0],
                [1.0, 0.0, 0.0, 0.0, 0.0, 0.988996, -0.147944, 0.06933, 0.0, 0.147944, 0.988996, 0.0, 0.0, 0.0, 0.0, 1.0],
                [1.0, 0.0, 0.0, 0.0, 0.0, 0.989262, -0.146151, 0.06933, 0.0, 0.146151, 0.989262, 0.0, 0.0, 0.0, 0.0, 1.0],
                [1.0, 0.0, 0.0, 0.0, 0.0, 0.989525, -0.14436, 0.06933, 0.0, 0.14436, 0.989525, 0.0, 0.0, 0.0, 0.0, 1.0],
                [1.0, 0.0, 0.0, 0.0, 0.0, 0.989784, -0.142574, 0.06933, 0.0, 0.142574, 0.989784, 0.0, 0.0, 0.0, 0.0, 1.0],
                [1.0, 0.0, 0.0, 0.0, 0.0, 0.990039, -0.140795, 0.06933, 0.0, 0.140795, 0.990039, 0.0, 0.0, 0.0, 0.0, 1.0],
                [1.0, 0.0, 0.0, 0.0, 0.0, 0.990289, -0.139025, 0.06933, 0.0, 0.139025, 0.990289, 0.0, 0.0, 0.0, 0.0, 1.0],
                [1.0, 0.0, 0.0, 0.0, 0.0, 0.990534, -0.137264, 0.06933, 0.0, 0.137264, 0.990534, 0.0, 0.0, 0.0, 0.0, 1.0],
                [1.0, 0.0, 0.0, 0.0, 0.0, 0.990775, -0.135516, 0.06933, 0.0, 0.135516, 0.990775, 0.0, 0.0, 0.0, 0.0, 1.0],
                [1.0, 0.0, 0.0, 0.0, 0.0, 0.991011, -0.133781, 0.06933, 0.0, 0.133781, 0.991011, 0.0, 0.0, 0.0, 0.0, 1.0],
                [1.0, 0.0, 0.0, 0.0, 0.0, 0.991241, -0.132062, 0.06933, 0.0, 0.132062, 0.991241, 0.0, 0.0, 0.0, 0.0, 1.0],
                [1.0, 0.0, 0.0, 0.0, 0.0, 0.991467, -0.130361, 0.06933, 0.0, 0.130361, 0.991467, 0.0, 0.0, 0.0, 0.0, 1.0],
                [1.0, 0.0, 0.0, 0.0, 0.0, 0.991686, -0.128679, 0.06933, 0.0, 0.128679, 0.991686, 0.0, 0.0, 0.0, 0.0, 1.0],
                [1.0, 0.0, 0.0, 0.0, 0.0, 0.991901, -0.127017, 0.06933, 0.0, 0.127017, 0.991901, 0.0, 0.0, 0.0, 0.0, 1.0],
                [1.0, 0.0, 0.0, 0.0, 0.0, 0.992109, -0.125379, 0.06933, 0.0, 0.125379, 0.992109, 0.0, 0.0, 0.0, 0.0, 1.0],
                [1.0, 0.0, 0.0, 0.0, 0.0, 0.992312, -0.123765, 0.06933, 0.0, 0.123765, 0.992312, 0.0, 0.0, 0.0, 0.0, 1.0],
                [1.0, 0.0, 0.0, 0.0, 0.0, 0.992508, -0.122177, 0.06933, 0.0, 0.122177, 0.992508, 0.0, 0.0, 0.0, 0.0, 1.0],
                [1.0, 0.0, 0.0, 0.0, 0.0, 0.992699, -0.120618, 0.06933, 0.0, 0.120618, 0.992699, 0.0, 0.0, 0.0, 0.0, 1.0],
                [1.0, 0.0, 0.0, 0.0, 0.0, 0.992884, -0.119089, 0.06933, 0.0, 0.119089, 0.992884, 0.0, 0.0, 0.0, 0.0, 1.0],
                [1.0, 0.0, 0.0, 0.0, 0.0, 0.993062, -0.117591, 0.06933, 0.0, 0.117591, 0.993062, 0.0, 0.0, 0.0, 0.0, 1.0],
