{
    "animation": [
        {
            "name": "Root",
            "time": [0.0, 0.0167, 0.0333, 0.05, 0.0667, 0.0833, 0.1, 0.1167, 0.1333, 0.15, 0.1667, 0.1833, 0.2, 0.2167, 0.2333, 0.25, 0.2667, 0.2833, 0.3, 0.3167, 0.3333, 0.35, 0.3667, 0.3833, 0.4, 0.4167, 0.4333, 0.45, 0.4667, 0.4833, 0.5, 0.5167, 0.5333, 0.55, 0.5667, 0.5833, 0.6, 0.6167, 0.6333, 0.65, 0.6667, 0.6833, 0.7, 0.7167, 0.7333, 0.75, 0.7667, 0.7833, 0.8, 0.8167, 0.8333, 0.85, 0.8667, 0.8833, 0.9, 0.9167, 0.9333, 0.95, 0.9667, 0.9833, 1.0, 1.0167, 1.0333, 1.05, 1.0667, 1.0833, 1.1, 1.1167, 1.1333, 1.15, 1.1667, 1.1833, 1.2, 1.2167, 1.2333, 1.25, 1.2667, 1.2833, 1.3, 1.3167, 1.3333, 1.35, 1.3667, 1.3833, 1.4, 1.4167, 1.4333, 1.45, 1.4667, 1.4833, 1.5, 1.5167, 1.5333, 1.55, 1.5667, 1.5833, 1.6, 1.6167, 1.6333, 1.65, 1.6667, 1.6833, 1.7, 1.7167, 1.7333, 1.75, 1.7667, 1.7833, 1.8, 1.8167, 1.8333, 1.85, 1.8667, 1.8833, 1.9, 1.9167, 1.9333, 1.95, 1.9667, 1.9833, 2.0, 2.0167, 2.0333, 2.05, 2.0667, 2.0833, 2.1, 2.1167, 2.1333, 2.15, 2.1667, 2.1833, 2.2, 2.2167, 2.2333, 2.25, 2.2667, 2.2833, 2.3, 2.3167, 2.3333, 2.35, 2.3667, 2.3833, 2.4, 2.4167, 2.4333, 2.45, 2.4667, 2.4833, 2.5, 2.5167, 2.5333, 2.55, 2.5667, 2.5833, 2.6, 2.6167, 2.6333, 2.65, 2.6667, 2.6833, 2.7, 2.7167, 2.7333, 2.75, 2.7667, 2.7833, 2.8, 2.8167, 2.8333, 2.85, 2.8667, 2.8833, 2.9, 2.9167, 2.9333, 2.95, 2.9667, 2.9833, 3.0],
            "transform": [
                [1.0, 0.0, 0.0, 0.0, 0.0, 0.0, -1.0, 0.0, 0.0, 1.0, 0.0, 0.719612, 0.0, 0.0, 0.0, 1.0],
                [1.0, 0.0, -0.000321, 0.0, -0.000321, 0.0, -1.0, 0.0, 0.0, 1.0, 0.0, 0.719612, 0.0, 0.0, 0.0, 1.0],
                [0.999999, 0.0, -0.001268, 0.0, -0.001268, 0.0, -0.999999, 0.0, 0.0, 1.0, 0.0, 0.719612, 0.0, 0.0, 0.0, 1.0],
                [0.999996, 0.0, -0.002813, 0.0, -0.002813, 0.0, -0.999996, 0.0, 0.0, 1.0, 0.0, 0.719612, 0.0, 0.0, 0.0, 1.0],
                [0.999988, 0.0, -0.004932, 0.0, -0.004932, 0.0, -0.999988, 0.0, 0.0, 1.0, 0.0, 0.719612, 0.0, 0.0, 0.0, 1.0],
                [0.999971, 0.0, -0.007598, 0.0, -0.007598, 0.0, -0.999971, 0.0, 0.0, 1.0, 0.0, 0.719612, 0.0, 0.0, 0.0, 1.0],
                [0.999942, 0.0, -0.010786, 0.0, -0.010786, 0.0, -0.999942, 0.0, 0.0, 1.0, 0.0, 0.719612, 0.0, 0.0, 0.0, 1.0],
                [0.999895, 0.0, -0.014469, 0.0, -0.014469, 0.0, -0.999895, 0.0, 0.0, 1.0, 0.0, 0.719612, 0.0, 0.0, 0.0, 1.0],
                [0.999827, 0.0, -0.018623, 0.0, -0.018623, 0.0, -0.999827, 0.0, 0.0, 1.0, 0.0, 0.719612, 0.0, 0.0, 0.0, 1.0],
                [0.99973, 0.0, -0.02322, 0.0, -0.02322, 0.0, -0.99973, 0.0, 0.0, 1.0, 0.0, 0.719612, 0.0, 0.0, 0.0, 1.0],
                [0.999601, 0.0, -0.028235, 0.0, -0.028235, 0.0, -0.999601, 0.0, 0.0, 1.0, 0.0, 0.719612, 0.0, 0.0, 0.0, 1.0],
                [0.999434, 0.0, -0.033643, 0.0, -0.033643, 0.0, -0.999434, 0.0, 0.0, 1.0, 0.0, 0.719612, 0.0, 0.0, 0.0, 1.0],
                [0.999223, 0.0, -0.039415, 0.0, -0.039415, 0.0, -0.999223, 0.0, 0.0, 1.0, 0.0, 0.719612, 0.0, 0.0, 0.0, 1.0],
                [0.998963, 0.0, -0.045528, 0.0, -0.045528, 0.0, -0.998963, 0.0, 0.0, 1.0, 0.0, 0.719612, 0.0, 0.0, 0.0, 1.0],
                [0.99865, 0.0, -0.051953, 0.0, -0.051953, 0.0, -0.99865, 0.0, 0.0, 1.0, 0.0, 0.719612, 0.0, 0.0, 0.0, 1.0],
                [0.998278, 0.0, -0.058665, 0.0, -0.058665, 0.0, -0.998278, 0.0, 0.0, 1.0, 0.0, 0.719612, 0.0, 0.0, 0.0, 1.0],
                [0.997844, 0.0, -0.065636, 0.0, -0.065636, 0.0, -0.997844, 0.0, 0.0, 1.0, 0.0, 0.719612, 0.0, 0.0, 0.0, 1.0],
                [0.997344, 0.0, -0.072841, 0.0, -0.072841, 0.0, -0.997344, 0.0, 0.0, 1.0, 0.0, 0.719612, 0.0, 0.0, 0.0, 1.0],
                [0.996775, 0.0, -0.080252, 0.0, -0.080252, 0.0, -0.996775, 0.0, 0.0, 1.0, 0.0, 0.719612, 0.0, 0.0, 0.0, 1.0],
                [0.996134, 0.0, -0.087842, 0.0, -0.087842, 0.0, -0.996134, 0.0, 0.0, 1.0, 0.0, 0.719612, 0.0, 0.0, 0.0, 1.0],
                [0.995421, 0.0, -0.095585, 0.0, -0.095585, 0.0, -0.995421, 0.0, 0.0, 1.0, 0.0, 0.719612, 0.0, 0.0, 0.0, 1.0],
                [0.994634, 0.0, -0.103454, 0.0, -0.103454, 0.0, -0.994634, 0.0, 0.0, 1.0, 0.0, 0.719612, 0.0, 0.0, 0.0, 1.0],
                [0.993773, 0.0, -0.111421, 0.0, -0.111421, 0.0, -0.993773, 0.0, 0.0, 1.0, 0.0, 0.719612, 0.0, 0.0, 0.0, 1.0],
                [0.992839, 0.0, -0.119459, 0.0, -0.119459, 0.0, -0.992839, 0.0, 0.0, 1.0, 0.0, 0.719612, 0.0, 0.0, 0.0, 1.0],
                [0.991833, 0.0, -0.127542, 0.0, -0.127542, 0.0, -0.991833, 0.0, 0.0, 1.0, 0.0, 0.719612, 0.0, 0.0, 0.0, 1.0],
                [0.990758, 0.0, -0.135643, 0.0, -0.135643, 0.0, -0.990758, 0.0, 0.0, 1.0, 0.0, 0.719612, 0.0, 0.0, 0.0, 1.0],
                [0.989616, 0.0, -0.143735, 0.0, -0.143735, 0.0, -0.989616, 0.0, 0.0, 1.0, 0.0, 0.719612, 0.0, 0.0, 0.0, 1.0],
                [0.988413, 0.0, -0.151791, 0.0, -0.151791, 0.0, -0.988413, 0.0, 0.0, 1.0, 0.0, 0.719612, 0.0, 0.0, 0.0, 1.0],
                [0.987152, 0.0, -0.159785, 0.0, -0.159785, 0.0, -0.987152, 0.0, 0.0, 1.0, 0.0, 0.719612, 0.0, 0.0, 0.0, 1.0],
                [0.98584, 0.0, -0.16769, 0.0, -0.16769, 0.0, -0.98584, 0.0, 0.0, 1.0, 0.0, 0.719612, 0.0, 0.0, 0.0, 1.0],
                [0.984483, 0.0, -0.175481, 0.0, -0.175481, 0.0, -0.984483, 0.0, 0.0, 1.0, 0.0, 0.719612, 0.0, 0.0, 0.0, 1.0],
                [0.983089, 0.0, -0.183131, 0.0, -0.183131, 0.0, -0.983089, 0.0, 0.0, 1.0, 0.0, 0.719612, 0.0, 0.0, 0.0, 1.0],
                [0.981665, 0.0, -0.190614, 0.0, -0.190614, 0.0, -0.981665, 0.0, 0.0, 1.0, 0.0, 0.719612, 0.0, 0.0, 0.0, 1.0],
                [0.980221, 0.0, -0.197905, 0.0, -0.197905, 0.0, -0.980221, 0.0, 0.0, 1.0, 0.0, 0.719612, 0.0, 0.0, 0.0, 1.0],
                [0.978766, 0.0, -0.204979, 0.0, -0.204979, 0.0, -0.978766, 0.0, 0.0, 1.0, 0.0, 0.719612, 0.0, 0.0, 0.0, 1.0],
                [0.977311, 0.0, -0.211811, 0.0, -0.211811, 0.0, -0.977311, 0.0, 0.0, 1.0, 0.0, 0.719612, 0.0, 0.0, 0.0, 1.0],
                [0.975865, 0.0, -0.218375, 0.0, -0.218375, 0.0, -0.975865, 0.0, 0.0, 1.0, 0.0, 0.719612, 0.0, 0.0, 0.0, 1.0],
                [0.97444, 0.0, -0.224648, 0.0, -0.224648, 0.0, -0.97444, 0.0, 0.0, 1.0, 0.0, 0.719612, 0.0, 0.0, 0.0, 1.0],
                [0.973047, 0.0, -0.230606, 0.0, -0.230606, 0.0, -0.973047, 0.0, 0.0, 1.0, 0.0, 0.719612, 0.0, 0.0, 0.0, 1.0],
                [0.971699, 0.0, -0.236223, 0.0, -0.236223, 0.0, -0.971699, 0.0, 0.0, 1.0, 0.0, 0.719612, 0.0, 0.0, 0.0, 1.0],
                [0.970407, 0.0, -0.241476, 0.0, -0.241476, 0.0, -0.970407, 0.0, 0.0, 1.0, 0.0, 0.719612, 0.0, 0.0, 0.0, 1.0],
                [0.969183, 0.0, -0.246341, 0.0, -0.246341, 0.0, -0.969183, 0.0, 0.0, 1.0, 0.0, 0.719612, 0.0, 0.0, 0.0, 1.0],
                [0.96804, 0.0, -0.250795, 0.0, -0.250795, 0.0, -0.96804, 0.0, 0.0, 1.0, 0.0, 0.719612, 0.0, 0.0, 0.0, 1.0],
                [0.96699, 0.0, -0.254815, 0.0, -0.254815, 0.0, -0.96699, 0.0, 0.0, 1.0, 0.0, 0.719612, 0.0, 0.0, 0.0, 1.0],
                [0.966045, 0.0, -0.258375, 0.0, -0.258375, 0.0, -0.966045, 0.0, 0.0, 1.0, 0.0, 0.719612, 0.0, 0.0, 0.0, 1.0],
                [0.965216, 0.0, -0.261453, 0.0, -0.261453, 0.0, -0.965216, 0.0, 0.0, 1.0, 0.0, 0.719612, 0.0, 0.0, 0.0, 1.0],
                [0.964516, 0.0, -0.264026, 0.0, -0.264026, 0.0, -0.964516, 0.0, 0.0, 1.0, 0.0, 0.719612, 0.0, 0.0, 0.0, 1.0],
                [0.963954, 0.0, -0.266069, 0.0, -0.266069, 0.0, -0.963954, 0.0, 0.0, 1.0, 0.0, 0.719612, 0.0, 0.0, 0.0, 1.0],
                [0.963542, 0.0, -0.267558, 0.0, -0.267558, 0.0, -0.963542, 0.0, 0.0, 1.0, 0.0, 0.719612, 0.0, 0.0, 0.0, 1.0],
                [0.963288, 0.0, -0.26847, 0.0, -0.26847, 0.0, -0.963288, 0.0, 0.0, 1.0, 0.0, 0.719612, 0.0, 0.0, 0.0, 1.0],
                [0.963202, 0.0, -0.268779, 0.0, -0.268779, 0.0, -0.963202, 0.0, 0.0, 1.0, 0.0, 0.719612, 0.0, 0.0, 0.0, 1.0],
                [0.963269, 0.0, -0.268539, 0.0, -0.268539, 0.0, -0.963269, 0.0, 0.0, 1.0, 0.0, 0.719612, 0.0, 0.0, 0.0, 1.0],
                [0.963468, 0.0, -0.267825, 0.0, -0.267825, 0.0, -0.963468, 0.0, 0.0, 1.0, 0.0, 0.719612, 0.0, 0.0, 0.0, 1.0],
                [0.963794, 0.0, -0.266649, 0.0, -0.266649, 0.0, -0.963794, 0.0, 0.0, 1.0, 0.0, 0.719612, 0.0, 0.0, 0.0, 1.0],
                [0.964242, 0.0, -0.265022, 0.0, -0.265022, 0.0, -0.964242, 0.0, 0.0, 1.0, 0.0, 0.719612, 0.0, 0.0, 0.0, 1.0],
                [0.964808, 0.0, -0.262957, 0.0, -0.262957, 0.0, -0.964808, 0.0, 0.0, 1.0, 0.0, 0.719612, 0.0, 0.0, 0.0, 1.0],
                [0.965484, 0.0, -0.260464, 0.0, -0.260464, 0.0, -0.965484, 0.0, 0.0, 1.0, 0.0, 0.719612, 0.0, 0.0, 0.0, 1.0],
                [0.966264, 0.0, -0.257554, 0.0, -0.257554, 0.0, -0.966264, 0.0, 0.0, 1.0, 0.0, 0.719612, 0.0, 0.0, 0.0, 1.0],
                [0.967142, 0.0, -0.254237, 0.0, -0.254237, 0.0, -0.967142, 0.0, 0.0, 1.0, 0.0, 0.719612, 0.0, 0.0, 0.0, 1.0],
                [0.96811, 0.0, -0.250525, 0.0, -0.250525, 0.0, -0.96811, 0.0, 0.0, 1.0, 0.0, 0.719612, 0.0, 0.0, 0.0, 1.0],
                [0.969161, 0.0, -0.246427, 0.0, -0.246427, 0.0, -0.969161, 0.0, 0.0, 1.0, 0.0, 0.719612, 0.0, 0.0, 0.0, 1.0],
                [0.970288, 0.0, -0.241955, 0.0, -0.241955, 0.0, -0.970288, 0.0, 0.0, 1.0, 0.0, 0.719612, 0.0, 0.0, 0.0, 1.0],
                [0.971481, 0.0, -0.237119, 0.0, -0.237119, 0.0, -0.971481, 0.0, 0.0, 1.0, 0.0, 0.719612, 0.0, 0.0, 0.0, 1.0],
                [0.972733, 0.0, -0.231929, 0.0, -0.231929, 0.0, -0.972733, 0.0, 0.0, 1.0, 0.0, 0.719612, 0.0, 0.0, 0.0, 1.0],
                [0.974035, 0.0, -0.226396, 0.0, -0.226396, 0.0, -0.974035, 0.0, 0.0, 1.0, 0.0, 0.719612, 0.0, 0.0, 0.0, 1.0],
                [0.97538, 0.0, -0.22053, 0.0, -0.22053, 0.0, -0.97538, 0.0, 0.0, 1.0, 0.0, 0.719612, 0.0, 0.0, 0.0, 1.0],
                [0.976758, 0.0, -0.214343, 0.0, -0.214343, 0.0, -0.976758, 0.0, 0.0, 1.0, 0.0, 0.719612, 0.0, 0.0, 0.0, 1.0],
                [0.978162, 0.0, -0.207845, 0.0, -0.207845, 0.0, -0.978162, 0.0, 0.0, 1.0, 0.0, 0.719612, 0.0, 0.0, 0.0, 1.0],
                [0.979581, 0.0, -0.201047, 0.0, -0.201047, 0.0, -0.979581, 0.0, 0.0, 1.0, 0.0, 0.719612, 0.0, 0.0, 0.0, 1.0],
                [0.981009, 0.0, -0.193961, 0.0, -0.193961, 0.0, -0.981009, 0.0, 0.0, 1.0, 0.0, 0.719612, 0.0, 0.0, 0.0, 1.0],
                [0.982437, 0.0, -0.186596, 0.0, -0.186596, 0.0, -0.982437, 0.0, 0.0, 1.0, 0.0, 0.719612, 0.0, 0.0, 0.0, 1.0],
                [0.983855, 0.0, -0.178966, 0.0, -0.178966, 0.0, -0.983855, 0.0, 0.0, 1.0, 0.0, 0.719612, 0.0, 0.0, 0.0, 1.0],
                [0.985257, 0.0, -0.17108, 0.0, -0.17108, 0.0, -0.985257, 0.0, 0.0, 1.0, 0.0, 0.719612, 0.0, 0.0, 0.0, 1.0],
                [0.986634, 0.0, -0.162952, 0.0, -0.162952, 0.0, -0.986634, 0.0, 0.0, 1.0, 0.0, 0.719612, 0.0, 0.0, 0.0, 1.0],
                [0.987978, 0.0, -0.154593, 0.0, -0.154593, 0.0, -0.987978, 0.0, 0.0, 1.0, 0.0, 0.719612, 0.0, 0.0, 0.0, 1.0],
                [0.989282, 0.0, -0.146016, 0.0, -0.146016, 0.0, -0.989282, 0.0, 0.0, 1.0, 0.0, 0.719612, 0.0, 0.0, 0.0, 1.0],
                [0.990539, 0.0, -0.137232, 0.0, -0.137232, 0.0, -0.990539, 0.0, 0.0, 1.0, 0.0, 0.719612, 0.0, 0.0, 0.0, 1.0],
                [0.991741, 0.0, -0.128254, 0.0, -0.128254, 0.0, -0.991741, 0.0, 0.0, 1.0, 0.0, 0.719612, 0.0, 0.0, 0.0, 1.0],
                [0.992883, 0.0, -0.119096, 0.0, -0.119096, 0.0, -0.992883, 0.0, 0.0, 1.0, 0.0, 0.719612, 0.0, 0.0, 0.0, 1.0],
                [0.993957, 0.0, -0.10977, 0.0, -0.10977, 0.0, -0.993957, 0.0, 0.0, 1.0, 0.0, 0.719612, 0.0, 0.0, 0.0, 1.0],
                [0.994958, 0.0, -0.100289, 0.0, -0.100289, 0.0, -0.994958, 0.0, 0.0, 1.0, 0.0, 0.719612, 0.0, 0.0, 0.0, 1.0],
                [0.995881, 0.0, -0.090667, 0.0, -0.090667, 0.0, -0.995881, 0.0, 0.0, 1.0, 0.0, 0.719612, 0.0, 0.0, 0.0, 1.0],
                [0.996721, 0.0, -0.080917, 0.0, -0.080917, 0.0, -0.996721, 0.0, 0.0, 1.0, 0.0, 0.719612, 0.0, 0.0, 0.0, 1.0],
                [0.997473, 0.0, -0.071053, 0.0, -0.071053, 0.0, -0.997473, 0.0, 0.0, 1.0, 0.0, 0.719612, 0.0, 0.0, 0.0, 1.0],
                [0.998132, 0.0, -0.06109, 0.0, -0.06109, 0.0, -0.998132, 0.0, 0.0, 1.0, 0.0, 0.719612, 0.0, 0.0, 0.0, 1.0],
                [0.998697, 0.0, -0.05104, 0.0, -0.05104, 0.0, -0.998697, 0.0, 0.0, 1.0, 0.0, 0.719612, 0.0, 0.0, 0.0, 1.0],
                [0.999162, 0.0, -0.040919, 0.0, -0.040919, 0.0, -0.999162, 0.0, 0.0, 1.0, 0.0, 0.719612, 0.0, 0.0, 0.0, 1.0],
                [0.999527, 0.0, -0.030739, 0.0, -0.030739, 0.0, -0.999527, 0.0, 0.0, 1.0, 0.0, 0.719612, 0.0, 0.0, 0.0, 1.0],
                [0.999789, 0.0, -0.020517, 0.0, -0.020517, 0.0, -0.999789, 0.0, 0.0, 1.0, 0.0, 0.719612, 0.0, 0.0, 0.0, 1.0],
                [0.999947, 0.0, -0.010266, 0.0, -0.010266, 0.0, -0.999947, 0.0, 0.0, 1.0, 0.0, 0.719612, 0.0, 0.0, 0.0, 1.0],
                [1.0, 0.0, 0.0, 0.0, 0.0, 0.0, -1.0, 0.0, 0.0, 1.0, 0.0, 0.719612, 0.0, 0.0, 0.0, 1.0],
                [0.999947, 0.0, 0.010266, 0.0, 0.010266, 0.0, -0.999947, 0.0, 0.0, 1.0, 0.0, 0.719612, 0.0, 0.0, 0.0, 1.0],
                [0.999789, 0.0, 0.020517, 0.0, 0.020517, 0.0, -0.999789, 0.0, 0.0, 1.0, 0.0, 0.719612, 0.0, 0.0, 0.0, 1.0],
                [0.999527, 0.0, 0.030739, 0.0, 0.030739, 0.0, -0.999527, 0.0, 0.0, 1.0, 0.0, 0.719612, 0.0, 0.0, 0.0, 1.0],
                [0.999162, 0.0, 0.040919, 0.0, 0.040919, 0.0, -0.999162, 0.0, 0.0, 1.0, 0.0, 0.719612, 0.0, 0.0, 0.0, 1.0],
                [0.998697, 0.0, 0.05104, 0.0, 0.05104, 0.0, -0.998697, 0.0, 0.0, 1.0, 0.0, 0.719612, 0.0, 0.0, 0.0, 1.0],
                [0.998132, 0.0, 0.06109, 0.0, 0.06109, 0.0, -0.998132, 0.0, 0.0, 1.0, 0.0, 0.719612, 0.0, 0.0, 0.0, 1.0],
                [0.997473, 0.0, 0.071053, 0.0, 0.071053, 0.0, -0.997473, 0.0, 0.0, 1.0, 0.0, 0.719612, 0.0, 0.0, 0.0, 1.0],
                [0.996721, 0.0, 0.080917, 0.0, 0.080917, 0.0, -0.996721, 0.0, 0.0, 1.0, 0.0, 0.719612, 0.0, 0.0, 0.0, 1.0],
                [0.995881, 0.0, 0.090667, 0.0, 0.090667, 0.0, -0.995881, 0.0, 0.0, 1.0, 0.0, 0.719612, 0.0, 0.0, 0.0, 1.0],
                [0.994958, 0.0, 0.100289, 0.0, 0.100289, 0.0, -0.994958, 0.0, 0.0, 1.0, 0.0, 0.719612, 0.0, 0.0, 0.0, 1.0],
                [0.993957, 0.0, 0.10977, 0.0, 0.10977, 0.0, -0.993957, 0.0, 0.0, 1.0, 0.0, 0.719612, 0.0, 0.0, 0.0, 1.0],
                [0.992883, 0.0, 0.119096, 0.0, 0.119096, 0.0, -0.992883, 0.0, 0.0, 1.0, 0.0, 0.719612, 0.0, 0.0, 0.0, 1.0],
                [0.991741, 0.0, 0.128254, 0.0, 0.128254, 0.0, -0.991741, 0.0, 0.0, 1.0, 0.0, 0.719612, 0.0, 0.0, 0.0, 1.0],
                [0.990539, 0.0, 0.137232, 0.0, 0.137232, 0.0, -0.990539, 0.0, 0.0, 1.0, 0.0, 0.719612, 0.0, 0.0, 0.0, 1.0],
                [0.989282, 0.0, 0.146016, 0.0, 0.146016, 0.0, -0.989282, 0.0, 0.0, 1.0, 0.0, 0.719612, 0.0, 0.0, 0.0, 1.0],
                [0.987978, 0.0, 0.154593, 0.0, 0.154593, 0.0, -0.987978, 0.0, 0.0, 1.0, 0.0, 0.719612, 0.0, 0.0, 0.0, 1.0],
                [0.986634, 0.0, 0.162952, 0.0, 0.162952, 0.0, -0.986634, 0.0, 0.0, 1.0, 0.0, 0.719612, 0.0, 0.0, 0.0, 1.0],
                [0.985257, 0.0, 0.17108, 0.0, 0.17108, 0.0, -0.985257, 0.0, 0.0, 1.0, 0.0, 0.719612, 0.0, 0.0, 0.0, 1.0],
                [0.983855, 0.0, 0.178966, 0.0, 0.178966, 0.0, -0.983855, 0.0, 0.0, 1.0, 0.0, 0.719612, 0.0, 0.0, 0.0, 1.0],
                [0.982437, 0.0, 0.186596, 0.0, 0.186596, 0.0, -0.982437, 0.0, 0.0, 1.0, 0.0, 0.719612, 0.0, 0.0, 0.0, 1.0],
                [0.981009, 0.0, 0.193961, 0.0, 0.193961, 0.0, -0.981009, 0.0, 0.0, 1.0, 0.0, 0.719612, 0.0, 0.0, 0.0, 1.0],
                [0.979582, 0.0, 0.201047, 0.0, 0.201047, 0.0, -0.979582, 0.0, 0.0, 1.0, 0.0, 0.719612, 0.0, 0.0, 0.0, 1.0],
                [0.978162, 0.0, 0.207845, 0.0, 0.207845, 0.0, -0.978162, 0.0, 0.0, 1.0, 0.0, 0.719612, 0.0, 0.0, 0.0, 1.0],
                [0.976758, 0.0, 0.214343, 0.0, 0.214343, 0.0, -0.976758, 0.0, 0.0, 1.0, 0.0, 0.719612, 0.0, 0.0, 0.0, 1.0],
                [0.97538, 0.0, 0.22053, 0.0, 0.22053, 0.0, -0.97538, 0.0, 0.0, 1.0, 0.0, 0.719612, 0.0, 0.0, 0.0, 1.0],
                [0.974035, 0.0, 0.226396, 0.0, 0.226396, 0.0, -0.974035, 0.0, 0.0, 1.0, 0.0, 0.719612, 0.0, 0.0, 0.0, 1.0],
                [0.972733, 0.0, 0.231929, 0.0, 0.231929, 0.0, -0.972733, 0.0, 0.0, 1.0, 0.0, 0.719612, 0.0, 0.0, 0.0, 1.0],
                [0.971481, 0.0, 0.237119, 0.0, 0.237119, 0.0, -0.971481, 0.0, 0.0, 1.0, 0.0, 0.719612, 0.0, 0.0, 0.0, 1.0],
                [0.970287, 0.0, 0.241955, 0.0, 0.241955, 0.0, -0.970287, 0.0, 0.0, 1.0, 0.0, 0.719612, 0.0, 0.0, 0.0, 1.0],
                [0.969161, 0.0, 0.246427, 0.0, 0.246427, 0.0, -0.969161, 0.0, 0.0, 1.0, 0.0, 0.719612, 0.0, 0.0, 0.0, 1.0],
                [0.96811, 0.0, 0.250525, 0.0, 0.250525, 0.0, -0.96811, 0.0, 0.0, 1.0, 0.0, 0.719612, 0.0, 0.0, 0.0, 1.0],
                [0.967142, 0.0, 0.254237, 0.0, 0.254237, 0.0, -0.967142, 0.0, 0.0, 1.0, 0.0, 0.719612, 0.0, 0.0, 0.0, 1.0],
                [0.966264, 0.0, 0.257554, 0.0, 0.257554, 0.0, -0.966264, 0.0, 0.0, 1.0, 0.0, 0.719612, 0.0, 0.0, 0.0, 1.0],
                [0.965484, 0.0, 0.260464, 0.0, 0.260464, 0.0, -0.965484, 0.0, 0.0, 1.0, 0.0, 0.719612, 0.0, 0.0, 0.0, 1.0],
                [0.964808, 0.0, 0.262957, 0.0, 0.262957, 0.0, -0.964808, 0.0, 0.0, 1.0, 0.0, 0.719612, 0.0, 0.0, 0.0, 1.0],
                [0.964242, 0.0, 0.265023, 0.0, 0.265023, 0.0, -0.964242, 0.0, 0.0, 1.0, 0.0, 0.719612, 0.0, 0.0, 0.0, 1.0],
                [0.963794, 0.0, 0.266649, 0.0, 0.266649, 0.0, -0.963794, 0.0, 0.0, 1.0, 0.0, 0.719612, 0.0, 0.0, 0.0, 1.0],
                [0.963468, 0.0, 0.267825, 0.0, 0.267825, 0.0, -0.963468, 0.0, 0.0, 1.0, 0.0, 0.719612, 0.0, 0.0, 0.0, 1.0],
                [0.963269, 0.0, 0.268539, 0.0, 0.268539, 0.0, -0.963269, 0.0, 0.0, 1.0, 0.0, 0.719612, 0.0, 0.0, 0.0, 1.0],
                [0.963202, 0.0, 0.268779, 0.0, 0.268779, 0.0, -0.963202, 0.0, 0.0, 1.0, 0.0, 0.719612, 0.0, 0.0, 0.0, 1.0],
                [0.963288, 0.0, 0.26847, 0.0, 0.26847, 0.0, -0.963288, 0.0, 0.0, 1.0, 0.0, 0.719612, 0.0, 0.0, 0.0, 1.0],
                [0.963542, 0.0, 0.267558, 0.0, 0.267558, 0.0, -0.963542, 0.0, 0.0, 1.0, 0.0, 0.719612, 0.0, 0.0, 0.0, 1.0],
                [0.963954, 0.0, 0.266069, 0.0, 0.266069, 0.0, -0.963954, 0.0, 0.0, 1.0, 0.0, 0.719612, 0.0, 0.0, 0.0, 1.0],
                [0.964516, 0.0, 0.264026, 0.0, 0.264026, 0.0, -0.964516, 0.0, 0.0, 1.0, 0.0, 0.719612, 0.0, 0.0, 0.0, 1.0],
                [0.965216, 0.0, 0.261453, 0.0, 0.261453, 0.0, -0.965216, 0.0, 0.0, 1.0, 0.0, 0.719612, 0.0, 0.0, 0.0, 1.0],
                [0.966045, 0.0, 0.258375, 0.0, 0.258375, 0.0, -0.966045, 0.0, 0.0, 1.0, 0.0, 0.719612, 0.0, 0.0, 0.0, 1.0],
                [0.96699, 0.0, 0.254815, 0.0, 0.254815, 0.0, -0.96699, 0.0, 0.0, 1.0, 0.0, 0.719612, 0.0, 0.0, 0.0, 1.0],
                [0.96804, 0.0, 0.250795, 0.0, 0.250795, 0.0, -0.96804, 0.0, 0.0, 1.0, 0.0, 0.719612, 0.0, 0.0, 0.0, 1.0],
                [0.969183, 0.0, 0.246341, 0.0, 0.246341, 0.0, -0.969183, 0.0, 0.0, 1.0, 0.0, 0.719612, 0.0, 0.0, 0.0, 1.0],
                [0.970407, 0.0, 0.241476, 0.0, 0.241476, 0.0, -0.970407, 0.0, 0.0, 1.0, 0.0, 0.719612, 0.0, 0.0, 0.0, 1.0],
                [0.971699, 0.0, 0.236223, 0.0, 0.236223, 0.0, -0.971699, 0.0, 0.0, 1.0, 0.0, 0.719612, 0.0, 0.0, 0.0, 1.0],
                [0.973047, 0.0, 0.230606, 0.0, 0.230606, 0.0, -0.973047, 0.0, 0.0, 1.0, 0.0, 0.719612, 0.0, 0.0, 0.0, 1.0],
                [0.97444, 0.0, 0.224648, 0.0, 0.224648, 0.0, -0.97444, 0.0, 0.0, 1.0, 0.0, 0.719612, 0.0, 0.0, 0.0, 1.0],
                [0.975865, 0.0, 0.218375, 0.0, 0.218375, 0.0, -0.975865, 0.0, 0.0, 1.0, 0.0, 0.719612, 0.0, 0.0, 0.0, 1.0],
                [0.977311, 0.0, 0.211811, 0.0, 0.211811, 0.0, -0.977311, 0.0, 0.0, 1.0, 0.0, 0.719612, 0.0, 0.0, 0.0, 1.0],
                [0.978766, 0.0, 0.204979, 0.0, 0.204979, 0.0, -0.978766, 0.0, 0.0, 1.0, 0.0, 0.719612, 0.0, 0.0, 0.0, 1.0],
                [0.980221, 0.0, 0.197905, 0.0, 0.197905, 0.0, -0.980221, 0.0, 0.0, 1.0, 0.0, 0.719612, 0.0, 0.0, 0.0, 1.0],
                [0.981665, 0.0, 0.190614, 0.0, 0.190614, 0.0, -0.981665, 0.0, 0.0, 1.0, 0.0, 0.719612, 0.0, 0.0, 0.0, 1.0],
                [0.983089, 0.0, 0.183131, 0.0, 0.183131, 0.0, -0.983089, 0.0, 0.0, 1.0, 0.0, 0.719612, 0.0, 0.0, 0.0, 1.0],
                [0.984483, 0.0, 0.175481, 0.0, 0.175481, 0.0, -0.984483, 0.0, 0.0, 1.0, 0.0, 0.719612, 0.0, 0.0, 0.0, 1.0],
                [0.98584, 0.0, 0.16769, 0.0, 0.16769, 0.0, -0.98584, 0.0, 0.0, 1.0, 0.0, 0.719612, 0.0, 0.0, 0.0, 1.0],
                [0.987152, 0.0, 0.159785, 0.0, 0.159785, 0.0, -0.987152, 0.0, 0.0, 1.0, 0.0, 0.719612, 0.0, 0.0, 0.0, 1.0],
                [0.988413, 0.0, 0.151791, 0.0, 0.151791, 0.0, -0.988413, 0.0, 0.0, 1.0, 0.0, 0.719612, 0.0, 0.0, 0.0, 1.0],
                [0.989616, 0.0, 0.143735, 0.0, 0.143735, 0.0, -0.989616, 0.0, 0.0, 1.0, 0.0, 0.719612, 0.0, 0.0, 0.0, 1.0],
                [0.990758, 0.0, 0.135643, 0.0, 0.135643, 0.0, -0.990758, 0.0, 0.0, 1.0, 0.0, 0.719612, 0.0, 0.0, 0.0, 1.0],
                [0.991833, 0.0, 0.127542, 0.0, 0.127542, 0.0, -0.991833, 0.0, 0.0, 1.0, 0.0, 0.719612, 0.0, 0.0, 0.0, 1.0],
                [0.992839, 0.0, 0.119459, 0.0, 0.119459, 0.0, -0.992839, 0.0, 0.0, 1.0, 0.0, 0.719612, 0.0, 0.0, 0.0, 1.0],
                [0.993773, 0.0, 0.111421, 0.0, 0.111421, 0.0, -0.993773, 0.0, 0.0, 1.0, 0.0, 0.719612, 0.0, 0.0, 0.0, 1.0],
                [0.994634, 0.0, 0.103454, 0.0, 0.103454, 0.0, -0.994634, 0.0, 0.0, 1.0, 0.0, 0.719612, 0.0, 0.0, 0.0, 1.0],
                [0.995421, 0.0, 0.095585, 0.0, 0.095585, 0.0, -0.995421, 0.0, 0.0, 1.0, 0.0, 0.719612, 0.0, 0.0, 0.0, 1.0],
                [0.996134, 0.0, 0.087842, 0.0, 0.087842, 0.0, -0.996134, 0.0, 0.0, 1.0, 0.0, 0.719612, 0.0, 0.0, 0.0, 1.0],
                [0.996775, 0.0, 0.080252, 0.0, 0.080252, 0.0, -0.996775, 0.0, 0.0, 1.0, 0.0, 0.719612, 0.0, 0.0, 0.0, 1.0],
                [0.997344, 0.0, 0.072841, 0.0, 0.072841, 0.0, -0.997344, 0.0, 0.0, 1.0, 0.0, 0.719612, 0.0, 0.0, 0.0, 1.0],
                [0.997844, 0.0, 0.065636, 0.0, 0.065636, 0.0, -0.997844, 0.0, 0.0, 1.0, 0.0, 0.719612, 0.0, 0.0, 0.0, 1.0],
                [0.998278, 0.0, 0.058665, 0.0, 0.058665, 0.0, -0.998278, 0.0, 0.0, 1.0, 0.0, 0.719612, 0.0, 0.0, 0.0, 1.0],
                [0.99865, 0.0, 0.051953, 0.0, 0.051953, 0.0, -0.99865, 0.0, 0.0, 1.0, 0.0, 0.719612, 0.0, 0.0, 0.0, 1.0],
                [0.998963, 0.0, 0.045528, 0.0, 0.045528, 0.0, -0.998963, 0.0, 0.0, 1.0, 0.0, 0.719612, 0.0, 0.0, 0.0, 1.0],
                [0.999223, 0.0, 0.039415, 0.0, 0.039415, 0.0, -0.999223, 0.0, 0.0, 1.0, 0.0, 0.719612, 0.0, 0.0, 0.0, 1.0],
                [0.999434, 0.0, 0.033643, 0.0, 0.033643, 0.0, -0.999434, 0.0, 0.0, 1.0, 0.0, 0.719612, 0.0, 0.0, 0.0, 1.0],
                [0.999601, 0.0, 0.028235, 0.0, 0.028235, 0.0, -0.999601, 0.0, 0.0, 1.0, 0.0, 0.719612, 0.0, 0.0, 0.0, 1.0],
                [0.99973, 0.0, 0.02322, 0.0, 0.02322, 0.0, -0.99973, 0.0, 0.0, 1.0, 0.0, 0.719612, 0.0, 0.0, 0.0, 1.0],
                [0.999827, 0.0, 0.018623, 0.0, 0.018623, 0.0, -0.999827, 0.0, 0.0, 1.0, 0.0, 0.719612, 0.0, 0.0, 0.0, 1.0],
                [0.999895, 0.0, 0.014469, 0.0, 0.014469, 0.0, -0.999895, 0.0, 0.0, 1.0, 0.0, 0.719612, 0.0, 0.0, 0.0, 1.0],
                [0.999942, 0.0, 0.010786, 0.0, 0.010786, 0.0, -0.999942, 0.0, 0.0, 1.0, 0.0, 0.719612, 0.0, 0.0, 0.0, 1.0],
                [0.999971, 0.0, 0.007598, 0.0, 0.007598, 0.0, -0.999971, 0.0, 0.0, 1.0, 0.0, 0.719612, 0.0, 0.0, 0.0, 1.0],
                [0.999988, 0.0, 0.004932, 0.0, 0.004932, 0.0, -0.999988, 0.0, 0.0, 1.0, 0.0, 0.719612, 0.0, 0.0, 0.0, 1.0],
                [0.999996, 0.0, 0.002813, 0.0, 0.002813, 0.0, -0.999996, 0.0, 0.0, 1.0, 0.0, 0.719612, 0.0, 0.0, 0.0, 1.0],
                [0.999999, 0.0, 0.001267, 0.0, 0.001267, 0.0, -0.999999, 0.0, 0.0, 1.0, 0.0, 0.719612, 0.0, 0.0, 0.0, 1.0],
                [1.0, 0.0, 0.000321, 0.0, 0.000321, 0.0, -1.0, 0.0, 0.0, 1.0, 0.0, 0.719612, 0.0, 0.0, 0.0, 1.0],
                [1.0, 0.0, 0.0, 0.0, 0.0, 0.0, -1.0, 0.0, 0.0, 1.0, 0.0, 0.719612, 0.0, 0.0, 0.0, 1.0]
            ]
        },
        {
            "name": "body",
            "time": [0.0, 0.0167, 0.0333, 0.05, 0.0667, 0.0833, 0.1, 0.1167, 0.1333, 0.15, 0.1667, 0.1833, 0.2, 0.2167, 0.2333, 0.25, 0.2667, 0.2833, 0.3, 0.3167, 0.3333, 0.35, 0.3667, 0.3833, 0.4, 0.4167, 0.4333, 0.45, 0.4667, 0.4833, 0.5, 0.5167, 0.5333, 0.55, 0.5667, 0.5833, 0.6, 0.6167, 0.6333, 0.65, 0.6667, 0.6833, 0.7, 0.7167, 0.7333, 0.75, 0.7667, 0.7833, 0.8, 0.8167, 0.8333, 0.85, 0.8667, 0.8833, 0.9, 0.9167, 0.9333, 0.95, 0.9667, 0.9833, 1.0, 1.0167, 1.0333, 1.05, 1.0667, 1.0833, 1.1, 1.1167, 1.1333, 1.15, 1.1667, 1.1833, 1.2, 1.2167, 1.2333, 1.25, 1.2667, 1.2833, 1.3, 1.3167, 1.3333, 1.35, 1.3667, 1.3833, 1.4, 1.4167, 1.4333, 1.45, 1.4667, 1.4833, 1.5, 1.5167, 1.5333, 1.55, 1.5667, 1.5833, 1.6, 1.6167, 1.6333, 1.65, 1.6667, 1.6833, 1.7, 1.7167, 1.7333, 1.75, 1.7667, 1.7833, 1.8, 1.8167, 1.8333, 1.85, 1.8667, 1.8833, 1.9, 1.9167, 1.9333, 1.95, 1.9667, 1.9833, 2.0, 2.0167, 2.0333, 2.05, 2.0667, 2.0833, 2.1, 2.1167, 2.1333, 2.15, 2.1667, 2.1833, 2.2, 2.2167, 2.2333, 2.25, 2.2667, 2.2833, 2.3, 2.3167, 2.3333, 2.35, 2.3667, 2.3833, 2.4, 2.4167, 2.4333, 2.45, 2.4667, 2.4833, 2.5, 2.5167, 2.5333, 2.55, 2.5667, 2.5833, 2.6, 2.6167, 2.6333, 2.65, 2.6667, 2.6833, 2.7, 2.7167, 2.7333, 2.75, 2.7667, 2.7833, 2.8, 2.8167, 2.8333, 2.85, 2.8667, 2.8833, 2.9, 2.9167, 2.9333, 2.95, 2.9667, 2.9833, 3.0],
            "transform": [
                [1.0, 0.0, 0.0, 0.0, 0.0, 0.995409, -0.095708, 0.06933, 0.0, 0.095708, 0.995409, 0.0, 0.0, 0.0, 0.0, 1.0],
                [1.0, -2.7e-05, -0.000241, 0.0, 4e-06, 0.995431, -0.095487, 0.069331, 0.000242, 0.095487, 0.995431, 0.0, 0.0, 0.0, 0.0, 1.0],
                [1.0, -0.000108, -0.000951, 0.0, 1.7e-05, 0.995493, -0.094836, 0.06933, 0.000957, 0.094836, 0.995492, 0.0, 0.0, 0.0, 0.0, 1.0],
                [0.999998, -0.000238, -0.00211, 0.0, 3.9e-05, 0.995593, -0.093774, 0.06933, 0.002123, 0.093774, 0.995591, 0.0, 0.0, 0.0, 0.0, 1.0],
                [0.999993, -0.000414, -0.0037, 0.0, 7.1e-05, 0.99573, -0.092317, 0.06933, 0.003723, 0.092316, 0.995723, 0.0, 0.0, 0.0, 0.0, 1.0],
                [0.999984, -0.000632, -0.005701, 0.0, 0.000114, 0.995898, -0.090484, 0.06933, 0.005735, 0.090482, 0.995882, 0.0, 0.0, 0.0, 0.0, 1.0],
                [0.999967, -0.000889, -0.008094, 0.0, 0.000171, 0.996095, -0.088291, 0.06933, 0.008141, 0.088287, 0.996062, 0.0, 0.0, 0.0, 0.0, 1.0],
                [0.99994, -0.001179, -0.01086, 0.0, 0.000243, 0.996316, -0.085758, 0.06933, 0.010921, 0.08575, 0.996257, 0.0, 0.0, 0.0, 0.0, 1.0],
                [0.999901, -0.001497, -0.01398, 0.0, 0.000333, 0.996558, -0.0829, 0.06933, 0.014056, 0.082887, 0.99646, 0.0, 0.0, 0.0, 0.0, 1.0],
                [0.999846, -0.001839, -0.017435, 0.0, 0.000443, 0.996816, -0.079736, 0.06933, 0.017526, 0.079716, 0.996664, 0.0, 0.0, 0.0, 0.0, 1.0],
                [0.999773, -0.002199, -0.021205, 0.0, 0.000575, 0.997086, -0.076284, 0.06933, 0.021311, 0.076254, 0.996861, 0.0, 0.0, 0.0, 0.0, 1.0],
                [0.999677, -0.002573, -0.025271, 0.0, 0.000733, 0.997364, -0.07256, 0.06933, 0.025391, 0.072518, 0.997044, 0.0, 0.0, 0.0, 0.0, 1.0],
                [0.999557, -0.002956, -0.029614, 0.0, 0.000918, 0.997645, -0.068584, 0.06933, 0.029747, 0.068527, 0.997206, 0.0, 0.0, 0.0, 0.0, 1.0],
                [0.999409, -0.003342, -0.034215, 0.0, 0.001133, 0.997925, -0.064373, 0.06933, 0.034359, 0.064296, 0.997339, 0.0, 0.0, 0.0, 0.0, 1.0],
                [0.99923, -0.003727, -0.039054, 0.0, 0.00138, 0.998201, -0.059945, 0.06933, 0.039207, 0.059845, 0.997437, 0.0, 0.0, 0.0, 0.0, 1.0],
                [0.999018, -0.004106, -0.044111, 0.0, 0.001661, 0.998467, -0.055317, 0.06933, 0.04427, 0.05519, 0.997494, 0.0, 0.0, 0.0, 0.0, 1.0],
                [0.998771, -0.004475, -0.049366, 0.0, 0.001978, 0.998722, -0.050509, 0.06933, 0.049529, 0.050349, 0.997503, 0.0, 0.0, 0.0, 0.0, 1.0],
                [0.998486, -0.00483, -0.054801, 0.0, 0.002333, 0.99896, -0.045538, 0.06933, 0.054964, 0.045341, 0.997458, 0.0, 0.0, 0.0, 0.0, 1.0],
                [0.998161, -0.005167, -0.060394, 0.0, 0.002726, 0.999179, -0.040423, 0.06933, 0.060553, 0.040184, 0.997356, 0.0, 0.0, 0.0, 0.0, 1.0],
                [0.997796, -0.005481, -0.066125, 0.0, 0.003159, 0.999376, -0.035182, 0.06933, 0.066277, 0.034896, 0.997191, 0.0, 0.0, 0.0, 0.0, 1.0],
                [0.99739, -0.005772, -0.071976, 0.0, 0.003631, 0.999548, -0.029834, 0.069331, 0.072115, 0.029495, 0.99696, 0.0, 0.0, 0.0, 0.0, 1.0],
                [0.996941, -0.006034, -0.077924, 0.0, 0.004144, 0.999694, -0.024397, 0.06933, 0.078048, 0.024, 0.996661, 0.0, 0.0, 0.0, 0.0, 1.0],
                [0.99645, -0.006267, -0.083951, 0.0, 0.004696, 0.999811, -0.01889, 0.06933, 0.084054, 0.018429, 0.996291, 0.0, 0.0, 0.0, 0.0, 1.0],
                [0.995918, -0.006468, -0.090036, 0.0, 0.005288, 0.999897, -0.013331, 0.06933, 0.090113, 0.012801, 0.995849, 0.0, 0.0, 0.0, 0.0, 1.0],
                [0.995344, -0.006635, -0.096158, 0.0, 0.005918, 0.999953, -0.00774, 0.06933, 0.096204, 0.007135, 0.995336, 0.0, 0.0, 0.0, 0.0, 1.0],
                [0.994731, -0.006768, -0.102296, 0.0, 0.006584, 0.999976, -0.002134, 0.06933, 0.102308, 0.001449, 0.994752, 0.0, 0.0, 0.0, 0.0, 1.0],
                [0.99408, -0.006865, -0.108432, 0.0, 0.007284, 0.999967, 0.003468, 0.06933, 0.108405, -0.004238, 0.994098, 0.0, 0.0, 0.0, 0.0, 1.0],
                [0.993394, -0.006928, -0.114544, 0.0, 0.008017, 0.999927, 0.009048, 0.06933, 0.114473, -0.009906, 0.993377, 0.0, 0.0, 0.0, 0.0, 1.0],
                [0.992675, -0.006956, -0.120613, 0.0, 0.008778, 0.999855, 0.014586, 0.06933, 0.120494, -0.015538, 0.992592, 0.0, 0.0, 0.0, 0.0, 1.0],
                [0.991927, -0.006949, -0.126618, 0.0, 0.009565, 0.999753, 0.020065, 0.06933, 0.126447, -0.021114, 0.991749, 0.0, 0.0, 0.0, 0.0, 1.0],
                [0.991154, -0.006909, -0.132539, 0.0, 0.010374, 0.999622, 0.025466, 0.069331, 0.132313, -0.026616, 0.990851, 0.0, 0.0, 0.0, 0.0, 1.0],
                [0.990359, -0.006838, -0.138356, 0.0, 0.0112, 0.999464, 0.030771, 0.06933, 0.138071, -0.032024, 0.989904, 0.0, 0.0, 0.0, 0.0, 1.0],
                [0.989548, -0.006738, -0.144049, 0.0, 0.01204, 0.999281, 0.035963, 0.06933, 0.143703, -0.037322, 0.988917, 0.0, 0.0, 0.0, 0.0, 1.0],
                [0.988725, -0.006611, -0.1496, 0.0, 0.012887, 0.999075, 0.041023, 0.06933, 0.14919, -0.042489, 0.987895, 0.0, 0.0, 0.0, 0.0, 1.0],
                [0.987895, -0.006459, -0.154988, 0.0, 0.013737, 0.99885, 0.045934, 0.06933, 0.154513, -0.047507, 0.986848, 0.0, 0.0, 0.0, 0.0, 1.0],
                [0.987065, -0.006287, -0.160193, 0.0, 0.014585, 0.998609, 0.050679, 0.06933, 0.159652, -0.052359, 0.985784, 0.0, 0.0, 0.0, 0.0, 1.0],
                [0.986242, -0.006097, -0.165198, 0.0, 0.015424, 0.998354, 0.055239, 0.069331, 0.164589, -0.057027, 0.984712, 0.0, 0.0, 0.0, 0.0, 1.0],
                [0.985429, -0.005892, -0.169983, 0.0, 0.016248, 0.99809, 0.059597, 0.06933, 0.169307, -0.061491, 0.983643, 0.0, 0.0, 0.0, 0.0, 1.0],
                [0.984636, -0.005678, -0.174528, 0.0, 0.017052, 0.997821, 0.063737, 0.06933, 0.173786, -0.065734, 0.982587, 0.0, 0.0, 0.0, 0.0, 1.0],
                [0.983867, -0.005458, -0.178816, 0.0, 0.017827, 0.99755, 0.067642, 0.06933, 0.178009, -0.069739, 0.981554, 0.0, 0.0, 0.0, 0.0, 1.0],
                [0.983131, -0.005235, -0.182827, 0.0, 0.018569, 0.997282, 0.071295, 0.06933, 0.181957, -0.073487, 0.980557, 0.0, 0.0, 0.0, 0.0, 1.0],
                [0.982434, -0.005015, -0.186544, 0.0, 0.01927, 0.997021, 0.074679, 0.06933, 0.185614, -0.076962, 0.979604, 0.0, 0.0, 0.0, 0.0, 1.0],
                [0.981782, -0.004802, -0.189948, 0.0, 0.019924, 0.996772, 0.077777, 0.069331, 0.188961, -0.080145, 0.978709, 0.0, 0.0, 0.0, 0.0, 1.0],
                [0.981184, -0.004601, -0.19302, 0.0, 0.020523, 0.996537, 0.080573, 0.06933, 0.191981, -0.083019, 0.977881, 0.0, 0.0, 0.0, 0.0, 1.0],
                [0.980646, -0.004414, -0.195742, 0.0, 0.021062, 0.996323, 0.083051, 0.06933, 0.194656, -0.085566, 0.977132, 0.0, 0.0, 0.0, 0.0, 1.0],
                [0.980173, -0.004247, -0.198096, 0.0, 0.021534, 0.996132, 0.085193, 0.06933, 0.196968, -0.08777, 0.976473, 0.0, 0.0, 0.0, 0.0, 1.0],
                [0.979774, -0.004103, -0.200064, 0.0, 0.021932, 0.995968, 0.086984, 0.06933, 0.1989, -0.089612, 0.975914, 0.0, 0.0, 0.0, 0.0, 1.0],
                [0.979454, -0.003986, -0.201627, 0.0, 0.022251, 0.995836, 0.088406, 0.06933, 0.200435, -0.091076, 0.975465, 0.0, 0.0, 0.0, 0.0, 1.0],
                [0.979219, -0.003899, -0.202766, 0.0, 0.022485, 0.995738, 0.089443, 0.069331, 0.201554, -0.092143, 0.975134, 0.0, 0.0, 0.0, 0.0, 1.0],
                [0.979075, -0.003845, -0.203464, 0.0, 0.022629, 0.995678, 0.090077, 0.06933, 0.202238, -0.092797, 0.97493, 0.0, 0.0, 0.0, 0.0, 1.0],
                [0.979026, -0.003827, -0.203701, 0.0, 0.022678, 0.995657, 0.090293, 0.06933, 0.202471, -0.093019, 0.974861, 0.0, 0.0, 0.0, 0.0, 1.0],
                [0.979064, -0.003823, -0.203515, 0.0, 0.022658, 0.995657, 0.090297, 0.06933, 0.202286, -0.093018, 0.974899, 0.0, 0.0, 0.0, 0.0, 1.0],
                [0.979179, -0.003813, -0.202965, 0.0, 0.022597, 0.995657, 0.09031, 0.06933, 0.20174, -0.093016, 0.975012, 0.0, 0.0, 0.0, 0.0, 1.0],
                [0.979366, -0.003796, -0.20206, 0.0, 0.022496, 0.995658, 0.090331, 0.06933, 0.200839, -0.093012, 0.975199, 0.0, 0.0, 0.0, 0.0, 1.0],
                [0.979623, -0.003772, -0.200808, 0.0, 0.022356, 0.995658, 0.090359, 0.069331, 0.199595, -0.093007, 0.975454, 0.0, 0.0, 0.0, 0.0, 1.0],
                [0.979948, -0.003742, -0.199218, 0.0, 0.022179, 0.995659, 0.090395, 0.06933, 0.198015, -0.093001, 0.975777, 0.0, 0.0, 0.0, 0.0, 1.0],
                [0.980336, -0.003706, -0.1973, 0.0, 0.021966, 0.99566, 0.090439, 0.06933, 0.196109, -0.092994, 0.976163, 0.0, 0.0, 0.0, 0.0, 1.0],
                [0.980784, -0.003664, -0.195062, 0.0, 0.021717, 0.995661, 0.090488, 0.06933, 0.193884, -0.092986, 0.976608, 0.0, 0.0, 0.0, 0.0, 1.0],
                [0.981288, -0.003616, -0.192513, 0.0, 0.021433, 0.995662, 0.090545, 0.06933, 0.191351, -0.092976, 0.977108, 0.0, 0.0, 0.0, 0.0, 1.0],
                [0.981843, -0.003563, -0.189662, 0.0, 0.021115, 0.995663, 0.090606, 0.06933, 0.188517, -0.092966, 0.97766, 0.0, 0.0, 0.0, 0.0, 1.0],
                [0.982445, -0.003504, -0.186517, 0.0, 0.020765, 0.995664, 0.090673, 0.06933, 0.185391, -0.092955, 0.978259, 0.0, 0.0, 0.0, 0.0, 1.0],
                [0.983091, -0.003439, -0.183087, 0.0, 0.020383, 0.995665, 0.090745, 0.06933, 0.181981, -0.092943, 0.9789, 0.0, 0.0, 0.0, 0.0, 1.0],
                [0.983774, -0.00337, -0.179381, 0.0, 0.019971, 0.995667, 0.090821, 0.06933, 0.178297, -0.09293, 0.979578, 0.0, 0.0, 0.0, 0.0, 1.0],
                [0.984491, -0.003295, -0.175406, 0.0, 0.019528, 0.995668, 0.090901, 0.06933, 0.174347, -0.092917, 0.980291, 0.0, 0.0, 0.0, 0.0, 1.0],
                [0.985236, -0.003216, -0.171173, 0.0, 0.019057, 0.99567, 0.090984, 0.06933, 0.170139, -0.092903, 0.981031, 0.0, 0.0, 0.0, 0.0, 1.0],
                [0.986004, -0.003131, -0.166689, 0.0, 0.018558, 0.995672, 0.09107, 0.06933, 0.165683, -0.092888, 0.981795, 0.0, 0.0, 0.0, 0.0, 1.0],
                [0.986792, -0.003043, -0.161964, 0.0, 0.018032, 0.995673, 0.091157, 0.06933, 0.160986, -0.092874, 0.982577, 0.0, 0.0, 0.0, 0.0, 1.0],
                [0.987593, -0.002949, -0.157006, 0.0, 0.01748, 0.995675, 0.091246, 0.06933, 0.156058, -0.092859, 0.983373, 0.0, 0.0, 0.0, 0.0, 1.0],
                [0.988403, -0.002852, -0.151824, 0.0, 0.016903, 0.995677, 0.091336, 0.06933, 0.150907, -0.092844, 0.984178, 0.0, 0.0, 0.0, 0.0, 1.0],
                [0.989218, -0.002751, -0.146427, 0.0, 0.016302, 0.995678, 0.091427, 0.06933, 0.145542, -0.092828, 0.984987, 0.0, 0.0, 0.0, 0.0, 1.0],
                [0.990031, -0.002645, -0.140823, 0.0, 0.015678, 0.99568, 0.091518, 0.06933, 0.139973, -0.092813, 0.985796, 0.0, 0.0, 0.0, 0.0, 1.0],
                [0.990839, -0.002536, -0.135023, 0.0, 0.015032, 0.995682, 0.091608, 0.06933, 0.134207, -0.092798, 0.986599, 0.0, 0.0, 0.0, 0.0, 1.0],
                [0.991637, -0.002424, -0.129034, 0.0, 0.014366, 0.995683, 0.091696, 0.06933, 0.128255, -0.092783, 0.987392, 0.0, 0.0, 0.0, 0.0, 1.0],
                [0.992421, -0.002308, -0.122867, 0.0, 0.013679, 0.995685, 0.091784, 0.06933, 0.122125, -0.092769, 0.98817, 0.0, 0.0, 0.0, 0.0, 1.0],
                [0.993185, -0.002189, -0.11653, 0.0, 0.012973, 0.995687, 0.091869, 0.069331, 0.115826, -0.092754, 0.988929, 0.0, 0.0, 0.0, 0.0, 1.0],
                [0.993926, -0.002067, -0.110033, 0.0, 0.01225, 0.995688, 0.091951, 0.06933, 0.109368, -0.09274, 0.989666, 0.0, 0.0, 0.0, 0.0, 1.0],
                [0.994639, -0.001942, -0.103385, 0.0, 0.01151, 0.99569, 0.092031, 0.06933, 0.102761, -0.092727, 0.990375, 0.0, 0.0, 0.0, 0.0, 1.0],
                [0.995322, -0.001815, -0.096597, 0.0, 0.010754, 0.995691, 0.092106, 0.06933, 0.096013, -0.092714, 0.991053, 0.0, 0.0, 0.0, 0.0, 1.0],
                [0.995969, -0.001685, -0.089677, 0.0, 0.009984, 0.995692, 0.092179, 0.06933, 0.089135, -0.092702, 0.991696, 0.0, 0.0, 0.0, 0.0, 1.0],
                [0.996579, -0.001552, -0.082635, 0.0, 0.0092, 0.995694, 0.092246, 0.06933, 0.082136, -0.092691, 0.992301, 0.0, 0.0, 0.0, 0.0, 1.0],
                [0.997146, -0.001418, -0.075481, 0.0, 0.008403, 0.995695, 0.092309, 0.06933, 0.075025, -0.09268, 0.992865, 0.0, 0.0, 0.0, 0.0, 1.0],
                [0.997669, -0.001282, -0.068226, 0.0, 0.007596, 0.995696, 0.092368, 0.069331, 0.067814, -0.092671, 0.993385, 0.0, 0.0, 0.0, 0.0, 1.0],
                [0.998145, -0.001144, -0.060878, 0.0, 0.006778, 0.995697, 0.092421, 0.06933, 0.06051, -0.092662, 0.993857, 0.0, 0.0, 0.0, 0.0, 1.0],
                [0.99857, -0.001004, -0.053448, 0.0, 0.005951, 0.995698, 0.092468, 0.06933, 0.053126, -0.092654, 0.99428, 0.0, 0.0, 0.0, 0.0, 1.0],
                [0.998944, -0.000863, -0.045947, 0.0, 0.005115, 0.995699, 0.09251, 0.06933, 0.045669, -0.092647, 0.994651, 0.0, 0.0, 0.0, 0.0, 1.0],
                [0.999263, -0.000721, -0.038384, 0.0, 0.004273, 0.995699, 0.092545, 0.069331, 0.038152, -0.092641, 0.994968, 0.0, 0.0, 0.0, 0.0, 1.0],
                [0.999526, -0.000578, -0.030769, 0.0, 0.003426, 0.9957, 0.092574, 0.06933, 0.030583, -0.092636, 0.99523, 0.0, 0.0, 0.0, 0.0, 1.0],
                [0.999733, -0.000434, -0.023113, 0.0, 0.002573, 0.9957, 0.092597, 0.06933, 0.022973, -0.092632, 0.995435, 0.0, 0.0, 0.0, 0.0, 1.0],
                [0.999881, -0.00029, -0.015426, 0.0, 0.001717, 0.995701, 0.092614, 0.06933, 0.015333, -0.092629, 0.995583, 0.0, 0.0, 0.0, 0.0, 1.0],
                [0.99997, -0.000145, -0.007718, 0.0, 0.000859, 0.995701, 0.092624, 0.06933, 0.007671, -0.092628, 0.995671, 0.0, 0.0, 0.0, 0.0, 1.0],
                [1.0, 0.0, -0.0, 0.0, -0.0, 0.995701, 0.092627, 0.06933, 0.0, -0.092627, 0.995701, 0.0, 0.0, 0.0, 0.0, 1.0],
                [0.99997, 0.000145, 0.007718, 0.0, -0.000859, 0.995701, 0.092624, 0.06933, -0.007671, -0.092628, 0.995671, 0.0, 0.0, 0.0, 0.0, 1.0],
                [0.999881, 0.00029, 0.015426, 0.0, -0.001717, 0.995701, 0.092614, 0.06933, -0.015333, -0.092629, 0.995583, 0.0, 0.0, 0.0, 0.0, 1.0],
                [0.999733, 0.000434, 0.023113, 0.0, -0.002573, 0.9957, 0.092597, 0.06933, -0.022973, -0.092632, 0.995435, 0.0, 0.0, 0.0, 0.0, 1.0],
                [0.999526, 0.000578, 0.030769, 0.0, -0.003426, 0.9957, 0.092574, 0.06933, -0.030583, -0.092636, 0.99523, 0.0, 0.0, 0.0, 0.0, 1.0],
                [0.999263, 0.000721, 0.038384, 0.0, -0.004273, 0.995699, 0.092545, 0.06933, -0.038152, -0.092641, 0.994968, 0.0, 0.0, 0.0, 0.0, 1.0],
                [0.998944, 0.000863, 0.045947, 0.0, -0.005115, 0.995699, 0.09251, 0.06933, -0.045669, -0.092647, 0.994651, 0.0, 0.0, 0.0, 0.0, 1.0],
                [0.99857, 0.001004, 0.053448, 0.0, -0.00595, 0.995698, 0.092468, 0.06933, -0.053125, -0.092654, 0.99428, 0.0, 0.0, 0.0, 0.0, 1.0],
                [0.998145, 0.001144, 0.060878, 0.0, -0.006778, 0.995697, 0.092421, 0.06933, -0.06051, -0.092662, 0.993857, 0.0, 0.0, 0.0, 0.0, 1.0],
