{
    "animation": [
        {
            "name": "Root",
            "time": [0.0, 0.0167, 0.0333, 0.05, 0.0667, 0.0833, 0.1, 0.1167, 0.1333, 0.15, 0.1667, 0.1833, 0.2, 0.2167, 0.2333, 0.25, 0.2667, 0.2833, 0.3, 0.3167, 0.3333, 0.35, 0.3667, 0.3833, 0.4, 0.4167, 0.4333, 0.45, 0.4667, 0.4833, 0.5, 0.5167, 0.5333, 0.55, 0.5667, 0.5833, 0.6, 0.6167, 0.6333, 0.65, 0.6667, 0.6833, 0.7, 0.7167, 0.7333, 0.75, 0.7667, 0.7833, 0.8, 0.8167, 0.8333, 0.85, 0.8667, 0.8833, 0.9, 0.9167, 0.9333, 0.95, 0.9667, 0.9833, 1.0, 1.0167, 1.0333, 1.05, 1.0667, 1.0833, 1.1, 1.1167, 1.1333, 1.15, 1.1667, 1.1833, 1.2, 1.2167, 1.2333, 1.25, 1.2667, 1.2833, 1.3, 1.3167, 1.3333, 1.35, 1.3667, 1.3833, 1.4, 1.4167, 1.4333, 1.45, 1.4667, 1.4833, 1.5, 1.5167, 1.5333, 1.55, 1.5667, 1.5833, 1.6, 1.6167, 1.6333, 1.65, 1.6667, 1.6833, 1.7, 1.7167, 1.7333, 1.75, 1.7667, 1.7833, 1.8, 1.8167, 1.8333, 1.85, 1.8667, 1.8833, 1.9, 1.9167, 1.9333, 1.95, 1.9667, 1.9833, 2.0, 2.0167, 2.0333, 2.05, 2.0667, 2.0833, 2.1, 2.1167, 2.1333, 2.15, 2.1667, 2.1833, 2.2, 2.2167, 2.2333, 2.25, 2.2667, 2.2833, 2.3, 2.3167, 2.3333, 2.35, 2.3667, 2.3833, 2.4, 2.4167, 2.4333, 2.45, 2.4667, 2.4833, 2.5, 2.5167, 2.5333, 2.55, 2.5667, 2.5833, 2.6, 2.6167, 2.6333, 2.65, 2.6667, 2.6833, 2.7, 2.7167, 2.7333, 2.75, 2.7667, 2.7833, 2.8, 2.8167, 2.8333, 2.85, 2.8667, 2.8833, 2.9, 2.9167, 2.9333, 2.95, 2.9667, 2.9833, 3.0, 3.0167, 3.0333, 3.05, 3.0667, 3.0833, 3.1, 3.1167, 3.1333, 3.15, 3.1667, 3.1833, 3.2, 3.2167, 3.2333, 3.25, 3.2667, 3.2833, 3.3, 3.3167, 3.3333, 3.35, 3.3667, 3.3833, 3.4, 3.4167, 3.4333, 3.45, 3.4667, 3.4833, 3.5, 3.5167, 3.5333, 3.55, 3.5667, 3.5833, 3.6, 3.6167, 3.6333, 3.65, 3.6667, 3.6833, 3.7, 3.7167, 3.7333, 3.75, 3.7667, 3.7833, 3.8, 3.8167, 3.8333, 3.85, 3.8667, 3.8833, 3.9, 3.9167, 3.9333, 3.95, 3.9667, 3.9833, 4.0, 4.0167, 4.0333, 4.05, 4.0667, 4.0833, 4.1, 4.1167, 4.1333, 4.15, 4.1667, 4.1833, 4.2, 4.2167, 4.2333, 4.25, 4.2667, 4.2833, 4.3, 4.3167, 4.3333, 4.35, 4.3667, 4.3833, 4.4, 4.4167, 4.4333, 4.45, 4.4667, 4.4833, 4.5, 4.5167, 4.5333, 4.55, 4.5667, 4.5833],
            "transform": [
                [1.0, 0.0, 0.0, 0.0, 0.0, -0.396658, -0.917966, 0.0, 0.0, 0.917966, -0.396658, -2.284218, 0.0, 0.0, 0.0, 1.0],
                [1.0, 0.0, 0.0, 0.0, 0.0, -0.396658, -0.917966, 0.0, 0.0, 0.917966, -0.396658, -2.283568, 0.0, 0.0, 0.0, 1.0],
                [1.0, 0.0, 0.0, 0.0, 0.0, -0.396658, -0.917966, 0.0, 0.0, 0.917966, -0.396658, -2.281646, 0.0, 0.0, 0.0, 1.0],
                [1.0, 0.0, 0.0, 0.0, 0.0, -0.396658, -0.917966, 0.0, 0.0, 0.917966, -0.396658, -2.278493, 0.0, 0.0, 0.0, 1.0],
                [1.0, 0.0, 0.0, 0.0, 0.0, -0.396658, -0.917966, 0.0, 0.0, 0.917966, -0.396658, -2.274152, 0.0, 0.0, 0.0, 1.0],
                [1.0, 0.0, 0.0, 0.0, 0.0, -0.396658, -0.917966, 0.0, 0.0, 0.917966, -0.396658, -2.268664, 0.0, 0.0, 0.0, 1.0],
                [1.0, 0.0, 0.0, 0.0, 0.0, -0.396658, -0.917966, 0.0, 0.0, 0.917966, -0.396658, -2.262072, 0.0, 0.0, 0.0, 1.0],
                [1.0, 0.0, 0.0, 0.0, 0.0, -0.396658, -0.917966, 0.0, 0.0, 0.917966, -0.396658, -2.254418, 0.0, 0.0, 0.0, 1.0],
                [1.0, 0.0, 0.0, 0.0, 0.0, -0.396658, -0.917966, 0.0, 0.0, 0.917966, -0.396658, -2.245743, 0.0, 0.0, 0.0, 1.0],
                [1.0, 0.0, 0.0, 0.0, 0.0, -0.396658, -0.917966, 0.0, 0.0, 0.917966, -0.396658, -2.23609, 0.0, 0.0, 0.0, 1.0],
                [1.0, 0.0, 0.0, 0.0, 0.0, -0.396658, -0.917966, 0.0, 0.0, 0.917966, -0.396658, -2.2255, 0.0, 0.0, 0.0, 1.0],
                [1.0, 0.0, 0.0, 0.0, 0.0, -0.396658, -0.917966, 0.0, 0.0, 0.917966, -0.396658, -2.214016, 0.0, 0.0, 0.0, 1.0],
                [1.0, 0.0, 0.0, 0.0, 0.0, -0.396658, -0.917966, 0.0, 0.0, 0.917966, -0.396658, -2.201679, 0.0, 0.0, 0.0, 1.0],
                [1.0, 0.0, 0.0, 0.0, 0.0, -0.396658, -0.917966, 0.0, 0.0, 0.917966, -0.396658, -2.188531, 0.0, 0.0, 0.0, 1.0],
                [1.0, 0.0, 0.0, 0.0, 0.0, -0.396658, -0.917966, 0.0, 0.0, 0.917966, -0.396658, -2.174615, 0.0, 0.0, 0.0, 1.0],
                [1.0, 0.0, 0.0, 0.0, 0.0, -0.396658, -0.917966, 0.0, 0.0, 0.917966, -0.396658, -2.159972, 0.0, 0.0, 0.0, 1.0],
                [1.0, 0.0, 0.0, 0.0, 0.0, -0.396658, -0.917966, 0.0, 0.0, 0.917966, -0.396658, -2.144644, 0.0, 0.0, 0.0, 1.0],
                [1.0, 0.0, 0.0, 0.0, 0.0, -0.396658, -0.917966, 0.0, 0.0, 0.917966, -0.396658, -2.128674, 0.0, 0.0, 0.0, 1.0],
                [1.0, 0.0, 0.0, 0.0, 0.0, -0.396658, -0.917966, 0.0, 0.0, 0.917966, -0.396658, -2.112102, 0.0, 0.0, 0.0, 1.0],
                [1.0, 0.0, 0.0, 0.0, 0.0, -0.396658, -0.917966, 0.0, 0.0, 0.917966, -0.396658, -2.094972, 0.0, 0.0, 0.0, 1.0],
                [1.0, 0.0, 0.0, 0.0, 0.0, -0.396658, -0.917966, 0.0, 0.0, 0.917966, -0.396658, -2.077326, 0.0, 0.0, 0.0, 1.0],
                [1.0, 0.0, 0.0, 0.0, 0.0, -0.396658, -0.917966, 0.0, 0.0, 0.917966, -0.396658, -2.059204, 0.0, 0.0, 0.0, 1.0],
                [1.0, 0.0, 0.0, 0.0, 0.0, -0.396658, -0.917966, 0.0, 0.0, 0.917966, -0.396658, -2.040649, 0.0, 0.0, 0.0, 1.0],
                [1.0, 0.0, 0.0, 0.0, 0.0, -0.396658, -0.917966, 0.0, 0.0, 0.917966, -0.396658, -2.021704, 0.0, 0.0, 0.0, 1.0],
                [1.0, 0.0, 0.0, 0.0, 0.0, -0.396658, -0.917966, 0.0, 0.0, 0.917966, -0.396658, -2.002409, 0.0, 0.0, 0.0, 1.0],
                [1.0, 0.0, 0.0, 0.0, 0.0, -0.396658, -0.917966, 0.0, 0.0, 0.917966, -0.396658, -1.982808, 0.0, 0.0, 0.0, 1.0],
                [1.0, 0.0, 0.0, 0.0, 0.0, -0.396658, -0.917966, 0.0, 0.0, 0.917966, -0.396658, -1.962942, 0.0, 0.0, 0.0, 1.0],
                [1.0, 0.0, 0.0, 0.0, 0.0, -0.396658, -0.917966, 0.0, 0.0, 0.917966, -0.396658, -1.942852, 0.0, 0.0, 0.0, 1.0],
                [1.0, 0.0, 0.0, 0.0, 0.0, -0.396658, -0.917966, 0.0, 0.0, 0.917966, -0.396658, -1.922582, 0.0, 0.0, 0.0, 1.0],
                [1.0, 0.0, 0.0, 0.0, 0.0, -0.396658, -0.917966, 0.0, 0.0, 0.917966, -0.396658, -1.902172, 0.0, 0.0, 0.0, 1.0],
                [1.0, 0.0, 0.0, 0.0, 0.0, -0.396658, -0.917966, 0.0, 0.0, 0.917966, -0.396658, -1.881665, 0.0, 0.0, 0.0, 1.0],
                [1.0, 0.0, 0.0, 0.0, 0.0, -0.396658, -0.917966, 0.0, 0.0, 0.917966, -0.396658, -1.861103, 0.0, 0.0, 0.0, 1.0],
                [1.0, 0.0, 0.0, 0.0, 0.0, -0.396658, -0.917966, 0.0, 0.0, 0.917966, -0.396658, -1.840528, 0.0, 0.0, 0.0, 1.0],
                [1.0, 0.0, 0.0, 0.0, 0.0, -0.396658, -0.917966, 0.0, 0.0, 0.917966, -0.396658, -1.819982, 0.0, 0.0, 0.0, 1.0],
                [1.0, 0.0, 0.0, 0.0, 0.0, -0.396658, -0.917966, 0.0, 0.0, 0.917966, -0.396658, -1.799506, 0.0, 0.0, 0.0, 1.0],
                [1.0, 0.0, 0.0, 0.0, 0.0, -0.396658, -0.917966, 0.0, 0.0, 0.917966, -0.396658, -1.779143, 0.0, 0.0, 0.0, 1.0],
                [1.0, 0.0, 0.0, 0.0, 0.0, -0.396658, -0.917966, 0.0, 0.0, 0.917966, -0.396658, -1.758935, 0.0, 0.0, 0.0, 1.0],
                [1.0, 0.0, 0.0, 0.0, 0.0, -0.396658, -0.917966, 0.0, 0.0, 0.917966, -0.396658, -1.738924, 0.0, 0.0, 0.0, 1.0],
                [1.0, 0.0, 0.0, 0.0, 0.0, -0.396658, -0.917966, 0.0, 0.0, 0.917966, -0.396658, -1.719151, 0.0, 0.0, 0.0, 1.0],
                [1.0, 0.0, 0.0, 0.0, 0.0, -0.396658, -0.917966, 0.0, 0.0, 0.917966, -0.396658, -1.699659, 0.0, 0.0, 0.0, 1.0],
                [1.0, 0.0, 0.0, 0.0, 0.0, -0.396658, -0.917966, 0.0, 0.0, 0.917966, -0.396658, -1.680489, 0.0, 0.0, 0.0, 1.0],
                [1.0, 0.0, 0.0, 0.0, 0.0, -0.396658, -0.917966, 0.0, 0.0, 0.917966, -0.396658, -1.661676, 0.0, 0.0, 0.0, 1.0],
                [1.0, 0.0, 0.0, 0.0, 0.0, -0.396658, -0.917966, 0.0, 0.0, 0.917966, -0.396658, -1.643219, 0.0, 0.0, 0.0, 1.0],
                [1.0, 0.0, 0.0, 0.0, 0.0, -0.396658, -0.917966, 0.0, 0.0, 0.917966, -0.396658, -1.625111, 0.0, 0.0, 0.0, 1.0],
                [1.0, 0.0, 0.0, 0.0, 0.0, -0.396658, -0.917966, 0.0, 0.0, 0.917966, -0.396658, -1.607343, 0.0, 0.0, 0.0, 1.0],
                [1.0, 0.0, 0.0, 0.0, 0.0, -0.396658, -0.917966, 0.0, 0.0, 0.917966, -0.396658, -1.589908, 0.0, 0.0, 0.0, 1.0],
                [1.0, 0.0, 0.0, 0.0, 0.0, -0.396658, -0.917966, 0.0, 0.0, 0.917966, -0.396658, -1.572797, 0.0, 0.0, 0.0, 1.0],
                [1.0, 0.0, 0.0, 0.0, 0.0, -0.396658, -0.917966, 0.0, 0.0, 0.917966, -0.396658, -1.556003, 0.0, 0.0, 0.0, 1.0],
                [1.0, 0.0, 0.0, 0.0, 0.0, -0.396658, -0.917966, 0.0, 0.0, 0.917966, -0.396658, -1.539517, 0.0, 0.0, 0.0, 1.0],
                [1.0, 0.0, 0.0, 0.0, 0.0, -0.396658, -0.917966, 0.0, 0.0, 0.917966, -0.396658, -1.523332, 0.0, 0.0, 0.0, 1.0],
                [1.0, 0.0, 0.0, 0.0, 0.0, -0.396658, -0.917966, 0.0, 0.0, 0.917966, -0.396658, -1.507439, 0.0, 0.0, 0.0, 1.0],
                [1.0, 0.0, 0.0, 0.0, 0.0, -0.396658, -0.917966, 0.0, 0.0, 0.917966, -0.396658, -1.491831, 0.0, 0.0, 0.0, 1.0],
                [1.0, 0.0, 0.0, 0.0, 0.0, -0.396658, -0.917966, 0.0, 0.0, 0.917966, -0.396658, -1.476499, 0.0, 0.0, 0.0, 1.0],
                [1.0, 0.0, 0.0, 0.0, 0.0, -0.396658, -0.917966, 0.0, 0.0, 0.917966, -0.396658, -1.461436, 0.0, 0.0, 0.0, 1.0],
                [1.0, 0.0, 0.0, 0.0, 0.0, -0.396658, -0.917966, 0.0, 0.0, 0.917966, -0.396658, -1.446633, 0.0, 0.0, 0.0, 1.0],
                [1.0, 0.0, 0.0, 0.0, 0.0, -0.396658, -0.917966, 0.0, 0.0, 0.917966, -0.396658, -1.432083, 0.0, 0.0, 0.0, 1.0],
                [1.0, 0.0, 0.0, 0.0, 0.0, -0.396658, -0.917966, 0.0, 0.0, 0.917966, -0.396658, -1.417778, 0.0, 0.0, 0.0, 1.0],
                [1.0, 0.0, 0.0, 0.0, 0.0, -0.396658, -0.917966, 0.0, 0.0, 0.917966, -0.396658, -1.403708, 0.0, 0.0, 0.0, 1.0],
                [1.0, 0.0, 0.0, 0.0, 0.0, -0.396658, -0.917966, 0.0, 0.0, 0.917966, -0.396658, -1.389867, 0.0, 0.0, 0.0, 1.0],
                [1.0, 0.0, 0.0, 0.0, 0.0, -0.396658, -0.917966, 0.0, 0.0, 0.917966, -0.396658, -1.376247, 0.0, 0.0, 0.0, 1.0],
                [1.0, 0.0, 0.0, 0.0, 0.0, -0.396658, -0.917966, 0.0, 0.0, 0.917966, -0.396658, -1.362839, 0.0, 0.0, 0.0, 1.0],
                [1.0, 0.0, 0.0, 0.0, 0.0, -0.396658, -0.917966, 0.0, 0.0, 0.917966, -0.396658, -1.349636, 0.0, 0.0, 0.0, 1.0],
                [1.0, 0.0, 0.0, 0.0, 0.0, -0.396658, -0.917966, 0.0, 0.0, 0.917966, -0.396658, -1.336629, 0.0, 0.0, 0.0, 1.0],
                [1.0, 0.0, 0.0, 0.0, 0.0, -0.396658, -0.917966, 0.0, 0.0, 0.917966, -0.396658, -1.32381, 0.0, 0.0, 0.0, 1.0],
                [1.0, 0.0, 0.0, 0.0, 0.0, -0.396658, -0.917966, 0.0, 0.0, 0.917966, -0.396658, -1.311172, 0.0, 0.0, 0.0, 1.0],
                [1.0, 0.0, 0.0, 0.0, 0.0, -0.396658, -0.917966, 0.0, 0.0, 0.917966, -0.396658, -1.298707, 0.0, 0.0, 0.0, 1.0],
                [1.0, 0.0, 0.0, 0.0, 0.0, -0.396658, -0.917966, 0.0, 0.0, 0.917966, -0.396658, -1.286405, 0.0, 0.0, 0.0, 1.0],
                [1.0, 0.0, 0.0, 0.0, 0.0, -0.396658, -0.917966, 0.0, 0.0, 0.917966, -0.396658, -1.27426, 0.0, 0.0, 0.0, 1.0],
                [1.0, 0.0, 0.0, 0.0, 0.0, -0.396658, -0.917966, 0.0, 0.0, 0.917966, -0.396658, -1.262264, 0.0, 0.0, 0.0, 1.0],
                [1.0, 0.0, 0.0, 0.0, 0.0, -0.396658, -0.917966, 0.0, 0.0, 0.917966, -0.396658, -1.250408, 0.0, 0.0, 0.0, 1.0],
                [1.0, 0.0, 0.0, 0.0, 0.0, -0.396658, -0.917966, 0.0, 0.0, 0.917966, -0.396658, -1.238684, 0.0, 0.0, 0.0, 1.0],
                [1.0, 0.0, 0.0, 0.0, 0.0, -0.396658, -0.917966, 0.0, 0.0, 0.917966, -0.396658, -1.227085, 0.0, 0.0, 0.0, 1.0],
                [1.0, 0.0, 0.0, 0.0, 0.0, -0.396658, -0.917966, 0.0, 0.0, 0.917966, -0.396658, -1.215602, 0.0, 0.0, 0.0, 1.0],
                [1.0, 0.0, 0.0, 0.0, 0.0, -0.396658, -0.917966, 0.0, 0.0, 0.917966, -0.396658, -1.204228, 0.0, 0.0, 0.0, 1.0],
                [1.0, 0.0, 0.0, 0.0, 0.0, -0.396658, -0.917966, 0.0, 0.0, 0.917966, -0.396658, -1.192954, 0.0, 0.0, 0.0, 1.0],
                [1.0, 0.0, 0.0, 0.0, 0.0, -0.396658, -0.917966, 0.0, 0.0, 0.917966, -0.396658, -1.181772, 0.0, 0.0, 0.0, 1.0],
                [1.0, 0.0, 0.0, 0.0, 0.0, -0.396658, -0.917966, 0.0, 0.0, 0.917966, -0.396658, -1.170675, 0.0, 0.0, 0.0, 1.0],
                [1.0, 0.0, 0.0, 0.0, 0.0, -0.396658, -0.917966, 0.0, 0.0, 0.917966, -0.396658, -1.159654, 0.0, 0.0, 0.0, 1.0],
                [1.0, 0.0, 0.0, 0.0, 0.0, -0.396658, -0.917966, 0.0, 0.0, 0.917966, -0.396658, -1.148702, 0.0, 0.0, 0.0, 1.0],
                [1.0, 0.0, 0.0, 0.0, 0.0, -0.396658, -0.917966, 0.0, 0.0, 0.917966, -0.396658, -1.13781, 0.0, 0.0, 0.0, 1.0],
                [1.0, 0.0, 0.0, 0.0, 0.0, -0.396658, -0.917966, 0.0, 0.0, 0.917966, -0.396658, -1.12697, 0.0, 0.0, 0.0, 1.0],
                [1.0, 0.0, 0.0, 0.0, 0.0, -0.396658, -0.917966, 0.0, 0.0, 0.917966, -0.396658, -1.116174, 0.0, 0.0, 0.0, 1.0],
                [1.0, 0.0, 0.0, 0.0, 0.0, -0.396658, -0.917966, 0.0, 0.0, 0.917966, -0.396658, -1.105414, 0.0, 0.0, 0.0, 1.0],
                [1.0, 0.0, 0.0, 0.0, 0.0, -0.396658, -0.917966, 0.0, 0.0, 0.917966, -0.396658, -1.094679, 0.0, 0.0, 0.0, 1.0],
                [1.0, 0.0, 0.0, 0.0, 0.0, -0.396658, -0.917966, 0.0, 0.0, 0.917966, -0.396658, -1.083961, 0.0, 0.0, 0.0, 1.0],
                [1.0, 0.0, 0.0, 0.0, 0.0, -0.396658, -0.917966, 0.0, 0.0, 0.917966, -0.396658, -1.073251, 0.0, 0.0, 0.0, 1.0],
                [1.0, 0.0, 0.0, 0.0, 0.0, -0.396658, -0.917966, 0.0, 0.0, 0.917966, -0.396658, -1.062539, 0.0, 0.0, 0.0, 1.0],
                [1.0, 0.0, 0.0, 0.0, 0.0, -0.396658, -0.917966, 0.0, 0.0, 0.917966, -0.396658, -1.051815, 0.0, 0.0, 0.0, 1.0],
                [1.0, 0.0, 0.0, 0.0, 0.0, -0.396658, -0.917966, 0.0, 0.0, 0.917966, -0.396658, -1.041072, 0.0, 0.0, 0.0, 1.0],
                [1.0, 0.0, 0.0, 0.0, 0.0, -0.396658, -0.917966, 0.0, 0.0, 0.917966, -0.396658, -1.030298, 0.0, 0.0, 0.0, 1.0],
                [1.0, 0.0, 0.0, 0.0, 0.0, -0.396658, -0.917966, 0.0, 0.0, 0.917966, -0.396658, -1.019487, 0.0, 0.0, 0.0, 1.0],
                [1.0, 0.0, 0.0, 0.0, 0.0, -0.396658, -0.917966, 0.0, 0.0, 0.917966, -0.396658, -1.008627, 0.0, 0.0, 0.0, 1.0],
                [1.0, 0.0, 0.0, 0.0, 0.0, -0.396658, -0.917966, 0.0, 0.0, 0.917966, -0.396658, -0.99771, 0.0, 0.0, 0.0, 1.0],
                [1.0, 0.0, 0.0, 0.0, 0.0, -0.396658, -0.917966, 0.0, 0.0, 0.917966, -0.396658, -0.986726, 0.0, 0.0, 0.0, 1.0],
                [1.0, 0.0, 0.0, 0.0, 0.0, -0.396658, -0.917966, 0.0, 0.0, 0.917966, -0.396658, -0.975667, 0.0, 0.0, 0.0, 1.0],
                [1.0, 0.0, 0.0, 0.0, 0.0, -0.396658, -0.917966, 0.0, 0.0, 0.917966, -0.396658, -0.964523, 0.0, 0.0, 0.0, 1.0],
                [1.0, 0.0, 0.0, 0.0, 0.0, -0.396658, -0.917966, 0.0, 0.0, 0.917966, -0.396658, -0.953285, 0.0, 0.0, 0.0, 1.0],
                [1.0, 0.0, 0.0, 0.0, 0.0, -0.396658, -0.917966, 0.0, 0.0, 0.917966, -0.396658, -0.941943, 0.0, 0.0, 0.0, 1.0],
                [1.0, 0.0, 0.0, 0.0, 0.0, -0.396658, -0.917966, 0.0, 0.0, 0.917966, -0.396658, -0.930489, 0.0, 0.0, 0.0, 1.0],
                [1.0, 0.0, 0.0, 0.0, 0.0, -0.396658, -0.917966, 0.0, 0.0, 0.917966, -0.396658, -0.918913, 0.0, 0.0, 0.0, 1.0],
                [1.0, 0.0, 0.0, 0.0, 0.0, -0.396658, -0.917966, 0.0, 0.0, 0.917966, -0.396658, -0.907206, 0.0, 0.0, 0.0, 1.0],
                [1.0, 0.0, 0.0, 0.0, 0.0, -0.396658, -0.917966, 0.0, 0.0, 0.917966, -0.396658, -0.895359, 0.0, 0.0, 0.0, 1.0],
                [1.0, 0.0, 0.0, 0.0, 0.0, -0.396658, -0.917966, 0.0, 0.0, 0.917966, -0.396658, -0.883362, 0.0, 0.0, 0.0, 1.0],
                [1.0, 0.0, 0.0, 0.0, 0.0, -0.396658, -0.917966, 0.0, 0.0, 0.917966, -0.396658, -0.871206, 0.0, 0.0, 0.0, 1.0],
                [1.0, 0.0, 0.0, 0.0, 0.0, -0.396658, -0.917966, 0.0, 0.0, 0.917966, -0.396658, -0.858883, 0.0, 0.0, 0.0, 1.0],
                [1.0, 0.0, 0.0, 0.0, 0.0, -0.396658, -0.917966, 0.0, 0.0, 0.917966, -0.396658, -0.846382, 0.0, 0.0, 0.0, 1.0],
                [1.0, 0.0, 0.0, 0.0, 0.0, -0.396658, -0.917966, 0.0, 0.0, 0.917966, -0.396658, -0.833694, 0.0, 0.0, 0.0, 1.0],
                [1.0, 0.0, 0.0, 0.0, 0.0, -0.396658, -0.917966, 0.0, 0.0, 0.917966, -0.396658, -0.820811, 0.0, 0.0, 0.0, 1.0],
                [1.0, 0.0, 0.0, 0.0, 0.0, -0.396658, -0.917966, 0.0, 0.0, 0.917966, -0.396658, -0.807723, 0.0, 0.0, 0.0, 1.0],
                [1.0, 0.0, 0.0, 0.0, 0.0, -0.396658, -0.917966, 0.0, 0.0, 0.917966, -0.396658, -0.794421, 0.0, 0.0, 0.0, 1.0],
                [1.0, 0.0, 0.0, 0.0, 0.0, -0.396658, -0.917966, 0.0, 0.0, 0.917966, -0.396658, -0.780896, 0.0, 0.0, 0.0, 1.0],
                [1.0, 0.0, 0.0, 0.0, 0.0, -0.396658, -0.917966, 0.0, 0.0, 0.917966, -0.396658, -0.767138, 0.0, 0.0, 0.0, 1.0],
                [1.0, 0.0, 0.0, 0.0, 0.0, -0.396658, -0.917966, 0.0, 0.0, 0.917966, -0.396658, -0.753138, 0.0, 0.0, 0.0, 1.0],
                [1.0, 0.0, 0.0, 0.0, 0.0, -0.396658, -0.917966, 0.0, 0.0, 0.917966, -0.396658, -0.738887, 0.0, 0.0, 0.0, 1.0],
                [1.0, 0.0, 0.0, 0.0, 0.0, -0.396658, -0.917966, 0.0, 0.0, 0.917966, -0.396658, -0.724376, 0.0, 0.0, 0.0, 1.0],
                [1.0, 0.0, 0.0, 0.0, 0.0, -0.396658, -0.917966, 0.0, 0.0, 0.917966, -0.396658, -0.709595, 0.0, 0.0, 0.0, 1.0],
                [1.0, 0.0, 0.0, 0.0, 0.0, -0.396658, -0.917966, 0.0, 0.0, 0.917966, -0.396658, -0.694535, 0.0, 0.0, 0.0, 1.0],
                [1.0, 0.0, 0.0, 0.0, 0.0, -0.396658, -0.917966, 0.0, 0.0, 0.917966, -0.396658, -0.679187, 0.0, 0.0, 0.0, 1.0],
                [1.0, 0.0, 0.0, 0.0, 0.0, -0.396658, -0.917966, 0.0, 0.0, 0.917966, -0.396658, -0.663542, 0.0, 0.0, 0.0, 1.0],
                [1.0, 0.0, 0.0, 0.0, 0.0, -0.396658, -0.917966, 0.0, 0.0, 0.917966, -0.396658, -0.647591, 0.0, 0.0, 0.0, 1.0],
                [1.0, 0.0, 0.0, 0.0, 0.0, -0.396658, -0.917966, 0.0, 0.0, 0.917966, -0.396658, -0.631324, 0.0, 0.0, 0.0, 1.0],
                [1.0, 0.0, 0.0, 0.0, 0.0, -0.396658, -0.917966, 0.0, 0.0, 0.917966, -0.396658, -0.614732, 0.0, 0.0, 0.0, 1.0],
                [1.0, 0.0, 0.0, 0.0, 0.0, -0.396658, -0.917966, 0.0, 0.0, 0.917966, -0.396658, -0.597806, 0.0, 0.0, 0.0, 1.0],
                [1.0, 0.0, 0.0, 0.0, 0.0, -0.396658, -0.917966, 0.0, 0.0, 0.917966, -0.396658, -0.580536, 0.0, 0.0, 0.0, 1.0],
                [1.0, 0.0, 0.0, 0.0, 0.0, -0.396658, -0.917966, 0.0, 0.0, 0.917966, -0.396658, -0.562913, 0.0, 0.0, 0.0, 1.0],
                [1.0, 0.0, 0.0, 0.0, 0.0, -0.396658, -0.917966, 0.0, 0.0, 0.917966, -0.396658, -0.544929, 0.0, 0.0, 0.0, 1.0],
                [1.0, 0.0, 0.0, 0.0, 0.0, -0.396658, -0.917966, 0.0, 0.0, 0.917966, -0.396658, -0.526586, 0.0, 0.0, 0.0, 1.0],
                [1.0, 0.0, 0.0, 0.0, 0.0, -0.396658, -0.917966, 0.0, 0.0, 0.917966, -0.396658, -0.507939, 0.0, 0.0, 0.0, 1.0],
                [1.0, 0.0, 0.0, 0.0, 0.0, -0.396658, -0.917966, 0.0, 0.0, 0.917966, -0.396658, -0.489051, 0.0, 0.0, 0.0, 1.0],
                [1.0, 0.0, 0.0, 0.0, 0.0, -0.396658, -0.917966, 0.0, 0.0, 0.917966, -0.396658, -0.46999, 0.0, 0.0, 0.0, 1.0],
                [1.0, 0.0, 0.0, 0.0, 0.0, -0.396658, -0.917966, 0.0, 0.0, 0.917966, -0.396658, -0.450822, 0.0, 0.0, 0.0, 1.0],
                [1.0, 0.0, 0.0, 0.0, 0.0, -0.396658, -0.917966, 0.0, 0.0, 0.917966, -0.396658, -0.431611, 0.0, 0.0, 0.0, 1.0],
                [1.0, 0.0, 0.0, 0.0, 0.0, -0.396658, -0.917966, 0.0, 0.0, 0.917966, -0.396658, -0.412425, 0.0, 0.0, 0.0, 1.0],
                [1.0, 0.0, 0.0, 0.0, 0.0, -0.396658, -0.917966, 0.0, 0.0, 0.917966, -0.396658, -0.393329, 0.0, 0.0, 0.0, 1.0],
                [1.0, 0.0, 0.0, 0.0, 0.0, -0.396658, -0.917966, 0.0, 0.0, 0.917966, -0.396658, -0.374389, 0.0, 0.0, 0.0, 1.0],
                [1.0, 0.0, 0.0, 0.0, 0.0, -0.396658, -0.917966, 0.0, 0.0, 0.917966, -0.396658, -0.35567, 0.0, 0.0, 0.0, 1.0],
                [1.0, 0.0, 0.0, 0.0, 0.0, -0.396658, -0.917966, 0.0, 0.0, 0.917966, -0.396658, -0.33724, 0.0, 0.0, 0.0, 1.0],
                [1.0, 0.0, 0.0, 0.0, 0.0, -0.396658, -0.917966, 0.0, 0.0, 0.917966, -0.396658, -0.319162, 0.0, 0.0, 0.0, 1.0],
                [1.0, 0.0, 0.0, 0.0, 0.0, -0.396658, -0.917966, 0.0, 0.0, 0.917966, -0.396658, -0.301504, 0.0, 0.0, 0.0, 1.0],
                [1.0, 0.0, 0.0, 0.0, 0.0, -0.396658, -0.917966, 0.0, 0.0, 0.917966, -0.396658, -0.284331, 0.0, 0.0, 0.0, 1.0],
                [1.0, 0.0, 0.0, 0.0, 0.0, -0.396658, -0.917966, 0.0, 0.0, 0.917966, -0.396658, -0.267709, 0.0, 0.0, 0.0, 1.0],
                [1.0, 0.0, 0.0, 0.0, 0.0, -0.396658, -0.917966, 3.5e-05, 0.0, 0.917966, -0.396658, -0.251693, 0.0, 0.0, 0.0, 1.0],
                [1.0, 0.0, 0.0, 0.0, 0.0, -0.396658, -0.917966, 0.000136, 0.0, 0.917966, -0.396658, -0.236288, 0.0, 0.0, 0.0, 1.0],
                [1.0, 0.0, 0.0, 0.0, 0.0, -0.396658, -0.917966, 0.000298, 0.0, 0.917966, -0.396658, -0.221488, 0.0, 0.0, 0.0, 1.0],
                [1.0, 0.0, 0.0, 0.0, 0.0, -0.396658, -0.917966, 0.000517, 0.0, 0.917966, -0.396658, -0.207289, 0.0, 0.0, 0.0, 1.0],
                [1.0, 0.0, 0.0, 0.0, 0.0, -0.396658, -0.917966, 0.000788, 0.0, 0.917966, -0.396658, -0.193685, 0.0, 0.0, 0.0, 1.0],
                [1.0, 0.0, 0.0, 0.0, 0.0, -0.396658, -0.917966, 0.001106, 0.0, 0.917966, -0.396658, -0.18067, 0.0, 0.0, 0.0, 1.0],
                [1.0, 0.0, 0.0, 0.0, 0.0, -0.396658, -0.917966, 0.001466, 0.0, 0.917966, -0.396658, -0.168239, 0.0, 0.0, 0.0, 1.0],
                [1.0, 0.0, 0.0, 0.0, 0.0, -0.396658, -0.917966, 0.001863, 0.0, 0.917966, -0.396658, -0.156386, 0.0, 0.0, 0.0, 1.0],
                [1.0, 0.0, 0.0, 0.0, 0.0, -0.396658, -0.917966, 0.002293, 0.0, 0.917966, -0.396658, -0.145106, 0.0, 0.0, 0.0, 1.0],
                [1.0, 0.0, 0.0, 0.0, 0.0, -0.396658, -0.917966, 0.002751, 0.0, 0.917966, -0.396658, -0.134393, 0.0, 0.0, 0.0, 1.0],
                [1.0, 0.0, 0.0, 0.0, 0.0, -0.396658, -0.917966, 0.003231, 0.0, 0.917966, -0.396658, -0.124241, 0.0, 0.0, 0.0, 1.0],
                [1.0, 0.0, 0.0, 0.0, 0.0, -0.396658, -0.917966, 0.00373, 0.0, 0.917966, -0.396658, -0.114645, 0.0, 0.0, 0.0, 1.0],
                [1.0, 0.0, 0.0, 0.0, 0.0, -0.396658, -0.917966, 0.004242, 0.0, 0.917966, -0.396658, -0.1056, 0.0, 0.0, 0.0, 1.0],
                [1.0, 0.0, 0.0, 0.0, 0.0, -0.396658, -0.917966, 0.004762, 0.0, 0.917966, -0.396658, -0.0971, 0.0, 0.0, 0.0, 1.0],
                [1.0, 0.0, 0.0, 0.0, 0.0, -0.396658, -0.917966, 0.005286, 0.0, 0.917966, -0.396658, -0.089139, 0.0, 0.0, 0.0, 1.0],
                [1.0, 0.0, 0.0, 0.0, 0.0, -0.396658, -0.917966, 0.005809, 0.0, 0.917966, -0.396658, -0.081712, 0.0, 0.0, 0.0, 1.0],
                [1.0, 0.0, 0.0, 0.0, 0.0, -0.396658, -0.917966, 0.006326, 0.0, 0.917966, -0.396658, -0.074814, 0.0, 0.0, 0.0, 1.0],
                [1.0, 0.0, 0.0, 0.0, 0.0, -0.396658, -0.917966, 0.006832, 0.0, 0.917966, -0.396658, -0.068438, 0.0, 0.0, 0.0, 1.0],
                [1.0, 0.0, 0.0, 0.0, 0.0, -0.396658, -0.917966, 0.007322, 0.0, 0.917966, -0.396658, -0.062579, 0.0, 0.0, 0.0, 1.0],
                [1.0, 0.0, 0.0, 0.0, 0.0, -0.396658, -0.917966, 0.007792, 0.0, 0.917966, -0.396658, -0.057232, 0.0, 0.0, 0.0, 1.0],
                [1.0, 0.0, 0.0, 0.0, 0.0, -0.396658, -0.917966, 0.008236, 0.0, 0.917966, -0.396658, -0.052391, 0.0, 0.0, 0.0, 1.0],
                [1.0, 0.0, 0.0, 0.0, 0.0, -0.396658, -0.917966, 0.008651, 0.0, 0.917966, -0.396658, -0.048051, 0.0, 0.0, 0.0, 1.0],
                [1.0, 0.0, 0.0, 0.0, 0.0, -0.396658, -0.917966, 0.00903, 0.0, 0.917966, -0.396658, -0.044206, 0.0, 0.0, 0.0, 1.0],
                [1.0, 0.0, 0.0, 0.0, 0.0, -0.396658, -0.917966, 0.00937, 0.0, 0.917966, -0.396658, -0.04085, 0.0, 0.0, 0.0, 1.0],
                [1.0, 0.0, 0.0, 0.0, 0.0, -0.396658, -0.917966, 0.009666, 0.0, 0.917966, -0.396658, -0.037979, 0.0, 0.0, 0.0, 1.0],
                [1.0, 0.0, 0.0, 0.0, 0.0, -0.396658, -0.917966, 0.009913, 0.0, 0.917966, -0.396658, -0.035567, 0.0, 0.0, 0.0, 1.0],
                [1.0, 0.0, 0.0, 0.0, 0.0, -0.396658, -0.917966, 0.010116, 0.0, 0.917966, -0.396658, -0.033516, 0.0, 0.0, 0.0, 1.0],
                [1.0, 0.0, 0.0, 0.0, 0.0, -0.396658, -0.917966, 0.010278, 0.0, 0.917966, -0.396658, -0.031709, 0.0, 0.0, 0.0, 1.0],
                [1.0, 0.0, 0.0, 0.0, 0.0, -0.396658, -0.917966, 0.010405, 0.0, 0.917966, -0.396658, -0.030028, 0.0, 0.0, 0.0, 1.0],
                [1.0, 0.0, 0.0, 0.0, 0.0, -0.396658, -0.917966, 0.010501, 0.0, 0.917966, -0.396658, -0.028356, 0.0, 0.0, 0.0, 1.0],
                [1.0, 0.0, 0.0, 0.0, 0.0, -0.396658, -0.917966, 0.01057, 0.0, 0.917966, -0.396658, -0.026576, 0.0, 0.0, 0.0, 1.0],
                [1.0, 0.0, 0.0, 0.0, 0.0, -0.396658, -0.917966, 0.010617, 0.0, 0.917966, -0.396658, -0.024569, 0.0, 0.0, 0.0, 1.0],
                [1.0, 0.0, 0.0, 0.0, 0.0, -0.396658, -0.917966, 0.010646, 0.0, 0.917966, -0.396658, -0.022219, 0.0, 0.0, 0.0, 1.0],
                [1.0, 0.0, 0.0, 0.0, 0.0, -0.396658, -0.917966, 0.010663, 0.0, 0.917966, -0.396658, -0.019409, 0.0, 0.0, 0.0, 1.0],
                [1.0, 0.0, 0.0, 0.0, 0.0, -0.396658, -0.917966, 0.010671, 0.0, 0.917966, -0.396658, -0.01602, 0.0, 0.0, 0.0, 1.0],
                [1.0, 0.0, 0.0, 0.0, 0.0, -0.396658, -0.917966, 0.010675, 0.0, 0.917966, -0.396658, -0.011936, 0.0, 0.0, 0.0, 1.0],
                [1.0, 0.0, 0.0, 0.0, 0.0, -0.396658, -0.917966, 0.01068, 0.0, 0.917966, -0.396658, -0.007039, 0.0, 0.0, 0.0, 1.0],
                [1.0, 0.0, 0.0, 0.0, 0.0, -0.396658, -0.917966, 0.01069, 0.0, 0.917966, -0.396658, -0.001211, 0.0, 0.0, 0.0, 1.0],
                [1.0, 0.0, 0.0, 0.0, 0.0, -0.396658, -0.917966, 0.010709, 0.0, 0.917966, -0.396658, 0.005664, 0.0, 0.0, 0.0, 1.0],
                [1.0, 0.0, 0.0, 0.0, 0.0, -0.396658, -0.917966, 0.010744, 0.0, 0.917966, -0.396658, 0.013704, 0.0, 0.0, 0.0, 1.0],
                [1.0, 0.0, 0.0, 0.0, 0.0, -0.396658, -0.917966, 0.010797, 0.0, 0.917966, -0.396658, 0.023027, 0.0, 0.0, 0.0, 1.0],
                [1.0, 0.0, 0.0, 0.0, 0.0, -0.396658, -0.917966, 0.010873, 0.0, 0.917966, -0.396658, 0.03375, 0.0, 0.0, 0.0, 1.0],
                [1.0, 0.0, 0.0, 0.0, 0.0, -0.396658, -0.917966, 0.010977, 0.0, 0.917966, -0.396658, 0.04599, 0.0, 0.0, 0.0, 1.0],
                [1.0, 0.0, 0.0, 0.0, 0.0, -0.396658, -0.917966, 0.011114, 0.0, 0.917966, -0.396658, 0.059865, 0.0, 0.0, 0.0, 1.0],
                [1.0, 0.0, 0.0, 0.0, 0.0, -0.396658, -0.917966, 0.011288, 0.0, 0.917966, -0.396658, 0.075492, 0.0, 0.0, 0.0, 1.0],
                [1.0, 0.0, 0.0, 0.0, 0.0, -0.396658, -0.917966, 0.011504, 0.0, 0.917966, -0.396658, 0.092989, 0.0, 0.0, 0.0, 1.0],
                [1.0, 0.0, 0.0, 0.0, 0.0, -0.396658, -0.917966, 0.011766, 0.0, 0.917966, -0.396658, 0.112472, 0.0, 0.0, 0.0, 1.0],
                [1.0, 0.0, 0.0, 0.0, 0.0, -0.396658, -0.917966, 0.012122, 0.0, 0.917966, -0.396658, 0.135988, 0.0, 0.0, 0.0, 1.0],
                [1.0, 0.0, 0.0, 0.0, 0.0, -0.396658, -0.917966, 0.012614, 0.0, 0.917966, -0.396658, 0.164754, 0.0, 0.0, 0.0, 1.0],
                [1.0, 0.0, 0.0, 0.0, 0.0, -0.396658, -0.917966, 0.013238, 0.0, 0.917966, -0.396658, 0.197649, 0.0, 0.0, 0.0, 1.0],
                [1.0, 0.0, 0.0, 0.0, 0.0, -0.396658, -0.917966, 0.013989, 0.0, 0.917966, -0.396658, 0.23355, 0.0, 0.0, 0.0, 1.0],
                [1.0, 0.0, 0.0, 0.0, 0.0, -0.396658, -0.917966, 0.014862, 0.0, 0.917966, -0.396658, 0.271334, 0.0, 0.0, 0.0, 1.0],
                [1.0, 0.0, 0.0, 0.0, 0.0, -0.396658, -0.917966, 0.015853, 0.0, 0.917966, -0.396658, 0.309879, 0.0, 0.0, 0.0, 1.0],
                [1.0, 0.0, 0.0, 0.0, 0.0, -0.396658, -0.917966, 0.016957, 0.0, 0.917966, -0.396658, 0.348062, 0.0, 0.0, 0.0, 1.0],
                [1.0, 0.0, 0.0, 0.0, 0.0, -0.396658, -0.917966, 0.01817, 0.0, 0.917966, -0.396658, 0.38476, 0.0, 0.0, 0.0, 1.0],
                [1.0, 0.0, 0.0, 0.0, 0.0, -0.396658, -0.917966, 0.019486, 0.0, 0.917966, -0.396658, 0.418852, 0.0, 0.0, 0.0, 1.0],
                [1.0, 0.0, 0.0, 0.0, 0.0, -0.396658, -0.917966, 0.020902, 0.0, 0.917966, -0.396658, 0.449214, 0.0, 0.0, 0.0, 1.0],
                [1.0, 0.0, 0.0, 0.0, 0.0, -0.396658, -0.917966, 0.022411, 0.0, 0.917966, -0.396658, 0.474725, 0.0, 0.0, 0.0, 1.0],
                [1.0, 0.0, 0.0, 0.0, 0.0, -0.396658, -0.917966, 0.024011, 0.0, 0.917966, -0.396658, 0.494261, 0.0, 0.0, 0.0, 1.0],
                [1.0, 0.0, 0.0, 0.0, 0.0, -0.396658, -0.917966, 0.025696, 0.0, 0.917966, -0.396658, 0.5067, 0.0, 0.0, 0.0, 1.0],
                [1.0, 0.0, 0.0, 0.0, 0.0, -0.396462, -0.918051, 0.027461, 0.0, 0.918051, -0.396462, 0.515104, 0.0, 0.0, 0.0, 1.0],
                [1.0, 0.0, 0.0, 0.0, 0.0, -0.395879, -0.918303, 0.029305, 0.0, 0.918303, -0.395879, 0.523283, 0.0, 0.0, 0.0, 1.0],
                [1.0, 0.0, 0.0, 0.0, 0.0, -0.39492, -0.918715, 0.031223, 0.0, 0.918715, -0.39492, 0.531241, 0.0, 0.0, 0.0, 1.0],
                [1.0, 0.0, 0.0, 0.0, 0.0, -0.393596, -0.919284, 0.033214, 0.0, 0.919284, -0.393596, 0.538982, 0.0, 0.0, 0.0, 1.0],
                [1.0, 0.0, 0.0, 0.0, 0.0, -0.391915, -0.920002, 0.035274, 0.0, 0.920002, -0.391915, 0.546507, 0.0, 0.0, 0.0, 1.0],
                [1.0, 0.0, 0.0, 0.0, 0.0, -0.389887, -0.920863, 0.037401, 0.0, 0.920863, -0.389887, 0.55382, 0.0, 0.0, 0.0, 1.0],
                [1.0, 0.0, 0.0, 0.0, 0.0, -0.387522, -0.92186, 0.039592, 0.0, 0.92186, -0.387522, 0.560925, 0.0, 0.0, 0.0, 1.0],
                [1.0, 0.0, 0.0, 0.0, 0.0, -0.384829, -0.922988, 0.041844, 0.0, 0.922988, -0.384829, 0.567823, 0.0, 0.0, 0.0, 1.0],
                [1.0, 0.0, 0.0, 0.0, 0.0, -0.381818, -0.924238, 0.044154, 0.0, 0.924238, -0.381818, 0.574519, 0.0, 0.0, 0.0, 1.0],
                [1.0, 0.0, 0.0, 0.0, 0.0, -0.378497, -0.925602, 0.04652, 0.0, 0.925602, -0.378497, 0.581014, 0.0, 0.0, 0.0, 1.0],
                [1.0, 0.0, 0.0, 0.0, 0.0, -0.374876, -0.927075, 0.048939, 0.0, 0.927075, -0.374876, 0.587313, 0.0, 0.0, 0.0, 1.0],
                [1.0, 0.0, 0.0, 0.0, 0.0, -0.370963, -0.928648, 0.051408, 0.0, 0.928648, -0.370963, 0.593418, 0.0, 0.0, 0.0, 1.0],
                [1.0, 0.0, 0.0, 0.0, 0.0, -0.366769, -0.930312, 0.053925, 0.0, 0.930312, -0.366769, 0.599333, 0.0, 0.0, 0.0, 1.0],
                [1.0, 0.0, 0.0, 0.0, 0.0, -0.362301, -0.932061, 0.056486, 0.0, 0.932061, -0.362301, 0.605059, 0.0, 0.0, 0.0, 1.0],
                [1.0, 0.0, 0.0, 0.0, 0.0, -0.357569, -0.933887, 0.059089, 0.0, 0.933887, -0.357569, 0.610601, 0.0, 0.0, 0.0, 1.0],
                [1.0, 0.0, 0.0, 0.0, 0.0, -0.352583, -0.935781, 0.061731, 0.0, 0.935781, -0.352583, 0.615961, 0.0, 0.0, 0.0, 1.0],
                [1.0, 0.0, 0.0, 0.0, 0.0, -0.347351, -0.937735, 0.064409, 0.0, 0.937735, -0.347351, 0.621143, 0.0, 0.0, 0.0, 1.0],
                [1.0, 0.0, 0.0, 0.0, 0.0, -0.341882, -0.939743, 0.067122, 0.0, 0.939743, -0.341882, 0.626149, 0.0, 0.0, 0.0, 1.0],
                [1.0, 0.0, 0.0, 0.0, 0.0, -0.336188, -0.941795, 0.069864, 0.0, 0.941795, -0.336188, 0.630982, 0.0, 0.0, 0.0, 1.0],
                [1.0, 0.0, 0.0, 0.0, 0.0, -0.330276, -0.943885, 0.072635, 0.0, 0.943885, -0.330276, 0.635646, 0.0, 0.0, 0.0, 1.0],
                [1.0, 0.0, 0.0, 0.0, 0.0, -0.324156, -0.946004, 0.075432, 0.0, 0.946004, -0.324156, 0.640143, 0.0, 0.0, 0.0, 1.0],
                [1.0, 0.0, 0.0, 0.0, 0.0, -0.317839, -0.948145, 0.07825, 0.0, 0.948145, -0.317839, 0.644477, 0.0, 0.0, 0.0, 1.0],
                [1.0, 0.0, 0.0, 0.0, 0.0, -0.311335, -0.9503, 0.081089, 0.0, 0.9503, -0.311335, 0.64865, 0.0, 0.0, 0.0, 1.0],
                [1.0, 0.0, 0.0, 0.0, 0.0, -0.304653, -0.952464, 0.083944, 0.0, 0.952464, -0.304653, 0.652666, 0.0, 0.0, 0.0, 1.0],
                [1.0, 0.0, 0.0, 0.0, 0.0, -0.297803, -0.954627, 0.086814, 0.0, 0.954627, -0.297803, 0.656527, 0.0, 0.0, 0.0, 1.0],
                [1.0, 0.0, 0.0, 0.0, 0.0, -0.290797, -0.956785, 0.089696, 0.0, 0.956785, -0.290797, 0.660237, 0.0, 0.0, 0.0, 1.0],
                [1.0, 0.0, 0.0, 0.0, 0.0, -0.283645, -0.958929, 0.092586, 0.0, 0.958929, -0.283645, 0.663798, 0.0, 0.0, 0.0, 1.0],
                [1.0, 0.0, 0.0, 0.0, 0.0, -0.276358, -0.961055, 0.095482, 0.0, 0.961055, -0.276358, 0.667215, 0.0, 0.0, 0.0, 1.0],
                [1.0, 0.0, 0.0, 0.0, 0.0, -0.268946, -0.963155, 0.098381, 0.0, 0.963155, -0.268946, 0.670488, 0.0, 0.0, 0.0, 1.0],
                [1.0, 0.0, 0.0, 0.0, 0.0, -0.261421, -0.965225, 0.101281, 0.0, 0.965225, -0.261421, 0.673623, 0.0, 0.0, 0.0, 1.0],
                [1.0, 0.0, 0.0, 0.0, 0.0, -0.253793, -0.967258, 0.104178, 0.0, 0.967258, -0.253793, 0.676621, 0.0, 0.0, 0.0, 1.0],
                [1.0, 0.0, 0.0, 0.0, 0.0, -0.246075, -0.969251, 0.107071, 0.0, 0.969251, -0.246075, 0.679486, 0.0, 0.0, 0.0, 1.0],
                [1.0, 0.0, 0.0, 0.0, 0.0, -0.238278, -0.971197, 0.109955, 0.0, 0.971197, -0.238278, 0.682221, 0.0, 0.0, 0.0, 1.0],
                [1.0, 0.0, 0.0, 0.0, 0.0, -0.230413, -0.973093, 0.112829, 0.0, 0.973093, -0.230413, 0.684829, 0.0, 0.0, 0.0, 1.0],
                [1.0, 0.0, 0.0, 0.0, 0.0, -0.222493, -0.974934, 0.11569, 0.0, 0.974934, -0.222493, 0.687313, 0.0, 0.0, 0.0, 1.0],
                [1.0, 0.0, 0.0, 0.0, 0.0, -0.214528, -0.976718, 0.118534, 0.0, 0.976718, -0.214528, 0.689675, 0.0, 0.0, 0.0, 1.0],
                [1.0, 0.0, 0.0, 0.0, 0.0, -0.206532, -0.97844, 0.12136, 0.0, 0.97844, -0.206532, 0.691919, 0.0, 0.0, 0.0, 1.0],
                [1.0, 0.0, 0.0, 0.0, 0.0, -0.198517, -0.980098, 0.124164, 0.0, 0.980098, -0.198517, 0.694048, 0.0, 0.0, 0.0, 1.0],
                [1.0, 0.0, 0.0, 0.0, 0.0, -0.190493, -0.981688, 0.126943, 0.0, 0.981688, -0.190493, 0.696066, 0.0, 0.0, 0.0, 1.0],
                [1.0, 0.0, 0.0, 0.0, 0.0, -0.182475, -0.983211, 0.129696, 0.0, 0.983211, -0.182475, 0.697974, 0.0, 0.0, 0.0, 1.0],
                [1.0, 0.0, 0.0, 0.0, 0.0, -0.174474, -0.984662, 0.132418, 0.0, 0.984662, -0.174474, 0.699776, 0.0, 0.0, 0.0, 1.0],
                [1.0, 0.0, 0.0, 0.0, 0.0, -0.166502, -0.986041, 0.135108, 0.0, 0.986041, -0.166502, 0.701475, 0.0, 0.0, 0.0, 1.0],
                [1.0, 0.0, 0.0, 0.0, 0.0, -0.158573, -0.987347, 0.137763, 0.0, 0.987347, -0.158573, 0.703075, 0.0, 0.0, 0.0, 1.0],
                [1.0, 0.0, 0.0, 0.0, 0.0, -0.150698, -0.98858, 0.140379, 0.0, 0.98858, -0.150698, 0.704577, 0.0, 0.0, 0.0, 1.0],
                [1.0, 0.0, 0.0, 0.0, 0.0, -0.142889, -0.989739, 0.142954, 0.0, 0.989739, -0.142889, 0.705986, 0.0, 0.0, 0.0, 1.0],
                [1.0, 0.0, 0.0, 0.0, 0.0, -0.13516, -0.990824, 0.145486, 0.0, 0.990824, -0.13516, 0.707303, 0.0, 0.0, 0.0, 1.0],
                [1.0, 0.0, 0.0, 0.0, 0.0, -0.127523, -0.991836, 0.147971, 0.0, 0.991836, -0.127523, 0.708533, 0.0, 0.0, 0.0, 1.0],
                [1.0, 0.0, 0.0, 0.0, 0.0, -0.11999, -0.992775, 0.150406, 0.0, 0.992775, -0.11999, 0.709678, 0.0, 0.0, 0.0, 1.0],
                [1.0, 0.0, 0.0, 0.0, 0.0, -0.112574, -0.993643, 0.15279, 0.0, 0.993643, -0.112574, 0.710742, 0.0, 0.0, 0.0, 1.0],
                [1.0, 0.0, 0.0, 0.0, 0.0, -0.105287, -0.994442, 0.155119, 0.0, 0.994442, -0.105287, 0.711726, 0.0, 0.0, 0.0, 1.0],
                [1.0, 0.0, 0.0, 0.0, 0.0, -0.098142, -0.995172, 0.157391, 0.0, 0.995172, -0.098142, 0.712635, 0.0, 0.0, 0.0, 1.0],
                [1.0, 0.0, 0.0, 0.0, 0.0, -0.09115, -0.995837, 0.159602, 0.0, 0.995837, -0.09115, 0.713472, 0.0, 0.0, 0.0, 1.0],
                [1.0, 0.0, 0.0, 0.0, 0.0, -0.084324, -0.996438, 0.16175, 0.0, 0.996438, -0.084324, 0.714238, 0.0, 0.0, 0.0, 1.0],
                [1.0, 0.0, 0.0, 0.0, 0.0, -0.077676, -0.996979, 0.163833, 0.0, 0.996979, -0.077676, 0.714938, 0.0, 0.0, 0.0, 1.0],
                [1.0, 0.0, 0.0, 0.0, 0.0, -0.071218, -0.997461, 0.165847, 0.0, 0.997461, -0.071218, 0.715575, 0.0, 0.0, 0.0, 1.0],
                [1.0, 0.0, 0.0, 0.0, 0.0, -0.064962, -0.997888, 0.167789, 0.0, 0.997888, -0.064962, 0.71615, 0.0, 0.0, 0.0, 1.0],
                [1.0, 0.0, 0.0, 0.0, 0.0, -0.05892, -0.998263, 0.169658, 0.0, 0.998263, -0.05892, 0.716669, 0.0, 0.0, 0.0, 1.0],
                [1.0, 0.0, 0.0, 0.0, 0.0, -0.053105, -0.998589, 0.171449, 0.0, 0.998589, -0.053105, 0.717133, 0.0, 0.0, 0.0, 1.0],
                [1.0, 0.0, 0.0, 0.0, 0.0, -0.047526, -0.99887, 0.173161, 0.0, 0.99887, -0.047526, 0.717545, 0.0, 0.0, 0.0, 1.0],
                [1.0, 0.0, 0.0, 0.0, 0.0, -0.042198, -0.999109, 0.174791, 0.0, 0.999109, -0.042198, 0.717909, 0.0, 0.0, 0.0, 1.0],
                [1.0, 0.0, 0.0, 0.0, 0.0, -0.03713, -0.99931, 0.176335, 0.0, 0.99931, -0.03713, 0.718227, 0.0, 0.0, 0.0, 1.0],
                [1.0, 0.0, 0.0, 0.0, 0.0, -0.032335, -0.999477, 0.177792, 0.0, 0.999477, -0.032335, 0.718503, 0.0, 0.0, 0.0, 1.0],
                [1.0, 0.0, 0.0, 0.0, 0.0, -0.027824, -0.999613, 0.179158, 0.0, 0.999613, -0.027824, 0.71874, 0.0, 0.0, 0.0, 1.0],
                [1.0, 0.0, 0.0, 0.0, 0.0, -0.023609, -0.999721, 0.18043, 0.0, 0.999721, -0.023609, 0.71894, 0.0, 0.0, 0.0, 1.0],
                [1.0, 0.0, 0.0, 0.0, 0.0, -0.0197, -0.999806, 0.181607, 0.0, 0.999806, -0.0197, 0.719107, 0.0, 0.0, 0.0, 1.0],
                [1.0, 0.0, 0.0, 0.0, 0.0, -0.016111, -0.99987, 0.182684, 0.0, 0.99987, -0.016111, 0.719244, 0.0, 0.0, 0.0, 1.0],
                [1.0, 0.0, 0.0, 0.0, 0.0, -0.012851, -0.999917, 0.18366, 0.0, 0.999917, -0.012851, 0.719354, 0.0, 0.0, 0.0, 1.0],
                [1.0, 0.0, 0.0, 0.0, 0.0, -0.009932, -0.999951, 0.184531, 0.0, 0.999951, -0.009932, 0.719439, 0.0, 0.0, 0.0, 1.0],
                [1.0, 0.0, 0.0, 0.0, 0.0, -0.007365, -0.999973, 0.185295, 0.0, 0.999973, -0.007365, 0.719503, 0.0, 0.0, 0.0, 1.0],
                [1.0, 0.0, 0.0, 0.0, 0.0, -0.005162, -0.999987, 0.185949, 0.0, 0.999987, -0.005162, 0.719549, 0.0, 0.0, 0.0, 1.0],
                [1.0, 0.0, 0.0, 0.0, 0.0, -0.003334, -0.999994, 0.186491, 0.0, 0.999994, -0.003334, 0.71958, 0.0, 0.0, 0.0, 1.0],
                [1.0, 0.0, 0.0, 0.0, 0.0, -0.001893, -0.999998, 0.186917, 0.0, 0.999998, -0.001893, 0.719598, 0.0, 0.0, 0.0, 1.0],
                [1.0, 0.0, 0.0, 0.0, 0.0, -0.000849, -1.0, 0.187224, 0.0, 1.0, -0.000849, 0.719608, 0.0, 0.0, 0.0, 1.0],
                [1.0, 0.0, 0.0, 0.0, 0.0, -0.000214, -1.0, 0.187411, 0.0, 1.0, -0.000214, 0.719612, 0.0, 0.0, 0.0, 1.0],
                [1.0, 0.0, 0.0, 0.0, 0.0, 0.0, -1.0, 0.187474, 0.0, 1.0, 0.0, 0.719612, 0.0, 0.0, 0.0, 1.0]
            ]
        },
        {
            "name": "body",
            "time": [0.0, 0.0167, 0.0333, 0.05, 0.0667, 0.0833, 0.1, 0.1167, 0.1333, 0.15, 0.1667, 0.1833, 0.2, 0.2167, 0.2333, 0.25, 0.2667, 0.2833, 0.3, 0.3167, 0.3333, 0.35, 0.3667, 0.3833, 0.4, 0.4167, 0.4333, 0.45, 0.4667, 0.4833, 0.5, 0.5167, 0.5333, 0.55, 0.5667, 0.5833, 0.6, 0.6167, 0.6333, 0.65, 0.6667, 0.6833, 0.7, 0.7167, 0.7333, 0.75, 0.7667, 0.7833, 0.8, 0.8167, 0.8333, 0.85, 0.8667, 0.8833, 0.9, 0.9167, 0.9333, 0.95, 0.9667, 0.9833, 1.0, 1.0167, 1.0333, 1.05, 1.0667, 1.0833, 1.1, 1.1167, 1.1333, 1.15, 1.1667, 1.1833, 1.2, 1.2167, 1.2333, 1.25, 1.2667, 1.2833, 1.3, 1.3167, 1.3333, 1.35, 1.3667, 1.3833, 1.4, 1.4167, 1.4333, 1.45, 1.4667, 1.4833, 1.5, 1.5167, 1.5333, 1.55, 1.5667, 1.5833, 1.6, 1.6167, 1.6333, 1.65, 1.6667, 1.6833, 1.7, 1.7167, 1.7333, 1.75, 1.7667, 1.7833, 1.8, 1.8167, 1.8333, 1.85, 1.8667, 1.8833, 1.9, 1.9167, 1.9333, 1.95, 1.9667, 1.9833, 2.0, 2.0167, 2.0333, 2.05, 2.0667, 2.0833, 2.1, 2.1167, 2.1333, 2.15, 2.1667, 2.1833, 2.2, 2.2167, 2.2333, 2.25, 2.2667, 2.2833, 2.3, 2.3167, 2.3333, 2.35, 2.3667, 2.3833, 2.4, 2.4167, 2.4333, 2.45, 2.4667, 2.4833, 2.5, 2.5167, 2.5333, 2.55, 2.5667, 2.5833, 2.6, 2.6167, 2.6333, 2.65, 2.6667, 2.6833, 2.7, 2.7167, 2.7333, 2.75, 2.7667, 2.7833, 2.8, 2.8167, 2.8333, 2.85, 2.8667, 2.8833, 2.9, 2.9167, 2.9333, 2.95, 2.9667, 2.9833, 3.0, 3.0167, 3.0333, 3.05, 3.0667, 3.0833, 3.1, 3.1167, 3.1333, 3.15, 3.1667, 3.1833, 3.2, 3.2167, 3.2333, 3.25, 3.2667, 3.2833, 3.3, 3.3167, 3.3333, 3.35, 3.3667, 3.3833, 3.4, 3.4167, 3.4333, 3.45, 3.4667, 3.4833, 3.5, 3.5167, 3.5333, 3.55, 3.5667, 3.5833, 3.6, 3.6167, 3.6333, 3.65, 3.6667, 3.6833, 3.7, 3.7167, 3.7333, 3.75, 3.7667, 3.7833, 3.8, 3.8167, 3.8333, 3.85, 3.8667, 3.8833, 3.9, 3.9167, 3.9333, 3.95, 3.9667, 3.9833, 4.0, 4.0167, 4.0333, 4.05, 4.0667, 4.0833, 4.1, 4.1167, 4.1333, 4.15, 4.1667, 4.1833, 4.2, 4.2167, 4.2333, 4.25, 4.2667, 4.2833, 4.3, 4.3167, 4.3333, 4.35, 4.3667, 4.3833, 4.4, 4.4167, 4.4333, 4.45, 4.4667, 4.4833, 4.5, 4.5167, 4.5333, 4.55, 4.5667, 4.5833],
            "transform": [
                [1.0, 0.0, 0.0, 0.0, 0.0, 0.930186, 0.367088, 0.06933, 0.0, -0.367088, 0.930186, 0.0, 0.0, 0.0, 0.0, 1.0],
                [1.0, 0.000522, 0.000133, 0.0, -0.000534, 0.930194, 0.367067, 0.06933, 6.8e-05, -0.367067, 0.930194, 0.0, 0.0, 0.0, 0.0, 1.0],
