{
    "animation": [
        {
            "name": "Root",
            "time": [0.0, 0.0167, 0.0333, 0.05, 0.0667, 0.0833, 0.1, 0.1167, 0.1333, 0.15, 0.1667, 0.1833, 0.2, 0.2167, 0.2333, 0.25, 0.2667, 0.2833, 0.3, 0.3167, 0.3333, 0.35, 0.3667, 0.3833, 0.4, 0.4167, 0.4333, 0.45, 0.4667, 0.4833, 0.5, 0.5167, 0.5333, 0.55, 0.5667, 0.5833, 0.6, 0.6167, 0.6333, 0.65, 0.6667, 0.6833, 0.7, 0.7167, 0.7333, 0.75, 0.7667, 0.7833, 0.8, 0.8167, 0.8333, 0.85, 0.8667, 0.8833, 0.9, 0.9167, 0.9333, 0.95, 0.9667, 0.9833, 1.0, 1.0167, 1.0333, 1.05, 1.0667, 1.0833, 1.1, 1.1167, 1.1333, 1.15, 1.1667, 1.1833, 1.2, 1.2167, 1.2333, 1.25, 1.2667, 1.2833, 1.3, 1.3167, 1.3333, 1.35, 1.3667, 1.3833, 1.4, 1.4167, 1.4333, 1.45, 1.4667, 1.4833, 1.5, 1.5167, 1.5333, 1.55, 1.5667, 1.5833, 1.6, 1.6167, 1.6333, 1.65, 1.6667, 1.6833, 1.7, 1.7167, 1.7333, 1.75, 1.7667, 1.7833, 1.8, 1.8167, 1.8333, 1.85, 1.8667, 1.8833, 1.9, 1.9167, 1.9333, 1.95, 1.9667, 1.9833, 2.0, 2.0167, 2.0333, 2.05, 2.0667, 2.0833, 2.1, 2.1167, 2.1333, 2.15, 2.1667, 2.1833, 2.2, 2.2167, 2.2333, 2.25, 2.2667, 2.2833, 2.3, 2.3167, 2.3333],
            "transform": [
                [1.0, 0.0, 0.0, 0.0, 0.0, 0.0, -1.0, 0.0, 0.0, 1.0, 0.0, 0.719612, 0.0, 0.0, 0.0, 1.0],
                [0.999996, 0.000225, -0.002655, 0.0, -0.002655, 0.000885, -0.999996, -0.000433, -0.000223, 1.0, 0.000885, 0.719254, 0.0, 0.0, 0.0, 1.0],
                [0.999947, 0.000889, -0.010294, 0.0, -0.010297, 0.003427, -0.999941, -0.001679, -0.000854, 0.999994, 0.003436, 0.718223, 0.0, 0.0, 0.0, 1.0],
                [0.999747, 0.00199, -0.022427, 0.0, -0.022442, 0.007457, -0.99972, -0.003656, -0.001822, 0.99997, 0.0075, 0.716587, 0.0, 0.0, 0.0, 1.0],
                [0.99925, 0.003539, -0.038566, 0.0, -0.038609, 0.012799, -0.999172, -0.006284, -0.003042, 0.999912, 0.012926, 0.714413, 0.0, 0.0, 0.0, 1.0],
                [0.998289, 0.005555, -0.058214, 0.0, -0.058311, 0.019276, -0.998112, -0.009482, -0.004422, 0.999799, 0.019567, 0.711767, 0.0, 0.0, 0.0, 1.0],
                [0.996693, 0.008056, -0.080862, 0.0, -0.08105, 0.026704, -0.996352, -0.013169, -0.005867, 0.999611, 0.027269, 0.708717, 0.0, 0.0, 0.0, 1.0],
                [0.994306, 0.011054, -0.105991, 0.0, -0.106316, 0.034897, -0.99372, -0.017265, -0.007286, 0.99933, 0.035874, 0.705328, 0.0, 0.0, 0.0, 1.0],
                [0.991, 0.014552, -0.133066, 0.0, -0.133583, 0.043667, -0.990075, -0.021688, -0.008597, 0.99894, 0.045218, 0.701669, 0.0, 0.0, 0.0, 1.0],
                [0.986691, 0.018536, -0.161544, 0.0, -0.162312, 0.052825, -0.985324, -0.026357, -0.00973, 0.998432, 0.05513, 0.697806, 0.0, 0.0, 0.0, 1.0],
                [0.981346, 0.022974, -0.190875, 0.0, -0.191958, 0.062182, -0.979431, -0.031193, -0.010632, 0.9978, 0.065433, 0.693805, 0.0, 0.0, 0.0, 1.0],
                [0.974988, 0.027816, -0.220512, 0.0, -0.221974, 0.071558, -0.972423, -0.036114, -0.01127, 0.997048, 0.075942, 0.689734, 0.0, 0.0, 0.0, 1.0],
                [0.967705, 0.032992, -0.249918, 0.0, -0.251818, 0.080776, -0.964398, -0.041039, -0.01163, 0.996186, 0.086475, 0.685659, 0.0, 0.0, 0.0, 1.0],
                [0.959647, 0.038411, -0.278573, 0.0, -0.280964, 0.089672, -0.95552, -0.045887, -0.011722, 0.99523, 0.096846, 0.681648, 0.0, 0.0, 0.0, 1.0],
                [0.951022, 0.043966, -0.305982, 0.0, -0.308908, 0.098096, -0.94602, -0.050578, -0.011577, 0.994205, 0.106873, 0.677767, 0.0, 0.0, 0.0, 1.0],
                [0.942091, 0.049534, -0.331679, 0.0, -0.335169, 0.105911, -0.936186, -0.055031, -0.011244, 0.993141, 0.116379, 0.674083, 0.0, 0.0, 0.0, 1.0],
                [0.93316, 0.054979, -0.355233, 0.0, -0.3593, 0.112992, -0.926356, -0.059164, -0.010792, 0.992074, 0.125193, 0.670663, 0.0, 0.0, 0.0, 1.0],
                [0.924567, 0.060161, -0.37624, 0.0, -0.380881, 0.119231, -0.916905, -0.062898, -0.010302, 0.991042, 0.133151, 0.667574, 0.0, 0.0, 0.0, 1.0],
                [0.916672, 0.064931, -0.39433, 0.0, -0.399518, 0.12453, -0.908228, -0.066152, -0.009866, 0.990089, 0.140094, 0.664882, 0.0, 0.0, 0.0, 1.0],
                [0.909845, 0.069141, -0.409147, 0.0, -0.414838, 0.1288, -0.900733, -0.068843, -0.00958, 0.989257, 0.14587, 0.662655, 0.0, 0.0, 0.0, 1.0],
                [0.904449, 0.072647, -0.420349, 0.0, -0.426474, 0.131955, -0.894823, -0.070893, -0.009539, 0.98859, 0.150329, 0.660959, 0.0, 0.0, 0.0, 1.0],
                [0.900286, 0.075512, -0.428699, 0.0, -0.435191, 0.134248, -0.890273, -0.07243, -0.009674, 0.988066, 0.153724, 0.659688, 0.0, 0.0, 0.0, 1.0],
                [0.896887, 0.078012, -0.435324, 0.0, -0.442147, 0.136016, -0.88657, -0.073661, -0.009952, 0.98763, 0.156484, 0.65867, 0.0, 0.0, 0.0, 1.0],
                [0.894189, 0.080329, -0.440424, 0.0, -0.447566, 0.13729, -0.883649, -0.074619, -0.010517, 0.987268, 0.158716, 0.657877, 0.0, 0.0, 0.0, 1.0],
                [0.892114, 0.08265, -0.444187, 0.0, -0.451665, 0.138098, -0.881435, -0.075339, -0.011509, 0.986964, 0.160529, 0.657281, 0.0, 0.0, 0.0, 1.0],
                [0.890573, 0.085161, -0.446798, 0.0, -0.454654, 0.138463, -0.87984, -0.075856, -0.013063, 0.986699, 0.16203, 0.656854, 0.0, 0.0, 0.0, 1.0],
                [0.889468, 0.088054, -0.448433, 0.0, -0.45674, 0.138407, -0.878767, -0.076201, -0.015312, 0.986453, 0.163327, 0.656567, 0.0, 0.0, 0.0, 1.0],
                [0.888697, 0.091518, -0.449269, 0.0, -0.458126, 0.137951, -0.878117, -0.076411, -0.018387, 0.986202, 0.164524, 0.656394, 0.0, 0.0, 0.0, 1.0],
                [0.888147, 0.095747, -0.449475, 0.0, -0.459013, 0.137113, -0.877785, -0.076519, -0.022416, 0.985917, 0.165726, 0.656305, 0.0, 0.0, 0.0, 1.0],
                [0.887701, 0.100931, -0.449222, 0.0, -0.459597, 0.135912, -0.877666, -0.076559, -0.027529, 0.985566, 0.167037, 0.656272, 0.0, 0.0, 0.0, 1.0],
                [0.887234, 0.107262, -0.448676, 0.0, -0.460075, 0.134365, -0.877654, -0.076564, -0.033853, 0.98511, 0.168562, 0.656267, 0.0, 0.0, 0.0, 1.0],
                [0.899941, 0.112844, -0.421156, 0.0, -0.433733, 0.133078, -0.89116, -0.052725, -0.044515, 0.984661, 0.168706, 0.656267, 0.0, 0.0, 0.0, 1.0],
                [0.931175, 0.116032, -0.345614, 0.0, -0.359379, 0.132714, -0.923706, 0.011263, -0.061312, 0.984339, 0.16528, 0.656267, 0.0, 0.0, 0.0, 1.0],
                [0.966054, 0.117234, -0.230206, 0.0, -0.244998, 0.133104, -0.960343, 0.104107, -0.081943, 0.984144, 0.157308, 0.656267, 0.0, 0.0, 0.0, 1.0],
                [0.989378, 0.116792, -0.086549, 0.0, -0.102031, 0.133862, -0.985734, 0.214513, -0.10354, 0.984094, 0.144356, 0.656267, 0.0, 0.0, 0.0, 1.0],
                [0.990999, 0.115141, 0.06829, 0.0, 0.052553, 0.134564, -0.98951, 0.331186, -0.123123, 0.984193, 0.127302, 0.656267, 0.0, 0.0, 0.0, 1.0],
                [0.970214, 0.112846, 0.214361, 0.0, 0.198778, 0.134924, -0.970713, 0.442833, -0.138463, 0.984409, 0.108474, 0.656267, 0.0, 0.0, 0.0, 1.0],
                [0.936114, 0.110519, 0.33388, 0.0, 0.3187, 0.134901, -0.938207, 0.53816, -0.14873, 0.984676, 0.09106, 0.656267, 0.0, 0.0, 0.0, 1.0],
                [0.903593, 0.108714, 0.414369, 0.0, 0.399609, 0.134672, -0.906739, 0.605874, -0.154379, 0.984909, 0.078245, 0.656267, 0.0, 0.0, 0.0, 1.0],
                [0.887864, 0.107898, 0.447275, 0.0, 0.432726, 0.134513, -0.891434, 0.63468, -0.156348, 0.98502, 0.072739, 0.656267, 0.0, 0.0, 0.0, 1.0],
                [0.884974, 0.107735, 0.453005, 0.0, 0.438494, 0.134493, -0.888614, 0.6397, -0.156661, 0.98504, 0.071781, 0.656267, 0.0, 0.0, 0.0, 1.0],
                [0.882585, 0.107596, 0.457676, 0.0, 0.443194, 0.134503, -0.886278, 0.643677, -0.156919, 0.985054, 0.071024, 0.656267, 0.0, 0.0, 0.0, 1.0],
                [0.880655, 0.107479, 0.461405, 0.0, 0.446942, 0.134533, -0.884389, 0.646747, -0.157127, 0.985063, 0.07044, 0.656267, 0.0, 0.0, 0.0, 1.0],
                [0.879143, 0.107383, 0.464301, 0.0, 0.449851, 0.134574, -0.882906, 0.649049, -0.157292, 0.985068, 0.070004, 0.656267, 0.0, 0.0, 0.0, 1.0],
                [0.878002, 0.107307, 0.466474, 0.0, 0.452031, 0.134617, -0.881786, 0.650719, -0.157418, 0.98507, 0.069688, 0.656267, 0.0, 0.0, 0.0, 1.0],
                [0.877181, 0.107252, 0.468028, 0.0, 0.453591, 0.134652, -0.880979, 0.651894, -0.157508, 0.985071, 0.069466, 0.656267, 0.0, 0.0, 0.0, 1.0],
                [0.87663, 0.107217, 0.469068, 0.0, 0.454635, 0.134669, -0.880438, 0.652713, -0.157567, 0.985073, 0.06931, 0.656267, 0.0, 0.0, 0.0, 1.0],
                [0.876294, 0.107201, 0.469698, 0.0, 0.45527, 0.134659, -0.880111, 0.653313, -0.157598, 0.985076, 0.069195, 0.656267, 0.0, 0.0, 0.0, 1.0],
                [0.876122, 0.107204, 0.470019, 0.0, 0.455601, 0.134611, -0.879948, 0.653831, -0.157603, 0.985082, 0.069094, 0.656267, 0.0, 0.0, 0.0, 1.0],
                [0.876058, 0.107224, 0.470134, 0.0, 0.45573, 0.134516, -0.879895, 0.654403, -0.157587, 0.985093, 0.068979, 0.656267, 0.0, 0.0, 0.0, 1.0],
                [0.876048, 0.107262, 0.470144, 0.0, 0.455761, 0.134365, -0.879902, 0.655169, -0.157551, 0.98511, 0.068824, 0.656267, 0.0, 0.0, 0.0, 1.0],
                [0.876134, 0.107282, 0.469978, 5.7e-05, 0.45563, 0.134129, -0.880006, 0.65624, -0.157446, 0.985139, 0.068634, 0.65629, 0.0, 0.0, 0.0, 1.0],
                [0.876395, 0.107248, 0.469499, 0.000228, 0.455207, 0.133789, -0.880277, 0.657634, -0.157222, 0.985189, 0.068432, 0.65636, 0.0, 0.0, 0.0, 1.0],
                [0.876824, 0.107162, 0.468716, 0.000508, 0.454497, 0.133347, -0.880711, 0.659342, -0.156881, 0.985259, 0.068217, 0.656474, 0.0, 0.0, 0.0, 1.0],
                [0.877418, 0.107025, 0.467635, 0.000897, 0.453506, 0.132806, -0.881303, 0.661358, -0.156426, 0.985347, 0.06799, 0.656631, 0.0, 0.0, 0.0, 1.0],
                [0.878172, 0.106837, 0.466262, 0.00139, 0.452241, 0.132168, -0.882049, 0.663674, -0.15586, 0.985453, 0.06775, 0.656832, 0.0, 0.0, 0.0, 1.0],
                [0.87908, 0.106598, 0.464603, 0.001986, 0.450707, 0.131436, -0.882943, 0.666282, -0.155185, 0.985577, 0.067498, 0.657074, 0.0, 0.0, 0.0, 1.0],
                [0.880136, 0.10631, 0.462665, 0.002683, 0.448909, 0.130612, -0.88398, 0.669175, -0.154405, 0.985717, 0.067233, 0.657357, 0.0, 0.0, 0.0, 1.0],
                [0.881336, 0.105972, 0.460453, 0.003477, 0.446853, 0.129699, -0.885156, 0.672345, -0.153522, 0.985874, 0.066954, 0.65768, 0.0, 0.0, 0.0, 1.0],
                [0.882673, 0.105586, 0.457973, 0.004365, 0.444544, 0.128699, -0.886463, 0.675784, -0.152539, 0.986047, 0.066661, 0.658041, 0.0, 0.0, 0.0, 1.0],
                [0.884142, 0.105151, 0.455232, 0.005347, 0.441988, 0.127615, -0.887897, 0.679485, -0.151458, 0.986234, 0.066355, 0.65844, 0.0, 0.0, 0.0, 1.0],
                [0.885736, 0.104669, 0.452235, 0.006418, 0.439189, 0.126451, -0.889451, 0.683441, -0.150283, 0.986435, 0.066033, 0.658875, 0.0, 0.0, 0.0, 1.0],
                [0.887449, 0.104138, 0.448987, 0.007576, 0.436152, 0.125207, -0.89112, 0.687644, -0.149016, 0.98665, 0.065695, 0.659345, 0.0, 0.0, 0.0, 1.0],
                [0.889275, 0.10356, 0.445495, 0.008819, 0.432882, 0.123888, -0.892897, 0.692086, -0.14766, 0.986877, 0.065342, 0.65985, 0.0, 0.0, 0.0, 1.0],
                [0.891207, 0.102935, 0.441763, 0.010144, 0.429384, 0.122496, -0.894776, 0.696759, -0.146218, 0.987117, 0.064971, 0.660389, 0.0, 0.0, 0.0, 1.0],
                [0.893239, 0.102262, 0.437798, 0.011549, 0.425663, 0.121034, -0.896751, 0.701657, -0.144692, 0.987367, 0.064583, 0.660959, 0.0, 0.0, 0.0, 1.0],
                [0.895363, 0.101543, 0.433605, 0.01303, 0.421724, 0.119504, -0.898815, 0.706772, -0.143086, 0.987627, 0.064176, 0.661561, 0.0, 0.0, 0.0, 1.0],
                [0.897574, 0.100777, 0.429191, 0.014587, 0.417572, 0.117909, -0.900961, 0.712095, -0.141401, 0.987898, 0.06375, 0.662194, 0.0, 0.0, 0.0, 1.0],
                [0.899865, 0.099964, 0.42456, 0.016214, 0.413211, 0.116252, -0.903184, 0.717621, -0.139642, 0.988176, 0.063305, 0.662855, 0.0, 0.0, 0.0, 1.0],
                [0.902228, 0.099106, 0.419718, 0.017912, 0.408648, 0.114537, -0.905477, 0.72334, -0.137811, 0.988463, 0.062839, 0.663545, 0.0, 0.0, 0.0, 1.0],
                [0.904657, 0.098201, 0.414671, 0.019676, 0.403886, 0.112765, -0.907833, 0.729245, -0.13591, 0.988757, 0.062352, 0.664261, 0.0, 0.0, 0.0, 1.0],
                [0.907146, 0.09725, 0.409425, 0.021504, 0.398931, 0.11094, -0.910245, 0.73533, -0.133943, 0.989057, 0.061843, 0.665004, 0.0, 0.0, 0.0, 1.0],
                [0.909687, 0.096255, 0.403987, 0.023394, 0.393788, 0.109065, -0.912708, 0.741586, -0.131913, 0.989363, 0.061311, 0.665772, 0.0, 0.0, 0.0, 1.0],
                [0.912273, 0.095214, 0.398361, 0.025342, 0.388463, 0.107142, -0.915214, 0.748005, -0.129822, 0.989674, 0.060756, 0.666564, 0.0, 0.0, 0.0, 1.0],
                [0.914899, 0.094128, 0.392555, 0.027348, 0.382961, 0.105174, -0.917758, 0.754581, -0.127673, 0.989989, 0.060177, 0.667378, 0.0, 0.0, 0.0, 1.0],
                [0.917557, 0.092998, 0.386575, 0.029407, 0.377287, 0.103165, -0.920332, 0.761305, -0.12547, 0.990307, 0.059573, 0.668215, 0.0, 0.0, 0.0, 1.0],
                [0.920242, 0.091824, 0.380426, 0.031517, 0.371448, 0.101118, -0.922931, 0.76817, -0.123215, 0.990628, 0.058945, 0.669072, 0.0, 0.0, 0.0, 1.0],
                [0.922945, 0.090607, 0.374116, 0.033676, 0.365448, 0.099034, -0.925548, 0.775169, -0.120912, 0.99095, 0.058291, 0.66995, 0.0, 0.0, 0.0, 1.0],
                [0.925662, 0.089348, 0.367651, 0.035882, 0.359295, 0.096918, -0.928178, 0.782294, -0.118562, 0.991274, 0.057611, 0.670846, 0.0, 0.0, 0.0, 1.0],
                [0.928386, 0.088046, 0.361037, 0.038131, 0.352993, 0.094772, -0.930814, 0.789537, -0.116171, 0.991598, 0.056905, 0.671759, 0.0, 0.0, 0.0, 1.0],
                [0.93111, 0.086703, 0.354283, 0.040421, 0.34655, 0.092599, -0.93345, 0.796892, -0.113739, 0.991921, 0.056173, 0.67269, 0.0, 0.0, 0.0, 1.0],
                [0.93383, 0.085319, 0.347394, 0.042749, 0.339972, 0.090402, -0.93608, 0.804349, -0.111271, 0.992244, 0.055414, 0.673636, 0.0, 0.0, 0.0, 1.0],
                [0.936538, 0.083896, 0.340379, 0.045114, 0.333265, 0.088184, -0.9387, 0.811902, -0.108769, 0.992565, 0.054628, 0.674597, 0.0, 0.0, 0.0, 1.0],
                [0.93923, 0.082434, 0.333243, 0.047512, 0.326436, 0.085948, -0.941304, 0.819543, -0.106237, 0.992883, 0.053815, 0.675571, 0.0, 0.0, 0.0, 1.0],
                [0.9419, 0.080935, 0.325996, 0.04994, 0.319491, 0.083696, -0.943886, 0.827265, -0.103678, 0.993199, 0.052976, 0.676558, 0.0, 0.0, 0.0, 1.0],
                [0.944543, 0.079399, 0.318643, 0.052397, 0.312439, 0.081432, -0.946441, 0.83506, -0.101094, 0.993511, 0.052109, 0.677556, 0.0, 0.0, 0.0, 1.0],
                [0.947154, 0.077827, 0.311194, 0.05488, 0.305285, 0.079159, -0.948965, 0.84292, -0.098489, 0.993819, 0.051216, 0.678565, 0.0, 0.0, 0.0, 1.0],
                [0.949728, 0.076222, 0.303656, 0.057385, 0.298038, 0.076878, -0.951453, 0.850839, -0.095866, 0.994123, 0.050296, 0.679583, 0.0, 0.0, 0.0, 1.0],
                [0.95226, 0.074583, 0.296037, 0.059912, 0.290704, 0.074594, -0.953901, 0.858808, -0.093228, 0.994421, 0.049351, 0.680609, 0.0, 0.0, 0.0, 1.0],
                [0.954747, 0.072914, 0.288344, 0.062456, 0.283292, 0.072308, -0.956304, 0.866819, -0.090577, 0.994714, 0.04838, 0.681643, 0.0, 0.0, 0.0, 1.0],
                [0.957183, 0.071214, 0.280587, 0.065015, 0.275809, 0.070023, -0.958658, 0.874866, -0.087918, 0.995, 0.047384, 0.682683, 0.0, 0.0, 0.0, 1.0],
                [0.959566, 0.069487, 0.272773, 0.067588, 0.268264, 0.067743, -0.960961, 0.88294, -0.085252, 0.99528, 0.046363, 0.683728, 0.0, 0.0, 0.0, 1.0],
                [0.961891, 0.067733, 0.264911, 0.07017, 0.260663, 0.065469, -0.963207, 0.891035, -0.082584, 0.995553, 0.045319, 0.684777, 0.0, 0.0, 0.0, 1.0],
                [0.964156, 0.065954, 0.257009, 0.072761, 0.253015, 0.063205, -0.965395, 0.899142, -0.079916, 0.995819, 0.044252, 0.68583, 0.0, 0.0, 0.0, 1.0],
                [0.966357, 0.064152, 0.249076, 0.075356, 0.245329, 0.060952, -0.967522, 0.907255, -0.07725, 0.996077, 0.043163, 0.686884, 0.0, 0.0, 0.0, 1.0],
                [0.968492, 0.062329, 0.24112, 0.077954, 0.237613, 0.058714, -0.969584, 0.915364, -0.074591, 0.996327, 0.042053, 0.68794, 0.0, 0.0, 0.0, 1.0],
                [0.970558, 0.060488, 0.233151, 0.080552, 0.229875, 0.056492, -0.971579, 0.923464, -0.07194, 0.996569, 0.040924, 0.688995, 0.0, 0.0, 0.0, 1.0],
                [0.972552, 0.05863, 0.225176, 0.083148, 0.222124, 0.054288, -0.973506, 0.931546, -0.069301, 0.996803, 0.039775, 0.69005, 0.0, 0.0, 0.0, 1.0],
                [0.974474, 0.056757, 0.217206, 0.085738, 0.214369, 0.052106, -0.975362, 0.939603, -0.066676, 0.997027, 0.038609, 0.691102, 0.0, 0.0, 0.0, 1.0],
                [0.976322, 0.054871, 0.209248, 0.088321, 0.206618, 0.049948, -0.977146, 0.947627, -0.064069, 0.997243, 0.037428, 0.692151, 0.0, 0.0, 0.0, 1.0],
                [0.978094, 0.052976, 0.201312, 0.090893, 0.198879, 0.047815, -0.978857, 0.955611, -0.061481, 0.99745, 0.036231, 0.693197, 0.0, 0.0, 0.0, 1.0],
                [0.979789, 0.051072, 0.193406, 0.093453, 0.191163, 0.045709, -0.980494, 0.963547, -0.058916, 0.997648, 0.035022, 0.694237, 0.0, 0.0, 0.0, 1.0],
                [0.981406, 0.049163, 0.18554, 0.095997, 0.183476, 0.043633, -0.982055, 0.971427, -0.056377, 0.997837, 0.033801, 0.69527, 0.0, 0.0, 0.0, 1.0],
                [0.982946, 0.047252, 0.177722, 0.098523, 0.17583, 0.041588, -0.983542, 0.979244, -0.053865, 0.998017, 0.032571, 0.696297, 0.0, 0.0, 0.0, 1.0],
                [0.984407, 0.04534, 0.169961, 0.101029, 0.168232, 0.039577, -0.984953, 0.986991, -0.051385, 0.998187, 0.031332, 0.697315, 0.0, 0.0, 0.0, 1.0],
                [0.985791, 0.043431, 0.162266, 0.103511, 0.160691, 0.037601, -0.986288, 0.99466, -0.048937, 0.998349, 0.030088, 0.698323, 0.0, 0.0, 0.0, 1.0],
                [0.987097, 0.041526, 0.154646, 0.105968, 0.153217, 0.035662, -0.987549, 1.002243, -0.046524, 0.998501, 0.028839, 0.699322, 0.0, 0.0, 0.0, 1.0],
                [0.988326, 0.039629, 0.147111, 0.108397, 0.145818, 0.033761, -0.988735, 1.009733, -0.04415, 0.998644, 0.027588, 0.700308, 0.0, 0.0, 0.0, 1.0],
                [0.989479, 0.037743, 0.139667, 0.110795, 0.138503, 0.0319, -0.989848, 1.017123, -0.041815, 0.998778, 0.026337, 0.701283, 0.0, 0.0, 0.0, 1.0],
                [0.990557, 0.03587, 0.132326, 0.113159, 0.131281, 0.03008, -0.990889, 1.024403, -0.039523, 0.998904, 0.025087, 0.702243, 0.0, 0.0, 0.0, 1.0],
                [0.991562, 0.034012, 0.125094, 0.115488, 0.124161, 0.028304, -0.991858, 1.031568, -0.037276, 0.999021, 0.023842, 0.703189, 0.0, 0.0, 0.0, 1.0],
                [0.992494, 0.032174, 0.117982, 0.117778, 0.117152, 0.026571, -0.992759, 1.03861, -0.035076, 0.999129, 0.022603, 0.70412, 0.0, 0.0, 0.0, 1.0],
                [0.993357, 0.030357, 0.110996, 0.120027, 0.110262, 0.024885, -0.993591, 1.04552, -0.032924, 0.999229, 0.021372, 0.705033, 0.0, 0.0, 0.0, 1.0],
                [0.994152, 0.028564, 0.104147, 0.122232, 0.103501, 0.023245, -0.994358, 1.052292, -0.030824, 0.999322, 0.020152, 0.70593, 0.0, 0.0, 0.0, 1.0],
                [0.99488, 0.026799, 0.097442, 0.124391, 0.096877, 0.021653, -0.995061, 1.058918, -0.028777, 0.999406, 0.018945, 0.706807, 0.0, 0.0, 0.0, 1.0],
                [0.995545, 0.025065, 0.09089, 0.126502, 0.090398, 0.020109, -0.995703, 1.06539, -0.026785, 0.999483, 0.017754, 0.707664, 0.0, 0.0, 0.0, 1.0],
                [0.99615, 0.023363, 0.0845, 0.128561, 0.084074, 0.018616, -0.996285, 1.071701, -0.02485, 0.999554, 0.01658, 0.708501, 0.0, 0.0, 0.0, 1.0],
                [0.996695, 0.021698, 0.078278, 0.130566, 0.077913, 0.017174, -0.996812, 1.077843, -0.022973, 0.999617, 0.015427, 0.709316, 0.0, 0.0, 0.0, 1.0],
                [0.997186, 0.020072, 0.072234, 0.132515, 0.071924, 0.015784, -0.997285, 1.083809, -0.021158, 0.999674, 0.014296, 0.710107, 0.0, 0.0, 0.0, 1.0],
                [0.997623, 0.018488, 0.066376, 0.134405, 0.066114, 0.014447, -0.997707, 1.089591, -0.019405, 0.999725, 0.01319, 0.710875, 0.0, 0.0, 0.0, 1.0],
                [0.998011, 0.016949, 0.060712, 0.136233, 0.060492, 0.013164, -0.998082, 1.095181, -0.017716, 0.99977, 0.012112, 0.711618, 0.0, 0.0, 0.0, 1.0],
                [0.998353, 0.015458, 0.055249, 0.137997, 0.055067, 0.011935, -0.998411, 1.100572, -0.016093, 0.999809, 0.011064, 0.712335, 0.0, 0.0, 0.0, 1.0],
                [0.998651, 0.014018, 0.049996, 0.139694, 0.049847, 0.010761, -0.998699, 1.105757, -0.014538, 0.999844, 0.010048, 0.713024, 0.0, 0.0, 0.0, 1.0],
                [0.998909, 0.012631, 0.04496, 0.141322, 0.04484, 0.009644, -0.998948, 1.110728, -0.013052, 0.999874, 0.009067, 0.713686, 0.0, 0.0, 0.0, 1.0],
                [0.99913, 0.011302, 0.040149, 0.142878, 0.040053, 0.008583, -0.999161, 1.115476, -0.011637, 0.999899, 0.008123, 0.714318, 0.0, 0.0, 0.0, 1.0],
                [0.999317, 0.010031, 0.035571, 0.14436, 0.035496, 0.00758, -0.999341, 1.119996, -0.010294, 0.999921, 0.007219, 0.71492, 0.0, 0.0, 0.0, 1.0],
                [0.999473, 0.008823, 0.031234, 0.145764, 0.031176, 0.006636, -0.999492, 1.124279, -0.009026, 0.999939, 0.006357, 0.715491, 0.0, 0.0, 0.0, 1.0],
                [0.999602, 0.007681, 0.027145, 0.14709, 0.027101, 0.00575, -0.999616, 1.128317, -0.007834, 0.999954, 0.00554, 0.716029, 0.0, 0.0, 0.0, 1.0],
                [0.999706, 0.006606, 0.023311, 0.148333, 0.023279, 0.004925, -0.999717, 1.132104, -0.006719, 0.999966, 0.00477, 0.716534, 0.0, 0.0, 0.0, 1.0],
                [0.999789, 0.005602, 0.019741, 0.149491, 0.019718, 0.00416, -0.999797, 1.135631, -0.005683, 0.999976, 0.004049, 0.717005, 0.0, 0.0, 0.0, 1.0],
                [0.999854, 0.004672, 0.016442, 0.150562, 0.016426, 0.003456, -0.999859, 1.138891, -0.004728, 0.999983, 0.003379, 0.71744, 0.0, 0.0, 0.0, 1.0],
                [0.999903, 0.003818, 0.013421, 0.151543, 0.01341, 0.002815, -0.999906, 1.141876, -0.003856, 0.999989, 0.002764, 0.717838, 0.0, 0.0, 0.0, 1.0],
                [0.999938, 0.003043, 0.010685, 0.152432, 0.010679, 0.002237, -0.99994, 1.144579, -0.003067, 0.999993, 0.002204, 0.718199, 0.0, 0.0, 0.0, 1.0],
                [0.999963, 0.00235, 0.008244, 0.153226, 0.00824, 0.001723, -0.999965, 1.146993, -0.002364, 0.999996, 0.001703, 0.718522, 0.0, 0.0, 0.0, 1.0],
                [0.99998, 0.001741, 0.006103, 0.153922, 0.0061, 0.001273, -0.999981, 1.149109, -0.001749, 0.999998, 0.001262, 0.718805, 0.0, 0.0, 0.0, 1.0],
                [0.99999, 0.001219, 0.00427, 0.154518, 0.004269, 0.000889, -0.99999, 1.150921, -0.001223, 0.999999, 0.000884, 0.719047, 0.0, 0.0, 0.0, 1.0],
                [0.999996, 0.000787, 0.002754, 0.155012, 0.002753, 0.000573, -0.999996, 1.15242, -0.000788, 1.0, 0.000571, 0.719248, 0.0, 0.0, 0.0, 1.0],
                [0.999999, 0.000446, 0.00156, 0.1554, 0.00156, 0.000324, -0.999999, 1.153599, -0.000447, 1.0, 0.000324, 0.719406, 0.0, 0.0, 0.0, 1.0],
                [1.0, 0.0002, 0.000699, 0.155681, 0.000699, 0.000145, -1.0, 1.15445, -0.0002, 1.0, 0.000145, 0.71952, 0.0, 0.0, 0.0, 1.0],
                [1.0, 5e-05, 0.000176, 0.155851, 0.000176, 3.7e-05, -1.0, 1.154966, -5e-05, 1.0, 3.7e-05, 0.719589, 0.0, 0.0, 0.0, 1.0],
                [1.0, -0.0, -0.0, 0.155909, -0.0, 0.0, -1.0, 1.15514, 0.0, 1.0, 0.0, 0.719612, 0.0, 0.0, 0.0, 1.0]
            ]
        },
        {
            "name": "body",
            "time": [0.0, 0.0167, 0.0333, 0.05, 0.0667, 0.0833, 0.1, 0.1167, 0.1333, 0.15, 0.1667, 0.1833, 0.2, 0.2167, 0.2333, 0.25, 0.2667, 0.2833, 0.3, 0.3167, 0.3333, 0.35, 0.3667, 0.3833, 0.4, 0.4167, 0.4333, 0.45, 0.4667, 0.4833, 0.5, 0.5167, 0.5333, 0.55, 0.5667, 0.5833, 0.6, 0.6167, 0.6333, 0.65, 0.6667, 0.6833, 0.7, 0.7167, 0.7333, 0.75, 0.7667, 0.7833, 0.8, 0.8167, 0.8333, 0.85, 0.8667, 0.8833, 0.9, 0.9167, 0.9333, 0.95, 0.9667, 0.9833, 1.0, 1.0167, 1.0333, 1.05, 1.0667, 1.0833, 1.1, 1.1167, 1.1333, 1.15, 1.1667, 1.1833, 1.2, 1.2167, 1.2333, 1.25, 1.2667, 1.2833, 1.3, 1.3167, 1.3333, 1.35, 1.3667, 1.3833, 1.4, 1.4167, 1.4333, 1.45, 1.4667, 1.4833, 1.5, 1.5167, 1.5333, 1.55, 1.5667, 1.5833, 1.6, 1.6167, 1.6333, 1.65, 1.6667, 1.6833, 1.7, 1.7167, 1.7333, 1.75, 1.7667, 1.7833, 1.8, 1.8167, 1.8333, 1.85, 1.8667, 1.8833, 1.9, 1.9167, 1.9333, 1.95, 1.9667, 1.9833, 2.0, 2.0167, 2.0333, 2.05, 2.0667, 2.0833, 2.1, 2.1167, 2.1333, 2.15, 2.1667, 2.1833, 2.2, 2.2167, 2.2333, 2.25, 2.2667, 2.2833, 2.3, 2.3167, 2.3333],
            "transform": [
                [1.0, 0.0, 0.0, 0.0, 0.0, 0.995409, -0.095708, 0.06933, 0.0, 0.095708, 0.995409, 0.0, 0.0, 0.0, 0.0, 1.0],
                [0.999994, -0.000225, -0.003526, -0.0, -0.000112, 0.995449, -0.095297, 0.06933, 0.003532, 0.095297, 0.995443, -0.0, 0.0, 0.0, 0.0, 1.0],
                [0.999906, -0.000865, -0.013673, 0.0, -0.000426, 0.995561, -0.094112, 0.069331, 0.013694, 0.094109, 0.995468, -0.0, 0.0, 0.0, 0.0, 1.0],
                [0.999554, -0.001857, -0.029795, 0.0, -0.000899, 0.995738, -0.092222, 0.06933, 0.02984, 0.092208, 0.995293, -0.0, 0.0, 0.0, 0.0, 1.0],
                [0.998681, -0.003131, -0.051244, -0.0, -0.00148, 0.995968, -0.089695, 0.069331, 0.051318, 0.089652, 0.99465, 0.0, 0.0, 0.0, 0.0, 1.0],
                [0.996993, -0.004609, -0.077355, -0.0, -0.002113, 0.996241, -0.086597, 0.06933, 0.077464, 0.086501, 0.993236, 0.0, 0.0, 0.0, 0.0, 1.0],
                [0.994192, -0.006215, -0.107443, 0.0, -0.00274, 0.996546, -0.083001, 0.06933, 0.107588, 0.082813, 0.990741, 0.0, 0.0, 0.0, 0.0, 1.0],
                [0.990008, -0.00787, -0.140793, 0.0, -0.003307, 0.996871, -0.07898, 0.06933, 0.140974, 0.078656, 0.986884, -0.0, 0.0, 0.0, 0.0, 1.0],
                [0.984225, -0.009504, -0.176665, 0.0, -0.003764, 0.997205, -0.074613, 0.06933, 0.176881, 0.074101, 0.981439, 0.0, 0.0, 0.0, 0.0, 1.0],
                [0.976706, -0.011051, -0.214299, -0.0, -0.004069, 0.99754, -0.069986, 0.069331, 0.214545, 0.069227, 0.974258, -0.0, 0.0, 0.0, 0.0, 1.0],
                [0.967406, -0.012457, -0.252925, 0.0, -0.004193, 0.997864, -0.065185, 0.06933, 0.253197, 0.064121, 0.965287, -0.0, 0.0, 0.0, 0.0, 1.0],
                [0.956387, -0.013682, -0.291783, -0.0, -0.004119, 0.998171, -0.060304, 0.06933, 0.292074, 0.058875, 0.954582, -0.0, 0.0, 0.0, 0.0, 1.0],
                [0.94382, -0.014698, -0.330132, 0.0, -0.003841, 0.998455, -0.055432, 0.06933, 0.330437, 0.053586, 0.942306, -0.0, 0.0, 0.0, 0.0, 1.0],
                [0.929984, -0.015493, -0.367274, 0.0, -0.00337, 0.99871, -0.050662, 0.06933, 0.367586, 0.048352, 0.928732, -0.0, 0.0, 0.0, 0.0, 1.0],
                [0.915251, -0.016071, -0.402564, -0.0, -0.002728, 0.998934, -0.04608, 0.069331, 0.402875, 0.043273, 0.914231, 0.0, 0.0, 0.0, 0.0, 1.0],
                [0.900079, -0.016447, -0.435416, -0.0, -0.001949, 0.999125, -0.04177, 0.06933, 0.435722, 0.038445, 0.89926, -0.0, 0.0, 0.0, 0.0, 1.0],
                [0.884989, -0.016651, -0.465313, -0.0, -0.001078, 0.999284, -0.037809, 0.06933, 0.46561, 0.033962, 0.884338, -0.0, 0.0, 0.0, 0.0, 1.0],
                [0.870546, -0.016718, -0.491802, -0.0, -0.000166, 0.999413, -0.034268, 0.069331, 0.492086, 0.029913, 0.870032, -0.0, 0.0, 0.0, 0.0, 1.0],
                [0.857339, -0.016694, -0.514481, 0.0, 0.000733, 0.999512, -0.031212, 0.06933, 0.514751, 0.026383, 0.856934, 0.0, 0.0, 0.0, 0.0, 1.0],
                [0.845962, -0.016626, -0.532983, -0.0, 0.00156, 0.999587, -0.028704, 0.06933, 0.53324, 0.023451, 0.845639, -0.0, 0.0, 0.0, 0.0, 1.0],
                [0.836995, -0.016558, -0.546961, -0.0, 0.00226, 0.999638, -0.026803, 0.06933, 0.547207, 0.021198, 0.836729, 0.0, 0.0, 0.0, 0.0, 1.0],
                [0.830073, -0.016533, -0.557409, 0.0, 0.002795, 0.999671, -0.025489, 0.06933, 0.557648, 0.0196, 0.829846, -0.0, 0.0, 0.0, 0.0, 1.0],
                [0.824391, -0.016502, -0.565781, 0.0, 0.003235, 0.999696, -0.024444, 0.06933, 0.566012, 0.018321, 0.824193, 0.0, 0.0, 0.0, 0.0, 1.0],
                [0.819816, -0.01636, -0.572393, 0.0, 0.003698, 0.999722, -0.023278, 0.06933, 0.572615, 0.016967, 0.819649, -0.0, 0.0, 0.0, 0.0, 1.0],
                [0.816201, -0.015997, -0.577546, -0.0, 0.004308, 0.999757, -0.021604, 0.06933, 0.577751, 0.015146, 0.816072, 0.0, 0.0, 0.0, 0.0, 1.0],
                [0.813382, -0.015298, -0.581529, -0.0, 0.005195, 0.999805, -0.019035, 0.06933, 0.581707, 0.012462, 0.813303, 0.0, 0.0, 0.0, 0.0, 1.0],
                [0.811184, -0.014141, -0.58462, 0.0, 0.006491, 0.999864, -0.01518, 0.06933, 0.584755, 0.008519, 0.811165, -0.0, 0.0, 0.0, 0.0, 1.0],
                [0.809429, -0.012405, -0.587087, -0.0, 0.008332, 0.999919, -0.009641, 0.06933, 0.587159, 0.002912, 0.809467, -0.0, 0.0, 0.0, 0.0, 1.0],
                [0.807934, -0.009961, -0.589189, 0.0, 0.010859, 0.999939, -0.002014, 0.06933, 0.589173, -0.004771, 0.807993, 0.0, 0.0, 0.0, 0.0, 1.0],
                [0.806515, -0.006671, -0.591177, -0.0, 0.01422, 0.999866, 0.008118, 0.06933, 0.591043, -0.014954, 0.806501, 0.0, 0.0, 0.0, 0.0, 1.0],
                [0.804985, -0.002388, -0.593291, -0.0, 0.018577, 0.999603, 0.021182, 0.06933, 0.593005, -0.028073, 0.804709, 0.0, 0.0, 0.0, 0.0, 1.0],
                [0.861801, 0.005483, -0.507217, 0.0, 0.027445, 0.997973, 0.05742, 0.06933, 0.506503, -0.063405, 0.859903, 0.0, 0.0, 0.0, 0.0, 1.0],
                [0.964109, 0.005133, -0.265456, -0.0, 0.030164, 0.991222, 0.128721, 0.069331, 0.263786, -0.132109, 0.955492, 0.0, 0.0, 0.0, 0.0, 1.0],
                [0.998069, -0.021619, 0.058221, -0.0, 0.008796, 0.977212, 0.212083, 0.06933, -0.061479, -0.211161, 0.975516, -0.0, 0.0, 0.0, 0.0, 1.0],
                [0.944634, -0.066221, 0.321375, 0.0, -0.027355, 0.960121, 0.278243, 0.06933, -0.326985, -0.271629, 0.905151, -0.0, 0.0, 0.0, 0.0, 1.0],
                [0.902532, -0.097915, 0.419344, -0.0, -0.044993, 0.947035, 0.317963, 0.06933, -0.428267, -0.305839, 0.850324, -0.0, 0.0, 0.0, 0.0, 1.0],
                [0.908922, -0.113189, 0.40131, -0.0, -0.032914, 0.939972, 0.339662, 0.069331, -0.415666, -0.321935, 0.850635, 0.0, 0.0, 0.0, 0.0, 1.0],
                [0.921674, -0.127045, 0.366575, 0.0, -0.010504, 0.936346, 0.350923, 0.06933, -0.387824, -0.327287, 0.86167, -0.0, 0.0, 0.0, 0.0, 1.0],
                [0.933147, -0.137231, 0.33227, -0.0, 0.011253, 0.934969, 0.35455, 0.069331, -0.359318, -0.327109, 0.874008, -0.0, 0.0, 0.0, 0.0, 1.0],
                [0.938427, -0.141606, 0.315123, -0.0, 0.021949, 0.934732, 0.354675, 0.06933, -0.34478, -0.32592, 0.880286, 0.0, 0.0, 0.0, 0.0, 1.0],
                [0.939255, -0.142247, 0.312356, -0.0, 0.023638, 0.934722, 0.354593, 0.069331, -0.342405, -0.32567, 0.881305, 0.0, 0.0, 0.0, 0.0, 1.0],
                [0.939896, -0.142788, 0.310173, 0.0, 0.025001, 0.934709, 0.354533, 0.069331, -0.340544, -0.32547, 0.882099, -0.0, 0.0, 0.0, 0.0, 1.0],
                [0.94038, -0.143235, 0.308496, 0.0, 0.026075, 0.934694, 0.354495, 0.06933, -0.339125, -0.325316, 0.882703, 0.0, 0.0, 0.0, 0.0, 1.0],
                [0.940734, -0.143594, 0.307245, -0.0, 0.026898, 0.934679, 0.354474, 0.06933, -0.338076, -0.325202, 0.883147, -0.0, 0.0, 0.0, 0.0, 1.0],
                [0.940987, -0.143872, 0.306341, -0.0, 0.027507, 0.934663, 0.354469, 0.06933, -0.337324, -0.325124, 0.883463, 0.0, 0.0, 0.0, 0.0, 1.0],
                [0.941162, -0.144075, 0.305706, -0.0, 0.027939, 0.934648, 0.354474, 0.069331, -0.336798, -0.325077, 0.883681, 0.0, 0.0, 0.0, 0.0, 1.0],
                [0.941287, -0.144209, 0.305259, 0.0, 0.02823, 0.934635, 0.354487, 0.06933, -0.336426, -0.325056, 0.88383, -0.0, 0.0, 0.0, 0.0, 1.0],
                [0.941384, -0.144281, 0.304924, -0.0, 0.028418, 0.934623, 0.354502, 0.06933, -0.336137, -0.325057, 0.88394, -0.0, 0.0, 0.0, 0.0, 1.0],
                [0.94148, -0.144295, 0.304621, -0.0, 0.028538, 0.934615, 0.354515, 0.06933, -0.335858, -0.325076, 0.884039, -0.0, 0.0, 0.0, 0.0, 1.0],
                [0.941599, -0.144259, 0.304271, 0.0, 0.028627, 0.934609, 0.354523, 0.06933, -0.335518, -0.325108, 0.884156, -0.0, 0.0, 0.0, 0.0, 1.0],
                [0.941764, -0.144179, 0.303796, 0.0, 0.028721, 0.934607, 0.35452, 0.06933, -0.335045, -0.325149, 0.884321, 0.0, 0.0, 0.0, 0.0, 1.0],
                [0.941998, -0.144005, 0.303153, 0.0, 0.028846, 0.934666, 0.354355, 0.06933, -0.334376, -0.325057, 0.884608, 0.0, 0.0, 0.0, 0.0, 1.0],
                [0.942304, -0.143689, 0.302353, 0.0, 0.029002, 0.93484, 0.353883, 0.06933, -0.333501, -0.324696, 0.88507, 0.0, 0.0, 0.0, 0.0, 1.0],
                [0.942678, -0.143234, 0.301399, -0.0, 0.029188, 0.935126, 0.353111, 0.06933, -0.332424, -0.324073, 0.885704, 0.0, 0.0, 0.0, 0.0, 1.0],
                [0.94312, -0.142644, 0.300294, -0.0, 0.029401, 0.935521, 0.352046, 0.06933, -0.331149, -0.323193, 0.886503, 0.0, 0.0, 0.0, 0.0, 1.0],
                [0.943627, -0.141922, 0.299042, -0.0, 0.029641, 0.936021, 0.350693, 0.06933, -0.32968, -0.32206, 0.887462, 0.0, 0.0, 0.0, 0.0, 1.0],
                [0.944197, -0.141072, 0.297644, 0.0, 0.029905, 0.936623, 0.34906, 0.06933, -0.328023, -0.32068, 0.888575, -0.0, 0.0, 0.0, 0.0, 1.0],
                [0.944825, -0.1401, 0.296103, 0.0, 0.030192, 0.937323, 0.347152, 0.06933, -0.32618, -0.319058, 0.889836, -0.0, 0.0, 0.0, 0.0, 1.0],
                [0.945512, -0.139007, 0.294423, 0.0, 0.030499, 0.938117, 0.344975, 0.06933, -0.324157, -0.317198, 0.89124, 0.0, 0.0, 0.0, 0.0, 1.0],
                [0.946253, -0.1378, 0.292604, 0.0, 0.030824, 0.938999, 0.342535, 0.06933, -0.321956, -0.315105, 0.892778, -0.0, 0.0, 0.0, 0.0, 1.0],
                [0.947046, -0.136482, 0.290649, 0.0, 0.031165, 0.939968, 0.339837, 0.06933, -0.319582, -0.312783, 0.894446, 0.0, 0.0, 0.0, 0.0, 1.0],
                [0.947888, -0.135057, 0.288562, 0.0, 0.03152, 0.941016, 0.336889, 0.06933, -0.31704, -0.310238, 0.896235, -0.0, 0.0, 0.0, 0.0, 1.0],
                [0.948777, -0.133529, 0.286342, 0.0, 0.031886, 0.942142, 0.333695, 0.06933, -0.314333, -0.307472, 0.89814, -0.0, 0.0, 0.0, 0.0, 1.0],
                [0.94971, -0.131904, 0.283994, -0.0, 0.03226, 0.943338, 0.330261, 0.06933, -0.311465, -0.304491, 0.900153, 0.0, 0.0, 0.0, 0.0, 1.0],
                [0.950684, -0.130185, 0.281519, 0.0, 0.032641, 0.944601, 0.326594, 0.069331, -0.308441, -0.301298, 0.902266, -0.0, 0.0, 0.0, 0.0, 1.0],
                [0.951695, -0.128378, 0.278918, 0.0, 0.033025, 0.945926, 0.322698, 0.06933, -0.305263, -0.297899, 0.904473, -0.0, 0.0, 0.0, 0.0, 1.0],
                [0.952742, -0.126486, 0.276195, -0.0, 0.03341, 0.947307, 0.318579, 0.06933, -0.301937, -0.294296, 0.906766, -0.0, 0.0, 0.0, 0.0, 1.0],
                [0.953822, -0.124513, 0.273351, 0.0, 0.033792, 0.948741, 0.314244, 0.06933, -0.298467, -0.290496, 0.909137, 0.0, 0.0, 0.0, 0.0, 1.0],
                [0.95493, -0.122466, 0.270388, -0.0, 0.034171, 0.95022, 0.309699, 0.06933, -0.294856, -0.286501, 0.911579, -0.0, 0.0, 0.0, 0.0, 1.0],
                [0.956066, -0.120348, 0.267309, -0.0, 0.034542, 0.951742, 0.304948, 0.06933, -0.29111, -0.282317, 0.914085, -0.0, 0.0, 0.0, 0.0, 1.0],
                [0.957225, -0.118163, 0.264116, 0.0, 0.034904, 0.953301, 0.299999, 0.069331, -0.287231, -0.277948, 0.916648, 0.0, 0.0, 0.0, 0.0, 1.0],
                [0.958405, -0.115917, 0.260811, -0.0, 0.035253, 0.954891, 0.294858, 0.06933, -0.283225, -0.273399, 0.919259, -0.0, 0.0, 0.0, 0.0, 1.0],
                [0.959604, -0.113614, 0.257396, -0.0, 0.035587, 0.956507, 0.28953, 0.069331, -0.279096, -0.268674, 0.921911, 0.0, 0.0, 0.0, 0.0, 1.0],
                [0.960817, -0.111259, 0.253874, -0.0, 0.035903, 0.958146, 0.284021, 0.06933, -0.274848, -0.263777, 0.924597, -0.0, 0.0, 0.0, 0.0, 1.0],
                [0.962043, -0.108856, 0.250248, 0.0, 0.0362, 0.9598, 0.278339, 0.06933, -0.270487, -0.258715, 0.92731, -0.0, 0.0, 0.0, 0.0, 1.0],
                [0.963278, -0.10641, 0.24652, -0.0, 0.036475, 0.961467, 0.27249, 0.06933, -0.266016, -0.253492, 0.930042, -0.0, 0.0, 0.0, 0.0, 1.0],
                [0.964521, -0.103925, 0.242693, -0.0, 0.036724, 0.963141, 0.26648, 0.06933, -0.261441, -0.248113, 0.932786, 0.0, 0.0, 0.0, 0.0, 1.0],
                [0.965767, -0.101406, 0.238769, -0.0, 0.036947, 0.964816, 0.260316, 0.069331, -0.256766, -0.242583, 0.935534, 0.0, 0.0, 0.0, 0.0, 1.0],
                [0.967015, -0.098857, 0.234753, -0.0, 0.037141, 0.96649, 0.254005, 0.069331, -0.251996, -0.236908, 0.938282, 0.0, 0.0, 0.0, 0.0, 1.0],
                [0.968262, -0.096283, 0.230646, 0.0, 0.037303, 0.968156, 0.247554, 0.06933, -0.247136, -0.231094, 0.94102, 0.0, 0.0, 0.0, 0.0, 1.0],
                [0.969506, -0.093688, 0.226452, -0.0, 0.037433, 0.96981, 0.24097, 0.069331, -0.242192, -0.225146, 0.943744, -0.0, 0.0, 0.0, 0.0, 1.0],
                [0.970744, -0.091077, 0.222176, 0.0, 0.037527, 0.971449, 0.234261, 0.069331, -0.237168, -0.21907, 0.946446, -0.0, 0.0, 0.0, 0.0, 1.0],
                [0.971973, -0.088454, 0.217819, -0.0, 0.037586, 0.973068, 0.227433, 0.06933, -0.23207, -0.212872, 0.94912, 0.0, 0.0, 0.0, 0.0, 1.0],
                [0.973191, -0.085822, 0.213386, -0.0, 0.037605, 0.974663, 0.220494, 0.069331, -0.226902, -0.206559, 0.951761, -0.0, 0.0, 0.0, 0.0, 1.0],
                [0.974397, -0.083187, 0.20888, -0.0, 0.037586, 0.97623, 0.213452, 0.06933, -0.221672, -0.200136, 0.954362, -0.0, 0.0, 0.0, 0.0, 1.0],
                [0.975587, -0.080552, 0.204306, -0.0, 0.037526, 0.977766, 0.206315, 0.06933, -0.216383, -0.193612, 0.956919, -0.0, 0.0, 0.0, 0.0, 1.0],
                [0.976761, -0.077921, 0.199668, 0.0, 0.037423, 0.979267, 0.19909, 0.06933, -0.211041, -0.186991, 0.959425, -0.0, 0.0, 0.0, 0.0, 1.0],
                [0.977915, -0.075298, 0.194969, -0.0, 0.037278, 0.980729, 0.191785, 0.06933, -0.205653, -0.180282, 0.961876, -0.0, 0.0, 0.0, 0.0, 1.0],
                [0.979048, -0.072687, 0.190214, -0.0, 0.037089, 0.98215, 0.184409, 0.06933, -0.200223, -0.17349, 0.964267, 0.0, 0.0, 0.0, 0.0, 1.0],
                [0.980159, -0.070091, 0.185408, -0.0, 0.036856, 0.983526, 0.176969, 0.06933, -0.194758, -0.166624, 0.966595, 0.0, 0.0, 0.0, 0.0, 1.0],
                [0.981245, -0.067513, 0.180555, 0.0, 0.036578, 0.984856, 0.169474, 0.06933, -0.189263, -0.159691, 0.968854, 0.0, 0.0, 0.0, 0.0, 1.0],
                [0.982305, -0.064958, 0.175661, 0.0, 0.036254, 0.986136, 0.161931, 0.06933, -0.183744, -0.152698, 0.971041, 0.0, 0.0, 0.0, 0.0, 1.0],
                [0.983338, -0.062429, 0.170729, -0.0, 0.035886, 0.987364, 0.15435, 0.069331, -0.178207, -0.145652, 0.973153, -0.0, 0.0, 0.0, 0.0, 1.0],
                [0.984343, -0.059928, 0.165764, -0.0, 0.035472, 0.988539, 0.146739, 0.06933, -0.172658, -0.138562, 0.975187, 0.0, 0.0, 0.0, 0.0, 1.0],
                [0.985317, -0.057459, 0.160773, -0.0, 0.035014, 0.989658, 0.139106, 0.06933, -0.167103, -0.131434, 0.977139, -0.0, 0.0, 0.0, 0.0, 1.0],
                [0.986261, -0.055024, 0.15576, 0.0, 0.034511, 0.99072, 0.13146, 0.06933, -0.161548, -0.124279, 0.979008, -0.0, 0.0, 0.0, 0.0, 1.0],
                [0.987173, -0.052626, 0.15073, -0.0, 0.033964, 0.991725, 0.123809, 0.06933, -0.155998, -0.117102, 0.980791, -0.0, 0.0, 0.0, 0.0, 1.0],
                [0.988053, -0.050268, 0.145689, 0.0, 0.033374, 0.992669, 0.116162, 0.06933, -0.15046, -0.109912, 0.982487, -0.0, 0.0, 0.0, 0.0, 1.0],
                [0.988899, -0.047951, 0.140642, -0.0, 0.032742, 0.993554, 0.108528, 0.06933, -0.14494, -0.102718, 0.984094, 0.0, 0.0, 0.0, 0.0, 1.0],
                [0.989711, -0.045679, 0.135595, -0.0, 0.032069, 0.994378, 0.100914, 0.069331, -0.139443, -0.095527, 0.985612, 0.0, 0.0, 0.0, 0.0, 1.0],
                [0.990488, -0.043454, 0.130554, 0.0, 0.031356, 0.995141, 0.09333, 0.06933, -0.133975, -0.088349, 0.987038, -0.0, 0.0, 0.0, 0.0, 1.0],
                [0.991232, -0.041276, 0.125524, 0.0, 0.030605, 0.995844, 0.085785, 0.06933, -0.128543, -0.081191, 0.988375, 0.0, 0.0, 0.0, 0.0, 1.0],
                [0.99194, -0.039149, 0.12051, -0.0, 0.029817, 0.996485, 0.078285, 0.06933, -0.123151, -0.074061, 0.989621, 0.0, 0.0, 0.0, 0.0, 1.0],
                [0.992613, -0.037073, 0.11552, 0.0, 0.028995, 0.997066, 0.070841, 0.06933, -0.117807, -0.066968, 0.990776, 0.0, 0.0, 0.0, 0.0, 1.0],
