{
    "animation": [
        {
            "name": "Root",
            "time": [0.0, 0.0167, 0.0333, 0.05, 0.0667, 0.0833, 0.1, 0.1167, 0.1333, 0.15, 0.1667, 0.1833, 0.2, 0.2167, 0.2333, 0.25, 0.2667, 0.2833, 0.3, 0.3167, 0.3333, 0.35, 0.3667, 0.3833, 0.4, 0.4167, 0.4333, 0.45, 0.4667, 0.4833, 0.5, 0.5167, 0.5333, 0.55, 0.5667, 0.5833, 0.6, 0.6167, 0.6333, 0.65, 0.6667, 0.6833, 0.7, 0.7167, 0.7333, 0.75, 0.7667, 0.7833, 0.8, 0.8167, 0.8333, 0.85, 0.8667, 0.8833, 0.9, 0.9167, 0.9333, 0.95, 0.9667, 0.9833, 1.0],
            "transform": [
                [1.0, 0.0, 0.0, 0.0, 0.0, 0.0, -1.0, 0.0, 0.0, 1.0, 0.0, 0.724992, 0.0, 0.0, 0.0, 1.0],
                [1.0, 0.0, 0.0, 0.0, 0.0, 0.0, -1.0, 0.0, 0.0, 1.0, 0.0, 0.723435, 0.0, 0.0, 0.0, 1.0],
                [1.0, 0.0, 0.0, 0.0, 0.0, 0.0, -1.0, 0.0, 0.0, 1.0, 0.0, 0.719543, 0.0, 0.0, 0.0, 1.0],
                [1.0, 0.0, 0.0, 0.0, 0.0, 0.0, -1.0, 0.0, 0.0, 1.0, 0.0, 0.714483, 0.0, 0.0, 0.0, 1.0],
                [1.0, 0.0, 0.0, 0.0, 0.0, 0.0, -1.0, 0.0, 0.0, 1.0, 0.0, 0.709422, 0.0, 0.0, 0.0, 1.0],
                [1.0, 0.0, 0.0, 0.0, 0.0, 0.0, -1.0, 0.0, 0.0, 1.0, 0.0, 0.70553, 0.0, 0.0, 0.0, 1.0],
                [1.0, 0.0, 0.0, 0.0, 0.0, 0.0, -1.0, 0.0, 0.0, 1.0, 0.0, 0.703973, 0.0, 0.0, 0.0, 1.0],
                [1.0, 0.0, 0.0, 0.0, 0.0, 0.0, -1.0, 0.0, 0.0, 1.0, 0.0, 0.704079, 0.0, 0.0, 0.0, 1.0],
                [1.0, 0.0, 0.0, 0.0, 0.0, 0.0, -1.0, 0.0, 0.0, 1.0, 0.0, 0.704387, 0.0, 0.0, 0.0, 1.0],
                [1.0, 0.0, 0.0, 0.0, 0.0, 0.0, -1.0, 0.0, 0.0, 1.0, 0.0, 0.704876, 0.0, 0.0, 0.0, 1.0],
                [1.0, 0.0, 0.0, 0.0, 0.0, 0.0, -1.0, 0.0, 0.0, 1.0, 0.0, 0.70553, 0.0, 0.0, 0.0, 1.0],
                [1.0, 0.0, 0.0, 0.0, 0.0, 0.0, -1.0, 0.0, 0.0, 1.0, 0.0, 0.70633, 0.0, 0.0, 0.0, 1.0],
                [1.0, 0.0, 0.0, 0.0, 0.0, 0.0, -1.0, 0.0, 0.0, 1.0, 0.0, 0.707257, 0.0, 0.0, 0.0, 1.0],
                [1.0, 0.0, 0.0, 0.0, 0.0, 0.0, -1.0, 0.0, 0.0, 1.0, 0.0, 0.708294, 0.0, 0.0, 0.0, 1.0],
                [1.0, 0.0, 0.0, 0.0, 0.0, 0.0, -1.0, 0.0, 0.0, 1.0, 0.0, 0.709422, 0.0, 0.0, 0.0, 1.0],
                [1.0, 0.0, 0.0, 0.0, 0.0, 0.0, -1.0, 0.0, 0.0, 1.0, 0.0, 0.710624, 0.0, 0.0, 0.0, 1.0],
                [1.0, 0.0, 0.0, 0.0, 0.0, 0.0, -1.0, 0.0, 0.0, 1.0, 0.0, 0.71188, 0.0, 0.0, 0.0, 1.0],
                [1.0, 0.0, 0.0, 0.0, 0.0, 0.0, -1.0, 0.0, 0.0, 1.0, 0.0, 0.713172, 0.0, 0.0, 0.0, 1.0],
                [1.0, 0.0, 0.0, 0.0, 0.0, 0.0, -1.0, 0.0, 0.0, 1.0, 0.0, 0.714483, 0.0, 0.0, 0.0, 1.0],
                [1.0, 0.0, 0.0, 0.0, 0.0, 0.0, -1.0, 0.0, 0.0, 1.0, 0.0, 0.715793, 0.0, 0.0, 0.0, 1.0],
                [1.0, 0.0, 0.0, 0.0, 0.0, 0.0, -1.0, 0.0, 0.0, 1.0, 0.0, 0.717086, 0.0, 0.0, 0.0, 1.0],
                [1.0, 0.0, 0.0, 0.0, 0.0, 0.0, -1.0, 0.0, 0.0, 1.0, 0.0, 0.718342, 0.0, 0.0, 0.0, 1.0],
                [1.0, 0.0, 0.0, 0.0, 0.0, 0.0, -1.0, 0.0, 0.0, 1.0, 0.0, 0.719543, 0.0, 0.0, 0.0, 1.0],
                [1.0, 0.0, 0.0, 0.0, 0.0, 0.0, -1.0, 0.0, 0.0, 1.0, 0.0, 0.720671, 0.0, 0.0, 0.0, 1.0],
                [1.0, 0.0, 0.0, 0.0, 0.0, 0.0, -1.0, 0.0, 0.0, 1.0, 0.0, 0.721708, 0.0, 0.0, 0.0, 1.0],
                [1.0, 0.0, 0.0, 0.0, 0.0, 0.0, -1.0, 0.0, 0.0, 1.0, 0.0, 0.722635, 0.0, 0.0, 0.0, 1.0],
                [1.0, 0.0, 0.0, 0.0, 0.0, 0.0, -1.0, 0.0, 0.0, 1.0, 0.0, 0.723435, 0.0, 0.0, 0.0, 1.0],
                [1.0, 0.0, 0.0, 0.0, 0.0, 0.0, -1.0, 0.0, 0.0, 1.0, 0.0, 0.724089, 0.0, 0.0, 0.0, 1.0],
                [1.0, 0.0, 0.0, 0.0, 0.0, 0.0, -1.0, 0.0, 0.0, 1.0, 0.0, 0.724579, 0.0, 0.0, 0.0, 1.0],
                [1.0, 0.0, 0.0, 0.0, 0.0, 0.0, -1.0, 0.0, 0.0, 1.0, 0.0, 0.724886, 0.0, 0.0, 0.0, 1.0],
                [1.0, 0.0, 0.0, 0.0, 0.0, 0.0, -1.0, 0.0, 0.0, 1.0, 0.0, 0.724992, 0.0, 0.0, 0.0, 1.0],
                [1.0, 0.0, 0.0, 0.0, 0.0, 0.0, -1.0, 0.0, 0.0, 1.0, 0.0, 0.723435, 0.0, 0.0, 0.0, 1.0],
                [1.0, 0.0, 0.0, 0.0, 0.0, 0.0, -1.0, 0.0, 0.0, 1.0, 0.0, 0.719543, 0.0, 0.0, 0.0, 1.0],
                [1.0, 0.0, 0.0, 0.0, 0.0, 0.0, -1.0, 0.0, 0.0, 1.0, 0.0, 0.714483, 0.0, 0.0, 0.0, 1.0],
                [1.0, 0.0, 0.0, 0.0, 0.0, 0.0, -1.0, 0.0, 0.0, 1.0, 0.0, 0.709422, 0.0, 0.0, 0.0, 1.0],
                [1.0, 0.0, 0.0, 0.0, 0.0, 0.0, -1.0, 0.0, 0.0, 1.0, 0.0, 0.70553, 0.0, 0.0, 0.0, 1.0],
                [1.0, 0.0, 0.0, 0.0, 0.0, 0.0, -1.0, 0.0, 0.0, 1.0, 0.0, 0.703973, 0.0, 0.0, 0.0, 1.0],
                [1.0, 0.0, 0.0, 0.0, 0.0, 0.0, -1.0, 0.0, 0.0, 1.0, 0.0, 0.704079, 0.0, 0.0, 0.0, 1.0],
                [1.0, 0.0, 0.0, 0.0, 0.0, 0.0, -1.0, 0.0, 0.0, 1.0, 0.0, 0.704387, 0.0, 0.0, 0.0, 1.0],
                [1.0, 0.0, 0.0, 0.0, 0.0, 0.0, -1.0, 0.0, 0.0, 1.0, 0.0, 0.704876, 0.0, 0.0, 0.0, 1.0],
                [1.0, 0.0, 0.0, 0.0, 0.0, 0.0, -1.0, 0.0, 0.0, 1.0, 0.0, 0.70553, 0.0, 0.0, 0.0, 1.0],
                [1.0, 0.0, 0.0, 0.0, 0.0, 0.0, -1.0, 0.0, 0.0, 1.0, 0.0, 0.70633, 0.0, 0.0, 0.0, 1.0],
                [1.0, 0.0, 0.0, 0.0, 0.0, 0.0, -1.0, 0.0, 0.0, 1.0, 0.0, 0.707257, 0.0, 0.0, 0.0, 1.0],
                [1.0, 0.0, 0.0, 0.0, 0.0, 0.0, -1.0, 0.0, 0.0, 1.0, 0.0, 0.708294, 0.0, 0.0, 0.0, 1.0],
                [1.0, 0.0, 0.0, 0.0, 0.0, 0.0, -1.0, 0.0, 0.0, 1.0, 0.0, 0.709422, 0.0, 0.0, 0.0, 1.0],
                [1.0, 0.0, 0.0, 0.0, 0.0, 0.0, -1.0, 0.0, 0.0, 1.0, 0.0, 0.710624, 0.0, 0.0, 0.0, 1.0],
                [1.0, 0.0, 0.0, 0.0, 0.0, 0.0, -1.0, 0.0, 0.0, 1.0, 0.0, 0.71188, 0.0, 0.0, 0.0, 1.0],
                [1.0, 0.0, 0.0, 0.0, 0.0, 0.0, -1.0, 0.0, 0.0, 1.0, 0.0, 0.713172, 0.0, 0.0, 0.0, 1.0],
                [1.0, 0.0, 0.0, 0.0, 0.0, 0.0, -1.0, 0.0, 0.0, 1.0, 0.0, 0.714483, 0.0, 0.0, 0.0, 1.0],
                [1.0, 0.0, 0.0, 0.0, 0.0, 0.0, -1.0, 0.0, 0.0, 1.0, 0.0, 0.715793, 0.0, 0.0, 0.0, 1.0],
                [1.0, 0.0, 0.0, 0.0, 0.0, 0.0, -1.0, 0.0, 0.0, 1.0, 0.0, 0.717086, 0.0, 0.0, 0.0, 1.0],
                [1.0, 0.0, 0.0, 0.0, 0.0, 0.0, -1.0, 0.0, 0.0, 1.0, 0.0, 0.718342, 0.0, 0.0, 0.0, 1.0],
                [1.0, 0.0, 0.0, 0.0, 0.0, 0.0, -1.0, 0.0, 0.0, 1.0, 0.0, 0.719543, 0.0, 0.0, 0.0, 1.0],
                [1.0, 0.0, 0.0, 0.0, 0.0, 0.0, -1.0, 0.0, 0.0, 1.0, 0.0, 0.720671, 0.0, 0.0, 0.0, 1.0],
                [1.0, 0.0, 0.0, 0.0, 0.0, 0.0, -1.0, 0.0, 0.0, 1.0, 0.0, 0.721708, 0.0, 0.0, 0.0, 1.0],
                [1.0, 0.0, 0.0, 0.0, 0.0, 0.0, -1.0, 0.0, 0.0, 1.0, 0.0, 0.722635, 0.0, 0.0, 0.0, 1.0],
                [1.0, 0.0, 0.0, 0.0, 0.0, 0.0, -1.0, 0.0, 0.0, 1.0, 0.0, 0.723435, 0.0, 0.0, 0.0, 1.0],
                [1.0, 0.0, 0.0, 0.0, 0.0, 0.0, -1.0, 0.0, 0.0, 1.0, 0.0, 0.724089, 0.0, 0.0, 0.0, 1.0],
                [1.0, 0.0, 0.0, 0.0, 0.0, 0.0, -1.0, 0.0, 0.0, 1.0, 0.0, 0.724579, 0.0, 0.0, 0.0, 1.0],
                [1.0, 0.0, 0.0, 0.0, 0.0, 0.0, -1.0, 0.0, 0.0, 1.0, 0.0, 0.724886, 0.0, 0.0, 0.0, 1.0],
                [1.0, 0.0, 0.0, 0.0, 0.0, 0.0, -1.0, 0.0, 0.0, 1.0, 0.0, 0.724992, 0.0, 0.0, 0.0, 1.0]
            ]
        },
        {
            "name": "body",
            "time": [0.0, 0.0167, 0.0333, 0.05, 0.0667, 0.0833, 0.1, 0.1167, 0.1333, 0.15, 0.1667, 0.1833, 0.2, 0.2167, 0.2333, 0.25, 0.2667, 0.2833, 0.3, 0.3167, 0.3333, 0.35, 0.3667, 0.3833, 0.4, 0.4167, 0.4333, 0.45, 0.4667, 0.4833, 0.5, 0.5167, 0.5333, 0.55, 0.5667, 0.5833, 0.6, 0.6167, 0.6333, 0.65, 0.6667, 0.6833, 0.7, 0.7167, 0.7333, 0.75, 0.7667, 0.7833, 0.8, 0.8167, 0.8333, 0.85, 0.8667, 0.8833, 0.9, 0.9167, 0.9333, 0.95, 0.9667, 0.9833, 1.0],
            "transform": [
                [0.996576, -0.0, -0.082683, 0.0, 0.006666, 0.996744, 0.080351, 0.06933, 0.082414, -0.080627, 0.993331, 0.0, 0.0, 0.0, 0.0, 1.0],
                [0.99662, -0.0, -0.082146, 0.0, 0.006623, 0.996744, 0.080355, 0.06933, 0.081878, -0.080627, 0.993376, 0.0, 0.0, 0.0, 0.0, 1.0],
                [0.996748, 0.0, -0.080583, 0.0, 0.006497, 0.996744, 0.080365, 0.06933, 0.080321, -0.080627, 0.993503, 0.0, 0.0, 0.0, 0.0, 1.0],
                [0.996948, -0.0, -0.078067, 0.0, 0.006294, 0.996744, 0.080381, 0.06933, 0.077813, -0.080627, 0.993702, 0.0, 0.0, 0.0, 0.0, 1.0],
                [0.997208, -0.0, -0.074671, 0.0, 0.006021, 0.996744, 0.080402, 0.06933, 0.074428, -0.080627, 0.993962, 0.0, 0.0, 0.0, 0.0, 1.0],
                [0.997514, -0.0, -0.070467, 0.0, 0.005682, 0.996744, 0.080427, 0.06933, 0.070237, -0.080627, 0.994267, 0.0, 0.0, 0.0, 0.0, 1.0],
                [0.997851, -0.0, -0.065527, 0.0, 0.005283, 0.996744, 0.080454, 0.06933, 0.065313, -0.080627, 0.994602, 0.0, 0.0, 0.0, 0.0, 1.0],
                [0.998203, -0.0, -0.059923, 0.0, 0.004831, 0.996744, 0.080482, 0.06933, 0.059728, -0.080627, 0.994953, 0.0, 0.0, 0.0, 0.0, 1.0],
                [0.998556, -0.0, -0.05373, 0.0, 0.004332, 0.996744, 0.080511, 0.06933, 0.053555, -0.080627, 0.995305, 0.0, 0.0, 0.0, 0.0, 1.0],
                [0.998894, 0.0, -0.047018, 0.0, 0.003791, 0.996744, 0.080538, 0.06933, 0.046865, -0.080627, 0.995642, 0.0, 0.0, 0.0, 0.0, 1.0],
                [0.999205, -0.0, -0.039863, 0.0, 0.003214, 0.996744, 0.080563, 0.06933, 0.039733, -0.080627, 0.995952, 0.0, 0.0, 0.0, 0.0, 1.0],
                [0.999477, -0.0, -0.032336, 0.0, 0.002607, 0.996744, 0.080585, 0.06933, 0.032231, -0.080627, 0.996223, 0.0, 0.0, 0.0, 0.0, 1.0],
                [0.9997, -0.0, -0.024512, 0.0, 0.001976, 0.996744, 0.080603, 0.06933, 0.024433, -0.080627, 0.996445, 0.0, 0.0, 0.0, 0.0, 1.0],
                [0.999864, -0.0, -0.016466, 0.0, 0.001328, 0.996744, 0.080616, 0.06933, 0.016412, -0.080627, 0.996609, 0.0, 0.0, 0.0, 0.0, 1.0],
                [0.999966, -0.0, -0.00827, 0.0, 0.000667, 0.996744, 0.080625, 0.06933, 0.008243, -0.080627, 0.99671, 0.0, 0.0, 0.0, 0.0, 1.0],
                [1.0, 0.0, -0.0, 0.0, -0.0, 0.996744, 0.080627, 0.06933, 0.0, -0.080627, 0.996744, 0.0, 0.0, 0.0, 0.0, 1.0],
                [0.999966, -0.0, 0.00827, 0.0, -0.000667, 0.996744, 0.080625, 0.06933, -0.008243, -0.080627, 0.99671, 0.0, 0.0, 0.0, 0.0, 1.0],
                [0.999864, 0.0, 0.016466, 0.0, -0.001328, 0.996744, 0.080616, 0.06933, -0.016412, -0.080627, 0.996609, 0.0, 0.0, 0.0, 0.0, 1.0],
                [0.9997, 0.0, 0.024512, 0.0, -0.001976, 0.996744, 0.080603, 0.06933, -0.024433, -0.080627, 0.996445, 0.0, 0.0, 0.0, 0.0, 1.0],
                [0.999477, 0.0, 0.032336, 0.0, -0.002607, 0.996744, 0.080585, 0.06933, -0.032231, -0.080627, 0.996223, 0.0, 0.0, 0.0, 0.0, 1.0],
                [0.999205, -0.0, 0.039863, 0.0, -0.003214, 0.996744, 0.080563, 0.06933, -0.039733, -0.080627, 0.995952, 0.0, 0.0, 0.0, 0.0, 1.0],
                [0.998894, 0.0, 0.047018, 0.0, -0.003791, 0.996744, 0.080538, 0.06933, -0.046865, -0.080627, 0.995642, 0.0, 0.0, 0.0, 0.0, 1.0],
                [0.998556, 0.0, 0.05373, 0.0, -0.004332, 0.996744, 0.080511, 0.06933, -0.053555, -0.080627, 0.995305, 0.0, 0.0, 0.0, 0.0, 1.0],
                [0.998203, 0.0, 0.059923, 0.0, -0.004831, 0.996744, 0.080482, 0.06933, -0.059728, -0.080627, 0.994953, 0.0, 0.0, 0.0, 0.0, 1.0],
                [0.997851, 0.0, 0.065527, 0.0, -0.005283, 0.996744, 0.080454, 0.06933, -0.065313, -0.080627, 0.994602, 0.0, 0.0, 0.0, 0.0, 1.0],
                [0.997514, -0.0, 0.070467, 0.0, -0.005682, 0.996744, 0.080427, 0.06933, -0.070237, -0.080627, 0.994267, 0.0, 0.0, 0.0, 0.0, 1.0],
                [0.997208, 0.0, 0.074671, 0.0, -0.006021, 0.996744, 0.080402, 0.06933, -0.074428, -0.080627, 0.993962, 0.0, 0.0, 0.0, 0.0, 1.0],
                [0.996948, 0.0, 0.078067, 0.0, -0.006294, 0.996744, 0.080381, 0.06933, -0.077813, -0.080627, 0.993702, 0.0, 0.0, 0.0, 0.0, 1.0],
                [0.996748, 0.0, 0.080583, 0.0, -0.006497, 0.996744, 0.080365, 0.06933, -0.08032, -0.080627, 0.993503, 0.0, 0.0, 0.0, 0.0, 1.0],
                [0.99662, 0.0, 0.082146, 0.0, -0.006623, 0.996744, 0.080355, 0.06933, -0.081878, -0.080627, 0.993376, 0.0, 0.0, 0.0, 0.0, 1.0],
                [0.996576, -0.0, 0.082683, 0.0, -0.006666, 0.996744, 0.080351, 0.06933, -0.082414, -0.080627, 0.993331, 0.0, 0.0, 0.0, 0.0, 1.0],
                [0.99662, 0.0, 0.082146, 0.0, -0.006623, 0.996744, 0.080355, 0.06933, -0.081878, -0.080627, 0.993376, 0.0, 0.0, 0.0, 0.0, 1.0],
                [0.996748, 0.0, 0.080583, 0.0, -0.006497, 0.996744, 0.080365, 0.06933, -0.080321, -0.080627, 0.993503, 0.0, 0.0, 0.0, 0.0, 1.0],
                [0.996948, 0.0, 0.078067, 0.0, -0.006294, 0.996744, 0.080381, 0.06933, -0.077813, -0.080627, 0.993702, 0.0, 0.0, 0.0, 0.0, 1.0],
                [0.997208, 0.0, 0.074671, 0.0, -0.006021, 0.996744, 0.080402, 0.06933, -0.074428, -0.080627, 0.993962, 0.0, 0.0, 0.0, 0.0, 1.0],
                [0.997514, 0.0, 0.070467, 0.0, -0.005682, 0.996744, 0.080427, 0.06933, -0.070237, -0.080627, 0.994267, 0.0, 0.0, 0.0, 0.0, 1.0],
                [0.997851, 0.0, 0.065527, 0.0, -0.005283, 0.996744, 0.080454, 0.06933, -0.065313, -0.080627, 0.994602, 0.0, 0.0, 0.0, 0.0, 1.0],
                [0.998203, 0.0, 0.059923, 0.0, -0.004831, 0.996744, 0.080482, 0.06933, -0.059728, -0.080627, 0.994953, 0.0, 0.0, 0.0, 0.0, 1.0],
                [0.998556, 0.0, 0.05373, 0.0, -0.004332, 0.996744, 0.080511, 0.06933, -0.053555, -0.080627, 0.995305, 0.0, 0.0, 0.0, 0.0, 1.0],
                [0.998894, -0.0, 0.047018, 0.0, -0.003791, 0.996744, 0.080538, 0.06933, -0.046865, -0.080627, 0.995642, 0.0, 0.0, 0.0, 0.0, 1.0],
                [0.999205, 0.0, 0.039863, 0.0, -0.003214, 0.996744, 0.080563, 0.06933, -0.039733, -0.080627, 0.995952, 0.0, 0.0, 0.0, 0.0, 1.0],
                [0.999477, 0.0, 0.032336, 0.0, -0.002607, 0.996744, 0.080585, 0.06933, -0.032231, -0.080627, 0.996223, 0.0, 0.0, 0.0, 0.0, 1.0],
                [0.9997, 0.0, 0.024512, 0.0, -0.001976, 0.996744, 0.080603, 0.06933, -0.024433, -0.080627, 0.996445, 0.0, 0.0, 0.0, 0.0, 1.0],
                [0.999864, 0.0, 0.016466, 0.0, -0.001328, 0.996744, 0.080616, 0.06933, -0.016412, -0.080627, 0.996609, 0.0, 0.0, 0.0, 0.0, 1.0],
                [0.999966, 0.0, 0.00827, 0.0, -0.000667, 0.996744, 0.080625, 0.06933, -0.008243, -0.080627, 0.99671, 0.0, 0.0, 0.0, 0.0, 1.0],
                [1.0, 0.0, -0.0, 0.0, 0.0, 0.996744, 0.080627, 0.06933, 0.0, -0.080627, 0.996744, 0.0, 0.0, 0.0, 0.0, 1.0],
                [0.999966, 0.0, -0.00827, 0.0, 0.000667, 0.996744, 0.080625, 0.06933, 0.008243, -0.080627, 0.99671, 0.0, 0.0, 0.0, 0.0, 1.0],
                [0.999864, -0.0, -0.016466, 0.0, 0.001328, 0.996744, 0.080616, 0.06933, 0.016412, -0.080627, 0.996609, 0.0, 0.0, 0.0, 0.0, 1.0],
                [0.9997, -0.0, -0.024512, 0.0, 0.001976, 0.996744, 0.080603, 0.06933, 0.024433, -0.080627, 0.996445, 0.0, 0.0, 0.0, 0.0, 1.0],
                [0.999477, -0.0, -0.032336, 0.0, 0.002607, 0.996744, 0.080585, 0.06933, 0.032231, -0.080627, 0.996223, 0.0, 0.0, 0.0, 0.0, 1.0],
                [0.999205, 0.0, -0.039863, 0.0, 0.003214, 0.996744, 0.080563, 0.06933, 0.039733, -0.080627, 0.995952, 0.0, 0.0, 0.0, 0.0, 1.0],
                [0.998894, -0.0, -0.047018, 0.0, 0.003791, 0.996744, 0.080538, 0.06933, 0.046865, -0.080627, 0.995642, 0.0, 0.0, 0.0, 0.0, 1.0],
                [0.998556, -0.0, -0.05373, 0.0, 0.004332, 0.996744, 0.080511, 0.06933, 0.053555, -0.080627, 0.995305, 0.0, 0.0, 0.0, 0.0, 1.0],
                [0.998203, -0.0, -0.059923, 0.0, 0.004831, 0.996744, 0.080482, 0.06933, 0.059728, -0.080627, 0.994953, 0.0, 0.0, 0.0, 0.0, 1.0],
                [0.997851, -0.0, -0.065527, 0.0, 0.005283, 0.996744, 0.080454, 0.06933, 0.065313, -0.080627, 0.994602, 0.0, 0.0, 0.0, 0.0, 1.0],
                [0.997514, -0.0, -0.070467, 0.0, 0.005682, 0.996744, 0.080427, 0.06933, 0.070237, -0.080627, 0.994267, 0.0, 0.0, 0.0, 0.0, 1.0],
                [0.997208, -0.0, -0.074671, 0.0, 0.006021, 0.996744, 0.080402, 0.06933, 0.074428, -0.080627, 0.993962, 0.0, 0.0, 0.0, 0.0, 1.0],
                [0.996948, -0.0, -0.078067, 0.0, 0.006294, 0.996744, 0.080381, 0.06933, 0.077813, -0.080627, 0.993702, 0.0, 0.0, 0.0, 0.0, 1.0],
                [0.996748, -0.0, -0.080583, 0.0, 0.006497, 0.996744, 0.080365, 0.06933, 0.08032, -0.080627, 0.993503, 0.0, 0.0, 0.0, 0.0, 1.0],
                [0.99662, -0.0, -0.082146, 0.0, 0.006623, 0.996744, 0.080355, 0.06933, 0.081878, -0.080627, 0.993376, 0.0, 0.0, 0.0, 0.0, 1.0],
                [0.996576, 0.0, -0.082683, 0.0, 0.006666, 0.996744, 0.080351, 0.06933, 0.082414, -0.080627, 0.993331, 0.0, 0.0, 0.0, 0.0, 1.0]
            ]
        },
        {
            "name": "chest",
            "time": [0.0, 0.0167, 0.0333, 0.05, 0.0667, 0.0833, 0.1, 0.1167, 0.1333, 0.15, 0.1667, 0.1833, 0.2, 0.2167, 0.2333, 0.25, 0.2667, 0.2833, 0.3, 0.3167, 0.3333, 0.35, 0.3667, 0.3833, 0.4, 0.4167, 0.4333, 0.45, 0.4667, 0.4833, 0.5, 0.5167, 0.5333, 0.55, 0.5667, 0.5833, 0.6, 0.6167, 0.6333, 0.65, 0.6667, 0.6833, 0.7, 0.7167, 0.7333, 0.75, 0.7667, 0.7833, 0.8, 0.8167, 0.8333, 0.85, 0.8667, 0.8833, 0.9, 0.9167, 0.9333, 0.95, 0.9667, 0.9833, 1.0],
            "transform": [
                [0.972122, 0.043594, -0.230386, 0.0, 0.045033, 0.92956, 0.36591, 0.546315, 0.230109, -0.366084, 0.901683, 0.0, 0.0, 0.0, 0.0, 1.0],
                [0.97248, 0.043318, -0.228926, 0.0, 0.044747, 0.929548, 0.365977, 0.546315, 0.22865, -0.366149, 0.902028, 0.0, 0.0, 0.0, 0.0, 1.0],
                [0.973507, 0.042513, -0.224673, -0.0, 0.043916, 0.929511, 0.366171, 0.546315, 0.224403, -0.366336, 0.903018, -0.0, 0.0, 0.0, 0.0, 1.0],
                [0.975119, 0.041215, -0.217815, 0.0, 0.042575, 0.929453, 0.366475, 0.546315, 0.217553, -0.366631, 0.904573, -0.0, 0.0, 0.0, 0.0, 1.0],
                [0.977219, 0.039459, -0.208533, 0.0, 0.040761, 0.929378, 0.366871, 0.546315, 0.208283, -0.367014, 0.906598, 0.0, 0.0, 0.0, 0.0, 1.0],
                [0.979693, 0.037278, -0.197008, -0.0, 0.038508, 0.92929, 0.367338, 0.546315, 0.196771, -0.367465, 0.908983, -0.0, 0.0, 0.0, 0.0, 1.0],
                [0.982422, 0.034707, -0.183419, -0.0, 0.035852, 0.929192, 0.367853, 0.546315, 0.183198, -0.367963, 0.911615, 0.0, 0.0, 0.0, 0.0, 1.0],
                [0.985284, 0.031779, -0.167947, -0.0, 0.032828, 0.92909, 0.368393, 0.546315, 0.167745, -0.368485, 0.914374, -0.0, 0.0, 0.0, 0.0, 1.0],
                [0.988156, 0.028531, -0.150779, -0.0, 0.029472, 0.928988, 0.368935, 0.546315, 0.150598, -0.369009, 0.917144, 0.0, 0.0, 0.0, 0.0, 1.0],
                [0.99092, 0.024997, -0.132106, 0.0, 0.025822, 0.928889, 0.369457, 0.546315, 0.131948, -0.369514, 0.919809, 0.0, 0.0, 0.0, 0.0, 1.0],
                [0.993467, 0.021217, -0.112127, -0.0, 0.021917, 0.928798, 0.369938, 0.546315, 0.111992, -0.369978, 0.922265, 0.0, 0.0, 0.0, 0.0, 1.0],
                [0.995698, 0.017228, -0.091045, 0.0, 0.017796, 0.928718, 0.370359, 0.546315, 0.090936, -0.370385, 0.924416, 0.0, 0.0, 0.0, 0.0, 1.0],
                [0.997526, 0.01307, -0.069073, -0.0, 0.013501, 0.928653, 0.370704, 0.546315, 0.06899, -0.370719, 0.926179, 0.0, 0.0, 0.0, 0.0, 1.0],
                [0.998883, 0.008785, -0.046426, -0.0, 0.009075, 0.928605, 0.37096, 0.546315, 0.04637, -0.370967, 0.927488, 0.0, 0.0, 0.0, 0.0, 1.0],
                [0.999718, 0.004414, -0.023326, -0.0, 0.00456, 0.928575, 0.371117, 0.546315, 0.023298, -0.371119, 0.928293, -0.0, 0.0, 0.0, 0.0, 1.0],
                [1.0, -0.0, -0.0, -0.0, 0.0, 0.928565, 0.371171, 0.546315, 0.0, -0.371171, 0.928565, 0.0, 0.0, 0.0, 0.0, 1.0],
                [0.999718, -0.004414, 0.023326, 0.0, -0.00456, 0.928575, 0.371117, 0.546315, -0.023298, -0.371119, 0.928293, -0.0, 0.0, 0.0, 0.0, 1.0],
                [0.998883, -0.008785, 0.046426, 0.0, -0.009075, 0.928605, 0.37096, 0.546315, -0.04637, -0.370967, 0.927488, 0.0, 0.0, 0.0, 0.0, 1.0],
                [0.997526, -0.01307, 0.069073, 0.0, -0.013501, 0.928653, 0.370704, 0.546315, -0.06899, -0.370719, 0.926179, -0.0, 0.0, 0.0, 0.0, 1.0],
                [0.995698, -0.017228, 0.091045, -0.0, -0.017796, 0.928718, 0.370358, 0.546315, -0.090936, -0.370385, 0.924416, 0.0, 0.0, 0.0, 0.0, 1.0],
                [0.993467, -0.021217, 0.112127, 0.0, -0.021917, 0.928798, 0.369938, 0.546315, -0.111992, -0.369978, 0.922265, -0.0, 0.0, 0.0, 0.0, 1.0],
                [0.99092, -0.024997, 0.132106, 0.0, -0.025822, 0.928889, 0.369457, 0.546315, -0.131948, -0.369514, 0.919809, 0.0, 0.0, 0.0, 0.0, 1.0],
                [0.988156, -0.028531, 0.150779, 0.0, -0.029472, 0.928988, 0.368935, 0.546315, -0.150598, -0.369009, 0.917144, 0.0, 0.0, 0.0, 0.0, 1.0],
                [0.985284, -0.031779, 0.167947, -0.0, -0.032828, 0.92909, 0.368393, 0.546315, -0.167745, -0.368485, 0.914374, 0.0, 0.0, 0.0, 0.0, 1.0],
                [0.982422, -0.034707, 0.183419, 0.0, -0.035852, 0.929192, 0.367853, 0.546315, -0.183198, -0.367963, 0.911615, 0.0, 0.0, 0.0, 0.0, 1.0],
                [0.979693, -0.037278, 0.197008, -0.0, -0.038508, 0.92929, 0.367338, 0.546315, -0.196771, -0.367465, 0.908983, 0.0, 0.0, 0.0, 0.0, 1.0],
                [0.977219, -0.039459, 0.208533, 0.0, -0.040761, 0.929378, 0.366871, 0.546315, -0.208283, -0.367014, 0.906598, 0.0, 0.0, 0.0, 0.0, 1.0],
                [0.975119, -0.041215, 0.217815, -0.0, -0.042575, 0.929453, 0.366475, 0.546315, -0.217553, -0.366631, 0.904573, 0.0, 0.0, 0.0, 0.0, 1.0],
                [0.973507, -0.042513, 0.224673, 0.0, -0.043916, 0.929511, 0.366171, 0.546315, -0.224403, -0.366336, 0.903018, -0.0, 0.0, 0.0, 0.0, 1.0],
                [0.97248, -0.043318, 0.228926, 0.0, -0.044747, 0.929548, 0.365977, 0.546315, -0.22865, -0.366149, 0.902028, 0.0, 0.0, 0.0, 0.0, 1.0],
                [0.972122, -0.043594, 0.230386, -0.0, -0.045033, 0.92956, 0.36591, 0.546315, -0.230109, -0.366084, 0.901683, 0.0, 0.0, 0.0, 0.0, 1.0],
                [0.97248, -0.043318, 0.228926, -0.0, -0.044747, 0.929548, 0.365977, 0.546315, -0.22865, -0.366149, 0.902028, 0.0, 0.0, 0.0, 0.0, 1.0],
                [0.973507, -0.042513, 0.224673, -0.0, -0.043916, 0.929511, 0.366171, 0.546315, -0.224403, -0.366336, 0.903018, -0.0, 0.0, 0.0, 0.0, 1.0],
                [0.975119, -0.041215, 0.217815, 0.0, -0.042575, 0.929453, 0.366475, 0.546315, -0.217553, -0.366631, 0.904573, -0.0, 0.0, 0.0, 0.0, 1.0],
                [0.977219, -0.039459, 0.208533, 0.0, -0.040761, 0.929378, 0.366871, 0.546315, -0.208283, -0.367014, 0.906598, 0.0, 0.0, 0.0, 0.0, 1.0],
                [0.979693, -0.037278, 0.197008, 0.0, -0.038508, 0.92929, 0.367338, 0.546315, -0.196771, -0.367465, 0.908983, -0.0, 0.0, 0.0, 0.0, 1.0],
                [0.982422, -0.034707, 0.183419, -0.0, -0.035852, 0.929192, 0.367853, 0.546315, -0.183198, -0.367963, 0.911615, 0.0, 0.0, 0.0, 0.0, 1.0],
                [0.985284, -0.031779, 0.167947, -0.0, -0.032828, 0.92909, 0.368393, 0.546315, -0.167745, -0.368485, 0.914374, -0.0, 0.0, 0.0, 0.0, 1.0],
                [0.988156, -0.028531, 0.150779, 0.0, -0.029472, 0.928988, 0.368935, 0.546315, -0.150598, -0.369009, 0.917144, 0.0, 0.0, 0.0, 0.0, 1.0],
                [0.99092, -0.024997, 0.132106, -0.0, -0.025822, 0.928889, 0.369457, 0.546315, -0.131948, -0.369514, 0.919809, 0.0, 0.0, 0.0, 0.0, 1.0],
                [0.993467, -0.021217, 0.112127, -0.0, -0.021917, 0.928798, 0.369938, 0.546315, -0.111992, -0.369978, 0.922265, 0.0, 0.0, 0.0, 0.0, 1.0],
                [0.995698, -0.017228, 0.091045, -0.0, -0.017796, 0.928718, 0.370359, 0.546315, -0.090936, -0.370385, 0.924416, 0.0, 0.0, 0.0, 0.0, 1.0],
                [0.997526, -0.01307, 0.069073, 0.0, -0.013501, 0.928653, 0.370704, 0.546315, -0.06899, -0.370719, 0.926179, 0.0, 0.0, 0.0, 0.0, 1.0],
                [0.998883, -0.008785, 0.046426, 0.0, -0.009075, 0.928605, 0.37096, 0.546315, -0.04637, -0.370967, 0.927488, 0.0, 0.0, 0.0, 0.0, 1.0],
                [0.999718, -0.004414, 0.023326, 0.0, -0.00456, 0.928575, 0.371117, 0.546315, -0.023298, -0.371119, 0.928293, -0.0, 0.0, 0.0, 0.0, 1.0],
                [1.0, -0.0, 0.0, 0.0, -0.0, 0.928565, 0.371171, 0.546315, -0.0, -0.371171, 0.928565, 0.0, 0.0, 0.0, 0.0, 1.0],
                [0.999718, 0.004414, -0.023326, 0.0, 0.00456, 0.928575, 0.371117, 0.546315, 0.023298, -0.371119, 0.928293, -0.0, 0.0, 0.0, 0.0, 1.0],
                [0.998883, 0.008785, -0.046426, -0.0, 0.009075, 0.928605, 0.37096, 0.546315, 0.04637, -0.370967, 0.927488, 0.0, 0.0, 0.0, 0.0, 1.0],
                [0.997526, 0.01307, -0.069073, -0.0, 0.013501, 0.928653, 0.370704, 0.546315, 0.06899, -0.370719, 0.926179, -0.0, 0.0, 0.0, 0.0, 1.0],
                [0.995698, 0.017228, -0.091045, 0.0, 0.017796, 0.928718, 0.370359, 0.546315, 0.090936, -0.370385, 0.924416, 0.0, 0.0, 0.0, 0.0, 1.0],
                [0.993467, 0.021217, -0.112127, -0.0, 0.021917, 0.928798, 0.369938, 0.546315, 0.111992, -0.369978, 0.922265, -0.0, 0.0, 0.0, 0.0, 1.0],
                [0.99092, 0.024997, -0.132106, 0.0, 0.025822, 0.928889, 0.369457, 0.546315, 0.131948, -0.369514, 0.919809, 0.0, 0.0, 0.0, 0.0, 1.0],
                [0.988156, 0.028531, -0.150779, -0.0, 0.029472, 0.928988, 0.368935, 0.546315, 0.150598, -0.369009, 0.917144, 0.0, 0.0, 0.0, 0.0, 1.0],
                [0.985284, 0.031779, -0.167947, 0.0, 0.032828, 0.92909, 0.368393, 0.546315, 0.167745, -0.368485, 0.914374, 0.0, 0.0, 0.0, 0.0, 1.0],
                [0.982422, 0.034707, -0.183419, 0.0, 0.035852, 0.929192, 0.367853, 0.546315, 0.183198, -0.367963, 0.911615, 0.0, 0.0, 0.0, 0.0, 1.0],
                [0.979693, 0.037278, -0.197008, 0.0, 0.038508, 0.92929, 0.367338, 0.546315, 0.196771, -0.367465, 0.908983, 0.0, 0.0, 0.0, 0.0, 1.0],
                [0.977219, 0.039459, -0.208533, -0.0, 0.040761, 0.929378, 0.366871, 0.546315, 0.208283, -0.367014, 0.906598, 0.0, 0.0, 0.0, 0.0, 1.0],
                [0.975119, 0.041215, -0.217815, 0.0, 0.042575, 0.929453, 0.366475, 0.546315, 0.217553, -0.366631, 0.904573, 0.0, 0.0, 0.0, 0.0, 1.0],
                [0.973507, 0.042513, -0.224673, -0.0, 0.043916, 0.929511, 0.366171, 0.546315, 0.224403, -0.366336, 0.903018, -0.0, 0.0, 0.0, 0.0, 1.0],
                [0.97248, 0.043318, -0.228926, -0.0, 0.044747, 0.929548, 0.365977, 0.546315, 0.22865, -0.366149, 0.902028, 0.0, 0.0, 0.0, 0.0, 1.0],
                [0.972122, 0.043594, -0.230386, 0.0, 0.045033, 0.92956, 0.36591, 0.546315, 0.230109, -0.366084, 0.901683, 0.0, 0.0, 0.0, 0.0, 1.0]
            ]
        },
        {
            "name": "head",
            "time": [0.0, 0.0167, 0.0333, 0.05, 0.0667, 0.0833, 0.1, 0.1167, 0.1333, 0.15, 0.1667, 0.1833, 0.2, 0.2167, 0.2333, 0.25, 0.2667, 0.2833, 0.3, 0.3167, 0.3333, 0.35, 0.3667, 0.3833, 0.4, 0.4167, 0.4333, 0.45, 0.4667, 0.4833, 0.5, 0.5167, 0.5333, 0.55, 0.5667, 0.5833, 0.6, 0.6167, 0.6333, 0.65, 0.6667, 0.6833, 0.7, 0.7167, 0.7333, 0.75, 0.7667, 0.7833, 0.8, 0.8167, 0.8333, 0.85, 0.8667, 0.8833, 0.9, 0.9167, 0.9333, 0.95, 0.9667, 0.9833, 1.0],
            "transform": [
                [0.951387, 0.013693, 0.307693, 0.0, 0.069976, 0.963277, -0.259232, 0.744975, -0.299944, 0.268161, 0.915491, 0.0, 0.0, 0.0, 0.0, 1.0],
                [0.952004, 0.013608, 0.305784, 0.0, 0.069541, 0.963271, -0.259372, 0.744975, -0.298082, 0.268188, 0.916091, 0.0, 0.0, 0.0, 0.0, 1.0],
                [0.953776, 0.01336, 0.30022, 0.0, 0.068276, 0.963253, -0.259774, 0.744975, -0.292658, 0.268264, 0.917815, -0.0, 0.0, 0.0, 0.0, 1.0],
                [0.956564, 0.01296, 0.291233, -0.0, 0.066232, 0.963224, -0.260407, 0.744975, -0.283898, 0.268385, 0.920528, 0.0, 0.0, 0.0, 0.0, 1.0],
                [0.960198, 0.012418, 0.279044, -0.0, 0.06346, 0.963188, -0.261232, 0.744975, -0.272016, 0.268542, 0.924063, -0.0, 0.0, 0.0, 0.0, 1.0],
                [0.964487, 0.011743, 0.263869, -0.0, 0.060009, 0.963145, -0.262205, 0.744975, -0.257223, 0.268728, 0.928236, 0.0, 0.0, 0.0, 0.0, 1.0],
                [0.969228, 0.010944, 0.245921, 0.0, 0.055927, 0.963097, -0.263281, 0.744975, -0.239727, 0.268933, 0.932848, 0.0, 0.0, 0.0, 0.0, 1.0],
                [0.97421, 0.010032, 0.225422, -0.0, 0.051265, 0.963046, -0.264412, 0.744975, -0.219744, 0.269149, 0.937695, -0.0, 0.0, 0.0, 0.0, 1.0],
                [0.97922, 0.009016, 0.202599, 0.0, 0.046075, 0.962996, -0.265549, 0.744975, -0.197496, 0.269366, 0.942569, -0.0, 0.0, 0.0, 0.0, 1.0],
                [0.984054, 0.007908, 0.177695, -0.0, 0.040411, 0.962947, -0.266646, 0.744975, -0.17322, 0.269575, 0.947272, 0.0, 0.0, 0.0, 0.0, 1.0],
                [0.988516, 0.006718, 0.150967, -0.0, 0.034333, 0.962902, -0.267659, 0.744975, -0.147165, 0.269768, 0.951613, -0.0, 0.0, 0.0, 0.0, 1.0],
                [0.99243, 0.00546, 0.122687, -0.0, 0.027902, 0.962862, -0.268548, 0.744975, -0.119597, 0.269938, 0.955421, -0.0, 0.0, 0.0, 0.0, 1.0],
                [0.995644, 0.004145, 0.093143, 0.0, 0.021183, 0.96283, -0.269277, 0.744975, -0.090797, 0.270077, 0.958548, -0.0, 0.0, 0.0, 0.0, 1.0],
                [0.998033, 0.002787, 0.062636, 0.0, 0.014245, 0.962806, -0.269819, 0.744975, -0.061059, 0.27018, 0.960872, 0.0, 0.0, 0.0, 0.0, 1.0],
                [0.999503, 0.001401, 0.031481, 0.0, 0.007159, 0.962791, -0.270153, 0.744975, -0.030688, 0.270244, 0.962303, -0.0, 0.0, 0.0, 0.0, 1.0],
                [1.0, 0.0, -0.0, -0.0, -0.0, 0.962786, -0.270266, 0.744975, 0.0, 0.270266, 0.962786, 0.0, 0.0, 0.0, 0.0, 1.0],
                [0.999503, -0.001401, -0.031481, 0.0, -0.007159, 0.962791, -0.270153, 0.744975, 0.030688, 0.270244, 0.962303, -0.0, 0.0, 0.0, 0.0, 1.0],
                [0.998033, -0.002787, -0.062636, -0.0, -0.014245, 0.962806, -0.269819, 0.744975, 0.061059, 0.27018, 0.960872, -0.0, 0.0, 0.0, 0.0, 1.0],
                [0.995644, -0.004145, -0.093143, 0.0, -0.021183, 0.96283, -0.269277, 0.744975, 0.090797, 0.270077, 0.958548, -0.0, 0.0, 0.0, 0.0, 1.0],
                [0.99243, -0.00546, -0.122687, 0.0, -0.027902, 0.962862, -0.268548, 0.744975, 0.119597, 0.269938, 0.955421, -0.0, 0.0, 0.0, 0.0, 1.0],
                [0.988516, -0.006718, -0.150968, 0.0, -0.034333, 0.962902, -0.267659, 0.744975, 0.147165, 0.269768, 0.951613, 0.0, 0.0, 0.0, 0.0, 1.0],
                [0.984054, -0.007908, -0.177695, -0.0, -0.040411, 0.962947, -0.266646, 0.744975, 0.17322, 0.269575, 0.947272, 0.0, 0.0, 0.0, 0.0, 1.0],
                [0.97922, -0.009016, -0.202599, 0.0, -0.046075, 0.962996, -0.265549, 0.744974, 0.197496, 0.269366, 0.942569, -0.0, 0.0, 0.0, 0.0, 1.0],
                [0.97421, -0.010032, -0.225421, 0.0, -0.051265, 0.963046, -0.264412, 0.744975, 0.219744, 0.269149, 0.937695, 0.0, 0.0, 0.0, 0.0, 1.0],
                [0.969228, -0.010944, -0.245921, -0.0, -0.055927, 0.963097, -0.263281, 0.744975, 0.239727, 0.268933, 0.932848, 0.0, 0.0, 0.0, 0.0, 1.0],
                [0.964487, -0.011743, -0.263869, -0.0, -0.060009, 0.963145, -0.262205, 0.744975, 0.257223, 0.268728, 0.928236, 0.0, 0.0, 0.0, 0.0, 1.0],
                [0.960198, -0.012418, -0.279044, -0.0, -0.06346, 0.963188, -0.261232, 0.744975, 0.272016, 0.268542, 0.924063, -0.0, 0.0, 0.0, 0.0, 1.0],
                [0.956564, -0.01296, -0.291233, 0.0, -0.066232, 0.963225, -0.260407, 0.744975, 0.283898, 0.268385, 0.920528, -0.0, 0.0, 0.0, 0.0, 1.0],
                [0.953776, -0.01336, -0.30022, -0.0, -0.068276, 0.963253, -0.259774, 0.744975, 0.292658, 0.268264, 0.917815, -0.0, 0.0, 0.0, 0.0, 1.0],
                [0.952004, -0.013608, -0.305784, -0.0, -0.069541, 0.96327, -0.259372, 0.744975, 0.298083, 0.268187, 0.916091, 0.0, 0.0, 0.0, 0.0, 1.0],
                [0.951387, -0.013693, -0.307693, -0.0, -0.069976, 0.963277, -0.259232, 0.744975, 0.299944, 0.268161, 0.915491, 0.0, 0.0, 0.0, 0.0, 1.0],
                [0.952004, -0.013608, -0.305784, 0.0, -0.069541, 0.963271, -0.259372, 0.744975, 0.298082, 0.268188, 0.916091, 0.0, 0.0, 0.0, 0.0, 1.0],
                [0.953776, -0.01336, -0.30022, -0.0, -0.068276, 0.963253, -0.259774, 0.744975, 0.292658, 0.268264, 0.917815, -0.0, 0.0, 0.0, 0.0, 1.0],
                [0.956564, -0.01296, -0.291233, 0.0, -0.066232, 0.963224, -0.260407, 0.744975, 0.283898, 0.268385, 0.920528, 0.0, 0.0, 0.0, 0.0, 1.0],
                [0.960198, -0.012418, -0.279044, 0.0, -0.06346, 0.963188, -0.261232, 0.744975, 0.272016, 0.268542, 0.924063, 0.0, 0.0, 0.0, 0.0, 1.0],
                [0.964487, -0.011743, -0.263869, 0.0, -0.060009, 0.963145, -0.262205, 0.744975, 0.257223, 0.268728, 0.928236, 0.0, 0.0, 0.0, 0.0, 1.0],
                [0.969228, -0.010944, -0.245921, 0.0, -0.055927, 0.963097, -0.263281, 0.744975, 0.239727, 0.268933, 0.932848, 0.0, 0.0, 0.0, 0.0, 1.0],
                [0.97421, -0.010032, -0.225422, 0.0, -0.051265, 0.963046, -0.264412, 0.744975, 0.219744, 0.269149, 0.937695, -0.0, 0.0, 0.0, 0.0, 1.0],
                [0.97922, -0.009016, -0.202599, 0.0, -0.046075, 0.962996, -0.265549, 0.744975, 0.197496, 0.269366, 0.942569, -0.0, 0.0, 0.0, 0.0, 1.0],
                [0.984054, -0.007908, -0.177695, -0.0, -0.040411, 0.962947, -0.266646, 0.744975, 0.17322, 0.269575, 0.947272, 0.0, 0.0, 0.0, 0.0, 1.0],
                [0.988516, -0.006718, -0.150967, 0.0, -0.034333, 0.962902, -0.267659, 0.744975, 0.147165, 0.269768, 0.951613, -0.0, 0.0, 0.0, 0.0, 1.0],
                [0.99243, -0.00546, -0.122687, 0.0, -0.027902, 0.962862, -0.268548, 0.744975, 0.119597, 0.269938, 0.955421, -0.0, 0.0, 0.0, 0.0, 1.0],
                [0.995644, -0.004145, -0.093143, 0.0, -0.021183, 0.96283, -0.269277, 0.744975, 0.090797, 0.270077, 0.958548, -0.0, 0.0, 0.0, 0.0, 1.0],
                [0.998033, -0.002787, -0.062636, 0.0, -0.014245, 0.962806, -0.269819, 0.744975, 0.061059, 0.27018, 0.960872, 0.0, 0.0, 0.0, 0.0, 1.0],
                [0.999503, -0.001401, -0.031481, -0.0, -0.007159, 0.962791, -0.270153, 0.744975, 0.030688, 0.270244, 0.962303, -0.0, 0.0, 0.0, 0.0, 1.0],
                [1.0, -0.0, 0.0, 0.0, 0.0, 0.962786, -0.270266, 0.744975, 0.0, 0.270266, 0.962786, 0.0, 0.0, 0.0, 0.0, 1.0],
                [0.999503, 0.001401, 0.031481, -0.0, 0.007159, 0.962791, -0.270153, 0.744975, -0.030688, 0.270244, 0.962303, -0.0, 0.0, 0.0, 0.0, 1.0],
                [0.998033, 0.002787, 0.062636, 0.0, 0.014245, 0.962806, -0.269819, 0.744975, -0.061059, 0.27018, 0.960872, -0.0, 0.0, 0.0, 0.0, 1.0],
                [0.995644, 0.004145, 0.093143, -0.0, 0.021183, 0.96283, -0.269277, 0.744975, -0.090797, 0.270077, 0.958548, -0.0, 0.0, 0.0, 0.0, 1.0],
                [0.99243, 0.00546, 0.122687, 0.0, 0.027902, 0.962862, -0.268548, 0.744975, -0.119597, 0.269938, 0.955421, -0.0, 0.0, 0.0, 0.0, 1.0],
                [0.988516, 0.006718, 0.150968, -0.0, 0.034333, 0.962902, -0.267659, 0.744975, -0.147165, 0.269768, 0.951613, -0.0, 0.0, 0.0, 0.0, 1.0],
                [0.984054, 0.007908, 0.177695, 0.0, 0.040411, 0.962947, -0.266646, 0.744975, -0.17322, 0.269575, 0.947272, 0.0, 0.0, 0.0, 0.0, 1.0],
                [0.97922, 0.009016, 0.202599, 0.0, 0.046075, 0.962996, -0.265549, 0.744975, -0.197496, 0.269366, 0.942569, -0.0, 0.0, 0.0, 0.0, 1.0],
                [0.97421, 0.010032, 0.225421, 0.0, 0.051265, 0.963046, -0.264412, 0.744975, -0.219744, 0.269149, 0.937695, -0.0, 0.0, 0.0, 0.0, 1.0],
                [0.969228, 0.010944, 0.245921, -0.0, 0.055927, 0.963097, -0.263281, 0.744975, -0.239727, 0.268933, 0.932848, 0.0, 0.0, 0.0, 0.0, 1.0],
                [0.964487, 0.011743, 0.263869, -0.0, 0.060009, 0.963145, -0.262205, 0.744975, -0.257223, 0.268728, 0.928236, 0.0, 0.0, 0.0, 0.0, 1.0],
                [0.960198, 0.012418, 0.279044, -0.0, 0.06346, 0.963188, -0.261232, 0.744975, -0.272016, 0.268542, 0.924063, -0.0, 0.0, 0.0, 0.0, 1.0],
                [0.956564, 0.01296, 0.291233, -0.0, 0.066232, 0.963224, -0.260407, 0.744975, -0.283898, 0.268385, 0.920528, -0.0, 0.0, 0.0, 0.0, 1.0],
                [0.953776, 0.01336, 0.30022, -0.0, 0.068276, 0.963253, -0.259774, 0.744975, -0.292658, 0.268264, 0.917815, -0.0, 0.0, 0.0, 0.0, 1.0],
                [0.952004, 0.013608, 0.305784, -0.0, 0.069541, 0.963271, -0.259372, 0.744975, -0.298083, 0.268187, 0.916091, 0.0, 0.0, 0.0, 0.0, 1.0],
                [0.951387, 0.013693, 0.307693, 0.0, 0.069976, 0.963277, -0.259232, 0.744975, -0.299943, 0.268161, 0.915491, 0.0, 0.0, 0.0, 0.0, 1.0]
            ]
        },
        {
            "name": "ear_R",
            "time": [0.0, 0.0167, 0.0333, 0.05, 0.0667, 0.0833, 0.1, 0.1167, 0.1333, 0.15, 0.1667, 0.1833, 0.2, 0.2167, 0.2333, 0.25, 0.2667, 0.2833, 0.3, 0.3167, 0.3333, 0.35, 0.3667, 0.3833, 0.4, 0.4167, 0.4333, 0.45, 0.4667, 0.4833, 0.5, 0.5167, 0.5333, 0.55, 0.5667, 0.5833, 0.6, 0.6167, 0.6333, 0.65, 0.6667, 0.6833, 0.7, 0.7167, 0.7333, 0.75, 0.7667, 0.7833, 0.8, 0.8167, 0.8333, 0.85, 0.8667, 0.8833, 0.9, 0.9167, 0.9333, 0.95, 0.9667, 0.9833, 1.0],
            "transform": [
                [0.0, 1.0, -0.0, 0.474052, -1.0, 0.0, 0.0, 0.660459, 0.0, -0.0, 1.0, 0.0, 0.0, 0.0, 0.0, 1.0],
                [0.0, 1.0, -0.0, 0.474052, -1.0, 0.0, 0.0, 0.66046, 0.0, -0.0, 1.0, -0.0, 0.0, 0.0, 0.0, 1.0],
                [0.0, 1.0, -0.0, 0.474052, -1.0, 0.0, 0.0, 0.660459, 0.0, -0.0, 1.0, -0.0, 0.0, 0.0, 0.0, 1.0],
                [0.0, 1.0, 0.0, 0.474052, -1.0, 0.0, 0.0, 0.66046, 0.0, 0.0, 1.0, -0.0, 0.0, 0.0, 0.0, 1.0],
                [0.0, 1.0, -0.0, 0.474052, -1.0, -0.0, 0.0, 0.660459, 0.0, -0.0, 1.0, -0.0, 0.0, 0.0, 0.0, 1.0],
                [0.0, 1.0, -0.0, 0.474052, -1.0, 0.0, 0.0, 0.660459, 0.0, 0.0, 1.0, -0.0, 0.0, 0.0, 0.0, 1.0],
                [0.0, 1.0, 0.0, 0.474052, -1.0, 0.0, 0.0, 0.66046, 0.0, -0.0, 1.0, 0.0, 0.0, 0.0, 0.0, 1.0],
                [0.0, 1.0, 0.0, 0.474052, -1.0, 0.0, 0.0, 0.66046, 0.0, -0.0, 1.0, -0.0, 0.0, 0.0, 0.0, 1.0],
                [0.0, 1.0, -0.0, 0.474051, -1.0, -0.0, 0.0, 0.66046, 0.0, -0.0, 1.0, 0.0, 0.0, 0.0, 0.0, 1.0],
                [0.0, 1.0, -0.0, 0.474052, -1.0, 0.0, 0.0, 0.660459, 0.0, 0.0, 1.0, -0.0, 0.0, 0.0, 0.0, 1.0],
                [0.0, 1.0, -0.0, 0.474052, -1.0, 0.0, 0.0, 0.66046, 0.0, 0.0, 1.0, 0.0, 0.0, 0.0, 0.0, 1.0],
                [0.0, 1.0, 0.0, 0.474052, -1.0, 0.0, 0.0, 0.660459, 0.0, -0.0, 1.0, 0.0, 0.0, 0.0, 0.0, 1.0],
                [0.0, 1.0, -0.0, 0.474052, -1.0, 0.0, 0.0, 0.660459, 0.0, -0.0, 1.0, -0.0, 0.0, 0.0, 0.0, 1.0],
                [0.0, 1.0, 0.0, 0.474052, -1.0, 0.0, 0.0, 0.660459, 0.0, -0.0, 1.0, 0.0, 0.0, 0.0, 0.0, 1.0],
                [0.0, 1.0, 0.0, 0.474052, -1.0, 0.0, 0.0, 0.66046, 0.0, -0.0, 1.0, -0.0, 0.0, 0.0, 0.0, 1.0],
                [0.0, 1.0, -0.0, 0.474052, -1.0, 0.0, 0.0, 0.660459, 0.0, 0.0, 1.0, 0.0, 0.0, 0.0, 0.0, 1.0],
                [0.0, 1.0, -0.0, 0.474052, -1.0, 0.0, 0.0, 0.66046, 0.0, 0.0, 1.0, -0.0, 0.0, 0.0, 0.0, 1.0],
                [0.0, 1.0, -0.0, 0.474052, -1.0, -0.0, 0.0, 0.66046, 0.0, 0.0, 1.0, 0.0, 0.0, 0.0, 0.0, 1.0],
                [0.0, 1.0, 0.0, 0.474052, -1.0, -0.0, 0.0, 0.66046, 0.0, 0.0, 1.0, 0.0, 0.0, 0.0, 0.0, 1.0],
                [0.0, 1.0, -0.0, 0.474052, -1.0, -0.0, 0.0, 0.66046, 0.0, -0.0, 1.0, 0.0, 0.0, 0.0, 0.0, 1.0],
                [0.0, 1.0, 0.0, 0.474052, -1.0, -0.0, 0.0, 0.66046, 0.0, 0.0, 1.0, 0.0, 0.0, 0.0, 0.0, 1.0],
                [0.017941, 0.999839, 0.0, 0.474052, -0.999839, 0.01794, 0.0, 0.660459, 0.0, -0.0, 1.0, -0.0, 0.0, 0.0, 0.0, 1.0],
                [0.060727, 0.998154, 0.0, 0.474052, -0.998155, 0.060727, 0.0, 0.66046, 0.0, -0.0, 1.0, 0.0, 0.0, 0.0, 0.0, 1.0],
                [0.111669, 0.993746, -0.0, 0.474052, -0.993745, 0.111669, 0.0, 0.660459, 0.0, -0.0, 1.0, -0.0, 0.0, 0.0, 0.0, 1.0],
                [0.154108, 0.988054, -0.0, 0.474052, -0.988054, 0.154108, 0.0, 0.660459, 0.0, -0.0, 1.0, -0.0, 0.0, 0.0, 0.0, 1.0],
                [0.171809, 0.98513, 0.0, 0.474052, -0.98513, 0.171809, 0.0, 0.660459, 0.0, -0.0, 1.0, -0.0, 0.0, 0.0, 0.0, 1.0],
                [0.154108, 0.988054, 0.0, 0.474052, -0.988054, 0.154108, 0.0, 0.66046, 0.0, -0.0, 1.0, 0.0, 0.0, 0.0, 0.0, 1.0],
                [0.111669, 0.993746, 0.0, 0.474052, -0.993746, 0.111669, 0.0, 0.660459, 0.0, -0.0, 1.0, -0.0, 0.0, 0.0, 0.0, 1.0],
                [0.060727, 0.998154, 0.0, 0.474052, -0.998154, 0.060727, 0.0, 0.660459, 0.0, -0.0, 1.0, -0.0, 0.0, 0.0, 0.0, 1.0],
                [0.017941, 0.999839, 0.0, 0.474052, -0.999839, 0.01794, 0.0, 0.66046, 0.0, -0.0, 1.0, 0.0, 0.0, 0.0, 0.0, 1.0],
                [0.0, 1.0, 0.0, 0.474052, -1.0, -0.0, 0.0, 0.660459, 0.0, 0.0, 1.0, -0.0, 0.0, 0.0, 0.0, 1.0],
                [0.017941, 0.999839, 0.0, 0.474052, -0.999839, 0.01794, 0.0, 0.66046, 0.0, -0.0, 1.0, -0.0, 0.0, 0.0, 0.0, 1.0],
