{
    "animation": [
        {
            "name": "Root",
            "time": [0.0, 0.0167, 0.0333, 0.05, 0.0667, 0.0833, 0.1, 0.1167, 0.1333, 0.15, 0.1667, 0.1833, 0.2, 0.2167, 0.2333, 0.25, 0.2667, 0.2833, 0.3, 0.3167, 0.3333, 0.35, 0.3667, 0.3833, 0.4, 0.4167, 0.4333, 0.45, 0.4667, 0.4833, 0.5, 0.5167, 0.5333, 0.55, 0.5667, 0.5833, 0.6, 0.6167, 0.6333, 0.65, 0.6667, 0.6833, 0.7, 0.7167, 0.7333, 0.75, 0.7667, 0.7833, 0.8, 0.8167, 0.8333, 0.85, 0.8667, 0.8833, 0.9, 0.9167, 0.9333, 0.95, 0.9667, 0.9833, 1.0],
            "transform": [
                [1.0, 0.0, 0.0, 0.0, 0.0, 0.0, -1.0, 0.0, 0.0, 1.0, 0.0, 0.667329, 0.0, 0.0, 0.0, 1.0],
                [1.0, 0.0, 0.0, 0.0, 0.0, 0.0, -1.0, 0.0, 0.0, 1.0, 0.0, 0.66222, 0.0, 0.0, 0.0, 1.0],
                [1.0, 0.0, 0.0, 0.0, 0.0, 0.0, -1.0, 0.0, 0.0, 1.0, 0.0, 0.649448, 0.0, 0.0, 0.0, 1.0],
                [1.0, 0.0, 0.0, 0.0, 0.0, 0.0, -1.0, 0.0, 0.0, 1.0, 0.0, 0.632845, 0.0, 0.0, 0.0, 1.0],
                [1.0, 0.0, 0.0, 0.0, 0.0, 0.0, -1.0, 0.0, 0.0, 1.0, 0.0, 0.616242, 0.0, 0.0, 0.0, 1.0],
                [1.0, 0.0, 0.0, 0.0, 0.0, 0.0, -1.0, 0.0, 0.0, 1.0, 0.0, 0.603471, 0.0, 0.0, 0.0, 1.0],
                [1.0, 0.0, 0.0, 0.0, 0.0, 0.0, -1.0, 0.0, 0.0, 1.0, 0.0, 0.598362, 0.0, 0.0, 0.0, 1.0],
                [1.0, 0.0, 0.0, 0.0, 0.0, 0.0, -1.0, 0.0, 0.0, 1.0, 0.0, 0.598711, 0.0, 0.0, 0.0, 1.0],
                [1.0, 0.0, 0.0, 0.0, 0.0, 0.0, -1.0, 0.0, 0.0, 1.0, 0.0, 0.599719, 0.0, 0.0, 0.0, 1.0],
                [1.0, 0.0, 0.0, 0.0, 0.0, 0.0, -1.0, 0.0, 0.0, 1.0, 0.0, 0.601325, 0.0, 0.0, 0.0, 1.0],
                [1.0, 0.0, 0.0, 0.0, 0.0, 0.0, -1.0, 0.0, 0.0, 1.0, 0.0, 0.603471, 0.0, 0.0, 0.0, 1.0],
                [1.0, 0.0, 0.0, 0.0, 0.0, 0.0, -1.0, 0.0, 0.0, 1.0, 0.0, 0.606095, 0.0, 0.0, 0.0, 1.0],
                [1.0, 0.0, 0.0, 0.0, 0.0, 0.0, -1.0, 0.0, 0.0, 1.0, 0.0, 0.609138, 0.0, 0.0, 0.0, 1.0],
                [1.0, 0.0, 0.0, 0.0, 0.0, 0.0, -1.0, 0.0, 0.0, 1.0, 0.0, 0.61254, 0.0, 0.0, 0.0, 1.0],
                [1.0, 0.0, 0.0, 0.0, 0.0, 0.0, -1.0, 0.0, 0.0, 1.0, 0.0, 0.616242, 0.0, 0.0, 0.0, 1.0],
                [1.0, 0.0, 0.0, 0.0, 0.0, 0.0, -1.0, 0.0, 0.0, 1.0, 0.0, 0.620183, 0.0, 0.0, 0.0, 1.0],
                [1.0, 0.0, 0.0, 0.0, 0.0, 0.0, -1.0, 0.0, 0.0, 1.0, 0.0, 0.624304, 0.0, 0.0, 0.0, 1.0],
                [1.0, 0.0, 0.0, 0.0, 0.0, 0.0, -1.0, 0.0, 0.0, 1.0, 0.0, 0.628545, 0.0, 0.0, 0.0, 1.0],
                [1.0, 0.0, 0.0, 0.0, 0.0, 0.0, -1.0, 0.0, 0.0, 1.0, 0.0, 0.632845, 0.0, 0.0, 0.0, 1.0],
                [1.0, 0.0, 0.0, 0.0, 0.0, 0.0, -1.0, 0.0, 0.0, 1.0, 0.0, 0.637146, 0.0, 0.0, 0.0, 1.0],
                [1.0, 0.0, 0.0, 0.0, 0.0, 0.0, -1.0, 0.0, 0.0, 1.0, 0.0, 0.641386, 0.0, 0.0, 0.0, 1.0],
                [1.0, 0.0, 0.0, 0.0, 0.0, 0.0, -1.0, 0.0, 0.0, 1.0, 0.0, 0.645507, 0.0, 0.0, 0.0, 1.0],
                [1.0, 0.0, 0.0, 0.0, 0.0, 0.0, -1.0, 0.0, 0.0, 1.0, 0.0, 0.649448, 0.0, 0.0, 0.0, 1.0],
                [1.0, 0.0, 0.0, 0.0, 0.0, 0.0, -1.0, 0.0, 0.0, 1.0, 0.0, 0.65315, 0.0, 0.0, 0.0, 1.0],
                [1.0, 0.0, 0.0, 0.0, 0.0, 0.0, -1.0, 0.0, 0.0, 1.0, 0.0, 0.656553, 0.0, 0.0, 0.0, 1.0],
                [1.0, 0.0, 0.0, 0.0, 0.0, 0.0, -1.0, 0.0, 0.0, 1.0, 0.0, 0.659596, 0.0, 0.0, 0.0, 1.0],
                [1.0, 0.0, 0.0, 0.0, 0.0, 0.0, -1.0, 0.0, 0.0, 1.0, 0.0, 0.66222, 0.0, 0.0, 0.0, 1.0],
                [1.0, 0.0, 0.0, 0.0, 0.0, 0.0, -1.0, 0.0, 0.0, 1.0, 0.0, 0.664365, 0.0, 0.0, 0.0, 1.0],
                [1.0, 0.0, 0.0, 0.0, 0.0, 0.0, -1.0, 0.0, 0.0, 1.0, 0.0, 0.665972, 0.0, 0.0, 0.0, 1.0],
                [1.0, 0.0, 0.0, 0.0, 0.0, 0.0, -1.0, 0.0, 0.0, 1.0, 0.0, 0.66698, 0.0, 0.0, 0.0, 1.0],
                [1.0, 0.0, 0.0, 0.0, 0.0, 0.0, -1.0, 0.0, 0.0, 1.0, 0.0, 0.667329, 0.0, 0.0, 0.0, 1.0],
                [1.0, 0.0, 0.0, 0.0, 0.0, 0.0, -1.0, 0.0, 0.0, 1.0, 0.0, 0.66222, 0.0, 0.0, 0.0, 1.0],
                [1.0, 0.0, 0.0, 0.0, 0.0, 0.0, -1.0, 0.0, 0.0, 1.0, 0.0, 0.649448, 0.0, 0.0, 0.0, 1.0],
                [1.0, 0.0, 0.0, 0.0, 0.0, 0.0, -1.0, 0.0, 0.0, 1.0, 0.0, 0.632845, 0.0, 0.0, 0.0, 1.0],
                [1.0, 0.0, 0.0, 0.0, 0.0, 0.0, -1.0, 0.0, 0.0, 1.0, 0.0, 0.616242, 0.0, 0.0, 0.0, 1.0],
                [1.0, 0.0, 0.0, 0.0, 0.0, 0.0, -1.0, 0.0, 0.0, 1.0, 0.0, 0.603471, 0.0, 0.0, 0.0, 1.0],
                [1.0, 0.0, 0.0, 0.0, 0.0, 0.0, -1.0, 0.0, 0.0, 1.0, 0.0, 0.598362, 0.0, 0.0, 0.0, 1.0],
                [1.0, 0.0, 0.0, 0.0, 0.0, 0.0, -1.0, 0.0, 0.0, 1.0, 0.0, 0.598711, 0.0, 0.0, 0.0, 1.0],
                [1.0, 0.0, 0.0, 0.0, 0.0, 0.0, -1.0, 0.0, 0.0, 1.0, 0.0, 0.599719, 0.0, 0.0, 0.0, 1.0],
                [1.0, 0.0, 0.0, 0.0, 0.0, 0.0, -1.0, 0.0, 0.0, 1.0, 0.0, 0.601325, 0.0, 0.0, 0.0, 1.0],
                [1.0, 0.0, 0.0, 0.0, 0.0, 0.0, -1.0, 0.0, 0.0, 1.0, 0.0, 0.603471, 0.0, 0.0, 0.0, 1.0],
                [1.0, 0.0, 0.0, 0.0, 0.0, 0.0, -1.0, 0.0, 0.0, 1.0, 0.0, 0.606095, 0.0, 0.0, 0.0, 1.0],
                [1.0, 0.0, 0.0, 0.0, 0.0, 0.0, -1.0, 0.0, 0.0, 1.0, 0.0, 0.609138, 0.0, 0.0, 0.0, 1.0],
                [1.0, 0.0, 0.0, 0.0, 0.0, 0.0, -1.0, 0.0, 0.0, 1.0, 0.0, 0.61254, 0.0, 0.0, 0.0, 1.0],
                [1.0, 0.0, 0.0, 0.0, 0.0, 0.0, -1.0, 0.0, 0.0, 1.0, 0.0, 0.616242, 0.0, 0.0, 0.0, 1.0],
                [1.0, 0.0, 0.0, 0.0, 0.0, 0.0, -1.0, 0.0, 0.0, 1.0, 0.0, 0.620183, 0.0, 0.0, 0.0, 1.0],
                [1.0, 0.0, 0.0, 0.0, 0.0, 0.0, -1.0, 0.0, 0.0, 1.0, 0.0, 0.624304, 0.0, 0.0, 0.0, 1.0],
                [1.0, 0.0, 0.0, 0.0, 0.0, 0.0, -1.0, 0.0, 0.0, 1.0, 0.0, 0.628545, 0.0, 0.0, 0.0, 1.0],
                [1.0, 0.0, 0.0, 0.0, 0.0, 0.0, -1.0, 0.0, 0.0, 1.0, 0.0, 0.632845, 0.0, 0.0, 0.0, 1.0],
                [1.0, 0.0, 0.0, 0.0, 0.0, 0.0, -1.0, 0.0, 0.0, 1.0, 0.0, 0.637146, 0.0, 0.0, 0.0, 1.0],
                [1.0, 0.0, 0.0, 0.0, 0.0, 0.0, -1.0, 0.0, 0.0, 1.0, 0.0, 0.641386, 0.0, 0.0, 0.0, 1.0],
                [1.0, 0.0, 0.0, 0.0, 0.0, 0.0, -1.0, 0.0, 0.0, 1.0, 0.0, 0.645507, 0.0, 0.0, 0.0, 1.0],
                [1.0, 0.0, 0.0, 0.0, 0.0, 0.0, -1.0, 0.0, 0.0, 1.0, 0.0, 0.649448, 0.0, 0.0, 0.0, 1.0],
                [1.0, 0.0, 0.0, 0.0, 0.0, 0.0, -1.0, 0.0, 0.0, 1.0, 0.0, 0.65315, 0.0, 0.0, 0.0, 1.0],
                [1.0, 0.0, 0.0, 0.0, 0.0, 0.0, -1.0, 0.0, 0.0, 1.0, 0.0, 0.656553, 0.0, 0.0, 0.0, 1.0],
                [1.0, 0.0, 0.0, 0.0, 0.0, 0.0, -1.0, 0.0, 0.0, 1.0, 0.0, 0.659596, 0.0, 0.0, 0.0, 1.0],
                [1.0, 0.0, 0.0, 0.0, 0.0, 0.0, -1.0, 0.0, 0.0, 1.0, 0.0, 0.66222, 0.0, 0.0, 0.0, 1.0],
                [1.0, 0.0, 0.0, 0.0, 0.0, 0.0, -1.0, 0.0, 0.0, 1.0, 0.0, 0.664365, 0.0, 0.0, 0.0, 1.0],
                [1.0, 0.0, 0.0, 0.0, 0.0, 0.0, -1.0, 0.0, 0.0, 1.0, 0.0, 0.665972, 0.0, 0.0, 0.0, 1.0],
                [1.0, 0.0, 0.0, 0.0, 0.0, 0.0, -1.0, 0.0, 0.0, 1.0, 0.0, 0.66698, 0.0, 0.0, 0.0, 1.0],
                [1.0, 0.0, 0.0, 0.0, 0.0, 0.0, -1.0, 0.0, 0.0, 1.0, 0.0, 0.667329, 0.0, 0.0, 0.0, 1.0]
            ]
        },
        {
            "name": "body",
            "time": [0.0, 0.0167, 0.0333, 0.05, 0.0667, 0.0833, 0.1, 0.1167, 0.1333, 0.15, 0.1667, 0.1833, 0.2, 0.2167, 0.2333, 0.25, 0.2667, 0.2833, 0.3, 0.3167, 0.3333, 0.35, 0.3667, 0.3833, 0.4, 0.4167, 0.4333, 0.45, 0.4667, 0.4833, 0.5, 0.5167, 0.5333, 0.55, 0.5667, 0.5833, 0.6, 0.6167, 0.6333, 0.65, 0.6667, 0.6833, 0.7, 0.7167, 0.7333, 0.75, 0.7667, 0.7833, 0.8, 0.8167, 0.8333, 0.85, 0.8667, 0.8833, 0.9, 0.9167, 0.9333, 0.95, 0.9667, 0.9833, 1.0],
            "transform": [
                [0.998147, 0.014518, -0.059086, 0.0, 0.003924, 0.953735, 0.300624, 0.06933, 0.060717, -0.300298, 0.951911, 0.0, 0.0, 0.0, 0.0, 1.0],
                [0.998171, 0.014424, -0.058702, 0.0, 0.003898, 0.953734, 0.300625, 0.06933, 0.060322, -0.300304, 0.951934, 0.0, 0.0, 0.0, 0.0, 1.0],
                [0.99824, 0.014149, -0.057583, 0.0, 0.003824, 0.953733, 0.300629, 0.06933, 0.059173, -0.30032, 0.952001, 0.0, 0.0, 0.0, 0.0, 1.0],
                [0.998349, 0.013706, -0.055783, 0.0, 0.003704, 0.953732, 0.300636, 0.06933, 0.057323, -0.300346, 0.952106, 0.0, 0.0, 0.0, 0.0, 1.0],
                [0.99849, 0.013109, -0.053353, 0.0, 0.003543, 0.95373, 0.300645, 0.06933, 0.054826, -0.30038, 0.952243, 0.0, 0.0, 0.0, 0.0, 1.0],
                [0.998655, 0.01237, -0.050346, 0.0, 0.003343, 0.953727, 0.300655, 0.06933, 0.051735, -0.300419, 0.952403, 0.0, 0.0, 0.0, 0.0, 1.0],
                [0.998837, 0.011502, -0.046813, 0.0, 0.003109, 0.953724, 0.300667, 0.06933, 0.048105, -0.300463, 0.95258, 0.0, 0.0, 0.0, 0.0, 1.0],
                [0.999028, 0.010518, -0.042806, 0.0, 0.002843, 0.953721, 0.300679, 0.06933, 0.043988, -0.300508, 0.952764, 0.0, 0.0, 0.0, 0.0, 1.0],
                [0.999219, 0.00943, -0.038378, 0.0, 0.002549, 0.953718, 0.300691, 0.06933, 0.039438, -0.300553, 0.952949, 0.0, 0.0, 0.0, 0.0, 1.0],
                [0.999402, 0.008251, -0.033582, 0.0, 0.00223, 0.953715, 0.300702, 0.06933, 0.034509, -0.300597, 0.953127, 0.0, 0.0, 0.0, 0.0, 1.0],
                [0.99957, 0.006995, -0.028469, 0.0, 0.001891, 0.953713, 0.300713, 0.06933, 0.029255, -0.300637, 0.95329, 0.0, 0.0, 0.0, 0.0, 1.0],
                [0.999717, 0.005674, -0.023092, 0.0, 0.001533, 0.953711, 0.300722, 0.06933, 0.02373, -0.300672, 0.953432, 0.0, 0.0, 0.0, 0.0, 1.0],
                [0.999837, 0.004301, -0.017504, 0.0, 0.001162, 0.953709, 0.300729, 0.06933, 0.017987, -0.300701, 0.953549, 0.0, 0.0, 0.0, 0.0, 1.0],
                [0.999927, 0.002889, -0.011758, 0.0, 0.000781, 0.953707, 0.300735, 0.06933, 0.012082, -0.300722, 0.953635, 0.0, 0.0, 0.0, 0.0, 1.0],
                [0.999982, 0.001451, -0.005905, 0.0, 0.000392, 0.953707, 0.300738, 0.06933, 0.006068, -0.300735, 0.953688, 0.0, 0.0, 0.0, 0.0, 1.0],
                [1.0, -0.0, -0.0, 0.0, 0.0, 0.953706, 0.30074, 0.06933, -0.0, -0.30074, 0.953706, 0.0, 0.0, 0.0, 0.0, 1.0],
                [0.999982, -0.001451, 0.005905, 0.0, -0.000392, 0.953707, 0.300738, 0.06933, -0.006068, -0.300735, 0.953688, 0.0, 0.0, 0.0, 0.0, 1.0],
                [0.999927, -0.002889, 0.011758, 0.0, -0.000781, 0.953707, 0.300735, 0.06933, -0.012082, -0.300722, 0.953635, 0.0, 0.0, 0.0, 0.0, 1.0],
                [0.999837, -0.004301, 0.017504, 0.0, -0.001162, 0.953709, 0.300729, 0.06933, -0.017987, -0.300701, 0.953549, 0.0, 0.0, 0.0, 0.0, 1.0],
                [0.999717, -0.005674, 0.023092, 0.0, -0.001533, 0.953711, 0.300722, 0.06933, -0.02373, -0.300672, 0.953432, 0.0, 0.0, 0.0, 0.0, 1.0],
                [0.99957, -0.006995, 0.028469, 0.0, -0.001891, 0.953713, 0.300713, 0.06933, -0.029255, -0.300637, 0.95329, 0.0, 0.0, 0.0, 0.0, 1.0],
                [0.999402, -0.008251, 0.033582, 0.0, -0.00223, 0.953715, 0.300702, 0.06933, -0.034509, -0.300597, 0.953127, 0.0, 0.0, 0.0, 0.0, 1.0],
                [0.999219, -0.00943, 0.038378, 0.0, -0.002549, 0.953718, 0.300691, 0.06933, -0.039438, -0.300553, 0.952949, 0.0, 0.0, 0.0, 0.0, 1.0],
                [0.999028, -0.010518, 0.042806, 0.0, -0.002843, 0.953721, 0.300679, 0.06933, -0.043988, -0.300508, 0.952764, 0.0, 0.0, 0.0, 0.0, 1.0],
                [0.998837, -0.011502, 0.046812, 0.0, -0.003109, 0.953724, 0.300667, 0.06933, -0.048105, -0.300463, 0.95258, 0.0, 0.0, 0.0, 0.0, 1.0],
                [0.998655, -0.01237, 0.050346, 0.0, -0.003343, 0.953727, 0.300655, 0.06933, -0.051735, -0.300419, 0.952403, 0.0, 0.0, 0.0, 0.0, 1.0],
                [0.99849, -0.013109, 0.053353, 0.0, -0.003543, 0.95373, 0.300645, 0.06933, -0.054826, -0.30038, 0.952243, 0.0, 0.0, 0.0, 0.0, 1.0],
                [0.998349, -0.013706, 0.055783, 0.0, -0.003704, 0.953732, 0.300636, 0.06933, -0.057323, -0.300346, 0.952106, 0.0, 0.0, 0.0, 0.0, 1.0],
                [0.99824, -0.014149, 0.057583, 0.0, -0.003824, 0.953733, 0.300629, 0.06933, -0.059173, -0.30032, 0.952001, 0.0, 0.0, 0.0, 0.0, 1.0],
                [0.998171, -0.014424, 0.058702, 0.0, -0.003898, 0.953734, 0.300625, 0.06933, -0.060322, -0.300304, 0.951934, 0.0, 0.0, 0.0, 0.0, 1.0],
                [0.998147, -0.014518, 0.059086, 0.0, -0.003924, 0.953735, 0.300623, 0.06933, -0.060717, -0.300298, 0.951911, 0.0, 0.0, 0.0, 0.0, 1.0],
                [0.998171, -0.014424, 0.058702, 0.0, -0.003898, 0.953734, 0.300625, 0.06933, -0.060322, -0.300304, 0.951934, 0.0, 0.0, 0.0, 0.0, 1.0],
                [0.99824, -0.014149, 0.057583, 0.0, -0.003824, 0.953733, 0.300629, 0.06933, -0.059173, -0.300321, 0.952001, 0.0, 0.0, 0.0, 0.0, 1.0],
                [0.998349, -0.013706, 0.055783, 0.0, -0.003704, 0.953732, 0.300636, 0.06933, -0.057323, -0.300346, 0.952106, 0.0, 0.0, 0.0, 0.0, 1.0],
                [0.99849, -0.013109, 0.053353, 0.0, -0.003543, 0.95373, 0.300645, 0.06933, -0.054826, -0.30038, 0.952243, 0.0, 0.0, 0.0, 0.0, 1.0],
                [0.998655, -0.01237, 0.050346, 0.0, -0.003343, 0.953727, 0.300655, 0.06933, -0.051735, -0.300419, 0.952403, 0.0, 0.0, 0.0, 0.0, 1.0],
                [0.998837, -0.011502, 0.046812, 0.0, -0.003109, 0.953724, 0.300667, 0.06933, -0.048105, -0.300463, 0.95258, 0.0, 0.0, 0.0, 0.0, 1.0],
                [0.999028, -0.010518, 0.042806, 0.0, -0.002843, 0.953721, 0.300679, 0.06933, -0.043988, -0.300508, 0.952764, 0.0, 0.0, 0.0, 0.0, 1.0],
                [0.999219, -0.00943, 0.038379, 0.0, -0.002549, 0.953718, 0.300691, 0.06933, -0.039438, -0.300554, 0.952949, 0.0, 0.0, 0.0, 0.0, 1.0],
                [0.999402, -0.008251, 0.033582, 0.0, -0.00223, 0.953715, 0.300702, 0.06933, -0.034509, -0.300597, 0.953127, 0.0, 0.0, 0.0, 0.0, 1.0],
                [0.99957, -0.006995, 0.028469, 0.0, -0.001891, 0.953713, 0.300713, 0.06933, -0.029255, -0.300637, 0.95329, 0.0, 0.0, 0.0, 0.0, 1.0],
                [0.999717, -0.005674, 0.023092, 0.0, -0.001533, 0.953711, 0.300722, 0.06933, -0.02373, -0.300672, 0.953432, 0.0, 0.0, 0.0, 0.0, 1.0],
                [0.999837, -0.004301, 0.017504, 0.0, -0.001162, 0.953709, 0.300729, 0.06933, -0.017987, -0.300701, 0.953549, 0.0, 0.0, 0.0, 0.0, 1.0],
                [0.999927, -0.002889, 0.011758, 0.0, -0.000781, 0.953707, 0.300735, 0.06933, -0.012082, -0.300722, 0.953635, 0.0, 0.0, 0.0, 0.0, 1.0],
                [0.999982, -0.001451, 0.005905, 0.0, -0.000392, 0.953707, 0.300738, 0.06933, -0.006068, -0.300735, 0.953688, 0.0, 0.0, 0.0, 0.0, 1.0],
                [1.0, 0.0, -0.0, 0.0, -0.0, 0.953706, 0.30074, 0.06933, 0.0, -0.30074, 0.953706, 0.0, 0.0, 0.0, 0.0, 1.0],
                [0.999982, 0.001451, -0.005905, 0.0, 0.000392, 0.953707, 0.300738, 0.06933, 0.006068, -0.300735, 0.953688, 0.0, 0.0, 0.0, 0.0, 1.0],
                [0.999927, 0.002889, -0.011758, 0.0, 0.000781, 0.953707, 0.300735, 0.06933, 0.012082, -0.300722, 0.953635, 0.0, 0.0, 0.0, 0.0, 1.0],
                [0.999837, 0.004301, -0.017504, 0.0, 0.001162, 0.953709, 0.300729, 0.06933, 0.017987, -0.300701, 0.953549, 0.0, 0.0, 0.0, 0.0, 1.0],
                [0.999717, 0.005674, -0.023092, 0.0, 0.001533, 0.953711, 0.300722, 0.06933, 0.02373, -0.300672, 0.953432, 0.0, 0.0, 0.0, 0.0, 1.0],
                [0.99957, 0.006995, -0.028469, 0.0, 0.001891, 0.953713, 0.300713, 0.06933, 0.029255, -0.300637, 0.95329, 0.0, 0.0, 0.0, 0.0, 1.0],
                [0.999402, 0.008251, -0.033582, 0.0, 0.00223, 0.953715, 0.300702, 0.06933, 0.034509, -0.300597, 0.953127, 0.0, 0.0, 0.0, 0.0, 1.0],
                [0.999219, 0.00943, -0.038378, 0.0, 0.002549, 0.953718, 0.300691, 0.06933, 0.039438, -0.300554, 0.952949, 0.0, 0.0, 0.0, 0.0, 1.0],
                [0.999028, 0.010518, -0.042806, 0.0, 0.002843, 0.953721, 0.300679, 0.06933, 0.043988, -0.300508, 0.952764, 0.0, 0.0, 0.0, 0.0, 1.0],
                [0.998837, 0.011502, -0.046812, 0.0, 0.003109, 0.953724, 0.300667, 0.06933, 0.048105, -0.300463, 0.95258, 0.0, 0.0, 0.0, 0.0, 1.0],
                [0.998655, 0.01237, -0.050346, 0.0, 0.003343, 0.953727, 0.300655, 0.06933, 0.051735, -0.300419, 0.952403, 0.0, 0.0, 0.0, 0.0, 1.0],
                [0.99849, 0.013109, -0.053353, 0.0, 0.003543, 0.95373, 0.300645, 0.06933, 0.054826, -0.30038, 0.952243, 0.0, 0.0, 0.0, 0.0, 1.0],
                [0.998349, 0.013706, -0.055783, 0.0, 0.003704, 0.953732, 0.300636, 0.06933, 0.057323, -0.300346, 0.952106, 0.0, 0.0, 0.0, 0.0, 1.0],
                [0.99824, 0.014149, -0.057583, 0.0, 0.003824, 0.953733, 0.300629, 0.06933, 0.059173, -0.30032, 0.952001, 0.0, 0.0, 0.0, 0.0, 1.0],
                [0.998171, 0.014424, -0.058702, 0.0, 0.003898, 0.953734, 0.300625, 0.06933, 0.060322, -0.300304, 0.951934, 0.0, 0.0, 0.0, 0.0, 1.0],
                [0.998147, 0.014518, -0.059086, 0.0, 0.003924, 0.953735, 0.300623, 0.06933, 0.060717, -0.300298, 0.951911, 0.0, 0.0, 0.0, 0.0, 1.0]
            ]
        },
        {
            "name": "chest",
            "time": [0.0, 0.0167, 0.0333, 0.05, 0.0667, 0.0833, 0.1, 0.1167, 0.1333, 0.15, 0.1667, 0.1833, 0.2, 0.2167, 0.2333, 0.25, 0.2667, 0.2833, 0.3, 0.3167, 0.3333, 0.35, 0.3667, 0.3833, 0.4, 0.4167, 0.4333, 0.45, 0.4667, 0.4833, 0.5, 0.5167, 0.5333, 0.55, 0.5667, 0.5833, 0.6, 0.6167, 0.6333, 0.65, 0.6667, 0.6833, 0.7, 0.7167, 0.7333, 0.75, 0.7667, 0.7833, 0.8, 0.8167, 0.8333, 0.85, 0.8667, 0.8833, 0.9, 0.9167, 0.9333, 0.95, 0.9667, 0.9833, 1.0],
            "transform": [
                [0.972123, 0.043594, -0.230386, 0.0, 0.045033, 0.92956, 0.36591, 0.546315, 0.230109, -0.366084, 0.901683, -0.0, 0.0, 0.0, 0.0, 1.0],
                [0.97248, 0.043318, -0.228926, -0.0, 0.044747, 0.929547, 0.365977, 0.546315, 0.22865, -0.366149, 0.902028, -0.0, 0.0, 0.0, 0.0, 1.0],
                [0.973506, 0.042513, -0.224673, 0.0, 0.043916, 0.929511, 0.366171, 0.546315, 0.224403, -0.366336, 0.903018, -0.0, 0.0, 0.0, 0.0, 1.0],
                [0.975119, 0.041215, -0.217815, 0.0, 0.042575, 0.929453, 0.366475, 0.546315, 0.217553, -0.366631, 0.904573, 0.0, 0.0, 0.0, 0.0, 1.0],
                [0.977219, 0.039459, -0.208533, 0.0, 0.040761, 0.929378, 0.366871, 0.546315, 0.208283, -0.367014, 0.906597, -0.0, 0.0, 0.0, 0.0, 1.0],
                [0.979693, 0.037278, -0.197008, 0.0, 0.038508, 0.92929, 0.367338, 0.546315, 0.196771, -0.367465, 0.908983, -0.0, 0.0, 0.0, 0.0, 1.0],
                [0.982422, 0.034707, -0.183418, 0.0, 0.035852, 0.929192, 0.367853, 0.546315, 0.183198, -0.367963, 0.911615, 0.0, 0.0, 0.0, 0.0, 1.0],
                [0.985284, 0.031779, -0.167947, 0.0, 0.032828, 0.92909, 0.368393, 0.546315, 0.167745, -0.368485, 0.914374, 0.0, 0.0, 0.0, 0.0, 1.0],
                [0.988156, 0.028531, -0.150779, 0.0, 0.029472, 0.928988, 0.368935, 0.546315, 0.150598, -0.369009, 0.917144, 0.0, 0.0, 0.0, 0.0, 1.0],
                [0.99092, 0.024997, -0.132106, -0.0, 0.025822, 0.928889, 0.369457, 0.546315, 0.131948, -0.369514, 0.91981, 0.0, 0.0, 0.0, 0.0, 1.0],
                [0.993467, 0.021217, -0.112127, 0.0, 0.021917, 0.928798, 0.369938, 0.546315, 0.111992, -0.369978, 0.922266, -0.0, 0.0, 0.0, 0.0, 1.0],
                [0.995698, 0.017228, -0.091045, 0.0, 0.017796, 0.928719, 0.370359, 0.546315, 0.090936, -0.370385, 0.924416, 0.0, 0.0, 0.0, 0.0, 1.0],
                [0.997526, 0.01307, -0.069073, 0.0, 0.013501, 0.928653, 0.370704, 0.546315, 0.06899, -0.370719, 0.926179, -0.0, 0.0, 0.0, 0.0, 1.0],
                [0.998883, 0.008785, -0.046426, -0.0, 0.009075, 0.928605, 0.37096, 0.546315, 0.04637, -0.370967, 0.927488, -0.0, 0.0, 0.0, 0.0, 1.0],
                [0.999718, 0.004414, -0.023326, 0.0, 0.00456, 0.928575, 0.371117, 0.546315, 0.023298, -0.371119, 0.928293, 0.0, 0.0, 0.0, 0.0, 1.0],
                [1.0, 0.0, -0.0, 0.0, -0.0, 0.928565, 0.37117, 0.546315, 0.0, -0.37117, 0.928565, 0.0, 0.0, 0.0, 0.0, 1.0],
                [0.999718, -0.004414, 0.023326, 0.0, -0.00456, 0.928575, 0.371117, 0.546315, -0.023298, -0.371119, 0.928293, 0.0, 0.0, 0.0, 0.0, 1.0],
                [0.998883, -0.008785, 0.046426, -0.0, -0.009075, 0.928605, 0.37096, 0.546315, -0.04637, -0.370967, 0.927488, 0.0, 0.0, 0.0, 0.0, 1.0],
                [0.997526, -0.01307, 0.069073, 0.0, -0.013501, 0.928653, 0.370704, 0.546315, -0.06899, -0.370719, 0.926179, -0.0, 0.0, 0.0, 0.0, 1.0],
                [0.995698, -0.017228, 0.091045, -0.0, -0.017796, 0.928718, 0.370359, 0.546315, -0.090936, -0.370386, 0.924416, 0.0, 0.0, 0.0, 0.0, 1.0],
                [0.993467, -0.021217, 0.112127, 0.0, -0.021917, 0.928798, 0.369937, 0.546315, -0.111992, -0.369978, 0.922266, 0.0, 0.0, 0.0, 0.0, 1.0],
                [0.99092, -0.024997, 0.132106, -0.0, -0.025822, 0.928889, 0.369457, 0.546315, -0.131948, -0.369514, 0.919809, 0.0, 0.0, 0.0, 0.0, 1.0],
                [0.988156, -0.028531, 0.150779, 0.0, -0.029472, 0.928988, 0.368935, 0.546315, -0.150598, -0.369009, 0.917144, 0.0, 0.0, 0.0, 0.0, 1.0],
                [0.985284, -0.031779, 0.167947, 0.0, -0.032828, 0.92909, 0.368393, 0.546315, -0.167745, -0.368485, 0.914374, -0.0, 0.0, 0.0, 0.0, 1.0],
                [0.982422, -0.034707, 0.183419, 0.0, -0.035852, 0.929192, 0.367853, 0.546315, -0.183198, -0.367963, 0.911615, 0.0, 0.0, 0.0, 0.0, 1.0],
                [0.979693, -0.037278, 0.197008, -0.0, -0.038508, 0.92929, 0.367338, 0.546315, -0.196771, -0.367465, 0.908983, -0.0, 0.0, 0.0, 0.0, 1.0],
                [0.977219, -0.039459, 0.208533, -0.0, -0.040761, 0.929378, 0.366871, 0.546315, -0.208283, -0.367014, 0.906598, 0.0, 0.0, 0.0, 0.0, 1.0],
                [0.975119, -0.041215, 0.217815, 0.0, -0.042575, 0.929453, 0.366475, 0.546315, -0.217553, -0.366631, 0.904573, 0.0, 0.0, 0.0, 0.0, 1.0],
                [0.973507, -0.042513, 0.224673, -0.0, -0.043916, 0.929511, 0.366171, 0.546315, -0.224403, -0.366336, 0.903018, -0.0, 0.0, 0.0, 0.0, 1.0],
                [0.97248, -0.043318, 0.228926, -0.0, -0.044747, 0.929547, 0.365977, 0.546315, -0.22865, -0.366149, 0.902028, 0.0, 0.0, 0.0, 0.0, 1.0],
                [0.972123, -0.043594, 0.230386, -0.0, -0.045033, 0.92956, 0.36591, 0.546315, -0.230109, -0.366084, 0.901683, 0.0, 0.0, 0.0, 0.0, 1.0],
                [0.97248, -0.043318, 0.228926, -0.0, -0.044747, 0.929547, 0.365977, 0.546315, -0.22865, -0.366149, 0.902028, -0.0, 0.0, 0.0, 0.0, 1.0],
                [0.973507, -0.042513, 0.224673, -0.0, -0.043916, 0.929511, 0.366171, 0.546315, -0.224403, -0.366336, 0.903018, 0.0, 0.0, 0.0, 0.0, 1.0],
                [0.975119, -0.041215, 0.217815, -0.0, -0.042575, 0.929453, 0.366475, 0.546315, -0.217553, -0.366631, 0.904573, 0.0, 0.0, 0.0, 0.0, 1.0],
                [0.977219, -0.039459, 0.208533, 0.0, -0.040761, 0.929378, 0.366871, 0.546315, -0.208283, -0.367014, 0.906598, -0.0, 0.0, 0.0, 0.0, 1.0],
                [0.979693, -0.037278, 0.197008, 0.0, -0.038508, 0.92929, 0.367338, 0.546315, -0.196771, -0.367465, 0.908983, -0.0, 0.0, 0.0, 0.0, 1.0],
                [0.982422, -0.034707, 0.183419, 0.0, -0.035852, 0.929192, 0.367853, 0.546315, -0.183198, -0.367963, 0.911615, 0.0, 0.0, 0.0, 0.0, 1.0],
                [0.985284, -0.031779, 0.167947, 0.0, -0.032828, 0.92909, 0.368393, 0.546315, -0.167745, -0.368485, 0.914374, 0.0, 0.0, 0.0, 0.0, 1.0],
                [0.988156, -0.028531, 0.150779, 0.0, -0.029472, 0.928988, 0.368935, 0.546315, -0.150598, -0.369009, 0.917144, 0.0, 0.0, 0.0, 0.0, 1.0],
                [0.99092, -0.024997, 0.132106, -0.0, -0.025822, 0.928889, 0.369457, 0.546315, -0.131948, -0.369514, 0.91981, 0.0, 0.0, 0.0, 0.0, 1.0],
                [0.993467, -0.021217, 0.112127, 0.0, -0.021917, 0.928798, 0.369938, 0.546315, -0.111992, -0.369978, 0.922266, -0.0, 0.0, 0.0, 0.0, 1.0],
                [0.995698, -0.017228, 0.091045, -0.0, -0.017796, 0.928719, 0.370359, 0.546315, -0.090936, -0.370386, 0.924416, 0.0, 0.0, 0.0, 0.0, 1.0],
                [0.997526, -0.01307, 0.069073, -0.0, -0.013501, 0.928653, 0.370704, 0.546315, -0.06899, -0.370719, 0.926179, -0.0, 0.0, 0.0, 0.0, 1.0],
                [0.998883, -0.008785, 0.046426, 0.0, -0.009075, 0.928605, 0.37096, 0.546315, -0.04637, -0.370967, 0.927488, -0.0, 0.0, 0.0, 0.0, 1.0],
                [0.999718, -0.004414, 0.023326, -0.0, -0.00456, 0.928575, 0.371117, 0.546315, -0.023298, -0.371119, 0.928293, 0.0, 0.0, 0.0, 0.0, 1.0],
                [1.0, -0.0, 0.0, -0.0, 0.0, 0.928565, 0.37117, 0.546315, -0.0, -0.37117, 0.928565, 0.0, 0.0, 0.0, 0.0, 1.0],
                [0.999718, 0.004414, -0.023326, 0.0, 0.00456, 0.928575, 0.371117, 0.546315, 0.023298, -0.371119, 0.928293, 0.0, 0.0, 0.0, 0.0, 1.0],
                [0.998883, 0.008785, -0.046426, 0.0, 0.009075, 0.928605, 0.37096, 0.546315, 0.04637, -0.370967, 0.927488, 0.0, 0.0, 0.0, 0.0, 1.0],
                [0.997526, 0.01307, -0.069073, 0.0, 0.013501, 0.928653, 0.370704, 0.546315, 0.06899, -0.370719, 0.926179, -0.0, 0.0, 0.0, 0.0, 1.0],
                [0.995698, 0.017228, -0.091045, -0.0, 0.017796, 0.928718, 0.370359, 0.546315, 0.090936, -0.370386, 0.924416, 0.0, 0.0, 0.0, 0.0, 1.0],
                [0.993467, 0.021217, -0.112127, -0.0, 0.021917, 0.928798, 0.369937, 0.546315, 0.111992, -0.369978, 0.922266, 0.0, 0.0, 0.0, 0.0, 1.0],
                [0.99092, 0.024997, -0.132106, 0.0, 0.025822, 0.928889, 0.369457, 0.546315, 0.131948, -0.369514, 0.91981, 0.0, 0.0, 0.0, 0.0, 1.0],
                [0.988156, 0.028531, -0.150779, 0.0, 0.029472, 0.928988, 0.368935, 0.546315, 0.150598, -0.369009, 0.917144, 0.0, 0.0, 0.0, 0.0, 1.0],
                [0.985284, 0.031779, -0.167947, -0.0, 0.032828, 0.92909, 0.368393, 0.546315, 0.167745, -0.368485, 0.914374, -0.0, 0.0, 0.0, 0.0, 1.0],
                [0.982422, 0.034707, -0.183419, -0.0, 0.035852, 0.929192, 0.367853, 0.546315, 0.183198, -0.367963, 0.911615, 0.0, 0.0, 0.0, 0.0, 1.0],
                [0.979693, 0.037278, -0.197008, 0.0, 0.038508, 0.92929, 0.367338, 0.546315, 0.196771, -0.367465, 0.908983, -0.0, 0.0, 0.0, 0.0, 1.0],
                [0.977219, 0.039459, -0.208533, 0.0, 0.040761, 0.929378, 0.366871, 0.546315, 0.208283, -0.367014, 0.906598, 0.0, 0.0, 0.0, 0.0, 1.0],
                [0.975119, 0.041215, -0.217815, 0.0, 0.042575, 0.929453, 0.366475, 0.546315, 0.217553, -0.366631, 0.904573, 0.0, 0.0, 0.0, 0.0, 1.0],
                [0.973507, 0.042513, -0.224673, 0.0, 0.043916, 0.929511, 0.366171, 0.546315, 0.224403, -0.366336, 0.903018, -0.0, 0.0, 0.0, 0.0, 1.0],
                [0.97248, 0.043318, -0.228926, -0.0, 0.044747, 0.929547, 0.365977, 0.546315, 0.22865, -0.366149, 0.902028, 0.0, 0.0, 0.0, 0.0, 1.0],
                [0.972123, 0.043594, -0.230386, 0.0, 0.045033, 0.92956, 0.36591, 0.546315, 0.230109, -0.366084, 0.901683, 0.0, 0.0, 0.0, 0.0, 1.0]
            ]
        },
        {
            "name": "head",
            "time": [0.0, 0.0167, 0.0333, 0.05, 0.0667, 0.0833, 0.1, 0.1167, 0.1333, 0.15, 0.1667, 0.1833, 0.2, 0.2167, 0.2333, 0.25, 0.2667, 0.2833, 0.3, 0.3167, 0.3333, 0.35, 0.3667, 0.3833, 0.4, 0.4167, 0.4333, 0.45, 0.4667, 0.4833, 0.5, 0.5167, 0.5333, 0.55, 0.5667, 0.5833, 0.6, 0.6167, 0.6333, 0.65, 0.6667, 0.6833, 0.7, 0.7167, 0.7333, 0.75, 0.7667, 0.7833, 0.8, 0.8167, 0.8333, 0.85, 0.8667, 0.8833, 0.9, 0.9167, 0.9333, 0.95, 0.9667, 0.9833, 1.0],
            "transform": [
                [0.951387, 0.05337, 0.303339, -0.0, 0.069976, 0.921663, -0.381628, 0.744975, -0.299944, 0.384303, 0.873124, -0.0, 0.0, 0.0, 0.0, 1.0],
                [0.952003, 0.053039, 0.301457, 0.0, 0.069541, 0.921639, -0.381766, 0.744975, -0.298083, 0.384407, 0.873715, 0.0, 0.0, 0.0, 0.0, 1.0],
                [0.953776, 0.052073, 0.295971, -0.0, 0.068276, 0.921569, -0.382163, 0.744975, -0.292659, 0.384706, 0.875416, 0.0, 0.0, 0.0, 0.0, 1.0],
                [0.956564, 0.050515, 0.287111, -0.0, 0.066232, 0.92146, -0.382787, 0.744975, -0.283898, 0.385176, 0.87809, 0.0, 0.0, 0.0, 0.0, 1.0],
                [0.960198, 0.0484, 0.275095, 0.0, 0.06346, 0.921316, -0.3836, 0.744975, -0.272016, 0.385789, 0.881575, -0.0, 0.0, 0.0, 0.0, 1.0],
                [0.964487, 0.045768, 0.260134, -0.0, 0.060009, 0.921148, -0.38456, 0.744975, -0.257223, 0.386513, 0.885688, -0.0, 0.0, 0.0, 0.0, 1.0],
                [0.969228, 0.042655, 0.242441, 0.0, 0.055927, 0.920961, -0.385621, 0.744975, -0.239727, 0.387313, 0.890235, -0.0, 0.0, 0.0, 0.0, 1.0],
                [0.97421, 0.0391, 0.222231, 0.0, 0.051265, 0.920765, -0.386735, 0.744975, -0.219744, 0.388154, 0.895013, -0.0, 0.0, 0.0, 0.0, 1.0],
                [0.97922, 0.035141, 0.199732, -0.0, 0.046075, 0.920568, -0.387856, 0.744975, -0.197496, 0.389, 0.899819, 0.0, 0.0, 0.0, 0.0, 1.0],
                [0.984054, 0.030821, 0.175181, -0.0, 0.040411, 0.920377, -0.388938, 0.744975, -0.17322, 0.389815, 0.904455, -0.0, 0.0, 0.0, 0.0, 1.0],
                [0.988516, 0.026185, 0.148831, -0.0, 0.034333, 0.920202, -0.389936, 0.744975, -0.147165, 0.390568, 0.908735, -0.0, 0.0, 0.0, 0.0, 1.0],
                [0.99243, 0.02128, 0.120951, 0.0, 0.027902, 0.920047, -0.390812, 0.744975, -0.119597, 0.391229, 0.912489, 0.0, 0.0, 0.0, 0.0, 1.0],
                [0.995644, 0.016156, 0.091825, 0.0, 0.021183, 0.919921, -0.391531, 0.744975, -0.090797, 0.391771, 0.915572, 0.0, 0.0, 0.0, 0.0, 1.0],
                [0.998033, 0.010864, 0.06175, -0.0, 0.014245, 0.919827, -0.392066, 0.744975, -0.061059, 0.392174, 0.917863, -0.0, 0.0, 0.0, 0.0, 1.0],
                [0.999503, 0.00546, 0.031036, 0.0, 0.007159, 0.919769, -0.392395, 0.744975, -0.030688, 0.392422, 0.919273, -0.0, 0.0, 0.0, 0.0, 1.0],
                [1.0, -0.0, 0.0, 0.0, 0.0, 0.919749, -0.392506, 0.744975, 0.0, 0.392506, 0.919749, -0.0, 0.0, 0.0, 0.0, 1.0],
                [0.999503, -0.00546, -0.031036, 0.0, -0.007159, 0.919769, -0.392395, 0.744975, 0.030688, 0.392422, 0.919273, -0.0, 0.0, 0.0, 0.0, 1.0],
                [0.998033, -0.010864, -0.06175, -0.0, -0.014245, 0.919827, -0.392066, 0.744975, 0.061059, 0.392174, 0.917862, 0.0, 0.0, 0.0, 0.0, 1.0],
                [0.995644, -0.016156, -0.091825, 0.0, -0.021183, 0.919921, -0.391531, 0.744975, 0.090797, 0.391771, 0.915572, 0.0, 0.0, 0.0, 0.0, 1.0],
                [0.99243, -0.02128, -0.120951, 0.0, -0.027902, 0.920047, -0.390812, 0.744975, 0.119597, 0.391229, 0.912489, 0.0, 0.0, 0.0, 0.0, 1.0],
                [0.988516, -0.026185, -0.148831, -0.0, -0.034333, 0.920202, -0.389936, 0.744975, 0.147165, 0.390568, 0.908735, -0.0, 0.0, 0.0, 0.0, 1.0],
                [0.984054, -0.030821, -0.175181, -0.0, -0.040411, 0.920377, -0.388938, 0.744975, 0.17322, 0.389815, 0.904455, 0.0, 0.0, 0.0, 0.0, 1.0],
                [0.97922, -0.035141, -0.199732, -0.0, -0.046075, 0.920568, -0.387856, 0.744975, 0.197496, 0.388999, 0.899819, -0.0, 0.0, 0.0, 0.0, 1.0],
                [0.97421, -0.0391, -0.222231, 0.0, -0.051265, 0.920765, -0.386735, 0.744975, 0.219744, 0.388154, 0.895014, -0.0, 0.0, 0.0, 0.0, 1.0],
                [0.969228, -0.042655, -0.242441, -0.0, -0.055927, 0.920961, -0.38562, 0.744975, 0.239727, 0.387313, 0.890235, -0.0, 0.0, 0.0, 0.0, 1.0],
                [0.964487, -0.045768, -0.260134, 0.0, -0.060009, 0.921148, -0.38456, 0.744975, 0.257223, 0.386513, 0.885688, 0.0, 0.0, 0.0, 0.0, 1.0],
                [0.960198, -0.0484, -0.275095, -0.0, -0.06346, 0.921316, -0.3836, 0.744975, 0.272016, 0.385789, 0.881575, 0.0, 0.0, 0.0, 0.0, 1.0],
                [0.956564, -0.050515, -0.287112, -0.0, -0.066232, 0.921459, -0.382787, 0.744975, 0.283898, 0.385176, 0.878089, 0.0, 0.0, 0.0, 0.0, 1.0],
                [0.953776, -0.052073, -0.295971, 0.0, -0.068276, 0.921569, -0.382163, 0.744975, 0.292658, 0.384706, 0.875416, 0.0, 0.0, 0.0, 0.0, 1.0],
                [0.952003, -0.053039, -0.301457, -0.0, -0.069541, 0.921639, -0.381767, 0.744975, 0.298082, 0.384407, 0.873715, 0.0, 0.0, 0.0, 0.0, 1.0],
                [0.951387, -0.05337, -0.303339, -0.0, -0.069976, 0.921663, -0.381629, 0.744975, 0.299944, 0.384303, 0.873124, 0.0, 0.0, 0.0, 0.0, 1.0],
                [0.952003, -0.053039, -0.301457, 0.0, -0.069541, 0.921639, -0.381766, 0.744975, 0.298082, 0.384407, 0.873715, 0.0, 0.0, 0.0, 0.0, 1.0],
                [0.953776, -0.052073, -0.295971, 0.0, -0.068276, 0.921569, -0.382163, 0.744975, 0.292659, 0.384706, 0.875416, 0.0, 0.0, 0.0, 0.0, 1.0],
                [0.956564, -0.050515, -0.287112, -0.0, -0.066232, 0.92146, -0.382787, 0.744975, 0.283898, 0.385176, 0.878089, -0.0, 0.0, 0.0, 0.0, 1.0],
                [0.960198, -0.0484, -0.275095, 0.0, -0.06346, 0.921316, -0.3836, 0.744975, 0.272016, 0.385789, 0.881575, -0.0, 0.0, 0.0, 0.0, 1.0],
                [0.964487, -0.045768, -0.260134, -0.0, -0.060009, 0.921148, -0.38456, 0.744975, 0.257223, 0.386513, 0.885688, -0.0, 0.0, 0.0, 0.0, 1.0],
                [0.969228, -0.042655, -0.242441, 0.0, -0.055927, 0.920961, -0.38562, 0.744975, 0.239727, 0.387313, 0.890235, -0.0, 0.0, 0.0, 0.0, 1.0],
                [0.97421, -0.0391, -0.222231, -0.0, -0.051265, 0.920765, -0.386735, 0.744975, 0.219744, 0.388154, 0.895013, -0.0, 0.0, 0.0, 0.0, 1.0],
                [0.97922, -0.035141, -0.199732, -0.0, -0.046075, 0.920568, -0.387856, 0.744975, 0.197496, 0.388999, 0.899819, 0.0, 0.0, 0.0, 0.0, 1.0],
                [0.984054, -0.030821, -0.175181, 0.0, -0.040411, 0.920377, -0.388938, 0.744975, 0.17322, 0.389815, 0.904455, 0.0, 0.0, 0.0, 0.0, 1.0],
                [0.988516, -0.026185, -0.148831, 0.0, -0.034333, 0.920202, -0.389936, 0.744975, 0.147165, 0.390568, 0.908735, -0.0, 0.0, 0.0, 0.0, 1.0],
                [0.99243, -0.02128, -0.120951, 0.0, -0.027902, 0.920047, -0.390812, 0.744975, 0.119597, 0.391229, 0.912489, 0.0, 0.0, 0.0, 0.0, 1.0],
                [0.995644, -0.016156, -0.091825, 0.0, -0.021183, 0.919921, -0.391531, 0.744975, 0.090797, 0.391771, 0.915572, 0.0, 0.0, 0.0, 0.0, 1.0],
                [0.998033, -0.010864, -0.06175, 0.0, -0.014245, 0.919827, -0.392066, 0.744975, 0.061059, 0.392174, 0.917863, -0.0, 0.0, 0.0, 0.0, 1.0],
                [0.999503, -0.00546, -0.031036, -0.0, -0.007159, 0.919769, -0.392395, 0.744975, 0.030688, 0.392422, 0.919273, -0.0, 0.0, 0.0, 0.0, 1.0],
                [1.0, -0.0, -0.0, -0.0, 0.0, 0.919749, -0.392506, 0.744975, 0.0, 0.392506, 0.919749, -0.0, 0.0, 0.0, 0.0, 1.0],
                [0.999503, 0.00546, 0.031036, -0.0, 0.007159, 0.919769, -0.392395, 0.744975, -0.030688, 0.392422, 0.919273, -0.0, 0.0, 0.0, 0.0, 1.0],
                [0.998033, 0.010864, 0.06175, 0.0, 0.014245, 0.919827, -0.392066, 0.744975, -0.061059, 0.392174, 0.917862, 0.0, 0.0, 0.0, 0.0, 1.0],
                [0.995644, 0.016156, 0.091825, -0.0, 0.021183, 0.919921, -0.391531, 0.744975, -0.090797, 0.391771, 0.915572, 0.0, 0.0, 0.0, 0.0, 1.0],
                [0.99243, 0.02128, 0.120951, -0.0, 0.027902, 0.920047, -0.390812, 0.744975, -0.119597, 0.391229, 0.912489, 0.0, 0.0, 0.0, 0.0, 1.0],
                [0.988516, 0.026185, 0.148831, 0.0, 0.034333, 0.920202, -0.389936, 0.744975, -0.147165, 0.390568, 0.908735, -0.0, 0.0, 0.0, 0.0, 1.0],
                [0.984054, 0.030821, 0.175181, 0.0, 0.040411, 0.920377, -0.388938, 0.744975, -0.17322, 0.389815, 0.904455, 0.0, 0.0, 0.0, 0.0, 1.0],
                [0.97922, 0.035141, 0.199732, 0.0, 0.046075, 0.920568, -0.387856, 0.744975, -0.197496, 0.388999, 0.899819, 0.0, 0.0, 0.0, 0.0, 1.0],
                [0.97421, 0.0391, 0.222231, -0.0, 0.051265, 0.920765, -0.386735, 0.744975, -0.219744, 0.388154, 0.895014, -0.0, 0.0, 0.0, 0.0, 1.0],
                [0.969228, 0.042655, 0.242441, 0.0, 0.055927, 0.920961, -0.38562, 0.744975, -0.239727, 0.387313, 0.890235, -0.0, 0.0, 0.0, 0.0, 1.0],
                [0.964487, 0.045768, 0.260134, -0.0, 0.060009, 0.921148, -0.38456, 0.744975, -0.257223, 0.386513, 0.885688, 0.0, 0.0, 0.0, 0.0, 1.0],
                [0.960198, 0.0484, 0.275095, 0.0, 0.06346, 0.921316, -0.3836, 0.744975, -0.272016, 0.385789, 0.881575, 0.0, 0.0, 0.0, 0.0, 1.0],
                [0.956564, 0.050515, 0.287111, 0.0, 0.066232, 0.92146, -0.382787, 0.744975, -0.283898, 0.385176, 0.878089, 0.0, 0.0, 0.0, 0.0, 1.0],
                [0.953776, 0.052073, 0.295971, -0.0, 0.068276, 0.921569, -0.382163, 0.744975, -0.292658, 0.384706, 0.875416, 0.0, 0.0, 0.0, 0.0, 1.0],
                [0.952003, 0.053039, 0.301457, 0.0, 0.069541, 0.921639, -0.381767, 0.744975, -0.298082, 0.384407, 0.873715, 0.0, 0.0, 0.0, 0.0, 1.0],
                [0.951387, 0.05337, 0.303339, 0.0, 0.069976, 0.921663, -0.381629, 0.744975, -0.299944, 0.384303, 0.873124, 0.0, 0.0, 0.0, 0.0, 1.0]
            ]
        },
        {
            "name": "ear_R",
            "time": [0.0, 0.0167, 0.0333, 0.05, 0.0667, 0.0833, 0.1, 0.1167, 0.1333, 0.15, 0.1667, 0.1833, 0.2, 0.2167, 0.2333, 0.25, 0.2667, 0.2833, 0.3, 0.3167, 0.3333, 0.35, 0.3667, 0.3833, 0.4, 0.4167, 0.4333, 0.45, 0.4667, 0.4833, 0.5, 0.5167, 0.5333, 0.55, 0.5667, 0.5833, 0.6, 0.6167, 0.6333, 0.65, 0.6667, 0.6833, 0.7, 0.7167, 0.7333, 0.75, 0.7667, 0.7833, 0.8, 0.8167, 0.8333, 0.85, 0.8667, 0.8833, 0.9, 0.9167, 0.9333, 0.95, 0.9667, 0.9833, 1.0],
            "transform": [
                [0.0, 1.0, -0.0, 0.474052, -1.0, 0.0, 0.0, 0.66046, 0.0, 0.0, 1.0, 0.0, 0.0, 0.0, 0.0, 1.0],
                [0.0, 1.0, -0.0, 0.474052, -1.0, 0.0, 0.0, 0.66046, 0.0, 0.0, 1.0, 0.0, 0.0, 0.0, 0.0, 1.0],
                [0.0, 1.0, -0.0, 0.474052, -1.0, 0.0, 0.0, 0.66046, 0.0, 0.0, 1.0, 0.0, 0.0, 0.0, 0.0, 1.0],
                [0.0, 1.0, 0.0, 0.474052, -1.0, -0.0, 0.0, 0.66046, 0.0, 0.0, 1.0, -0.0, 0.0, 0.0, 0.0, 1.0],
                [0.0, 1.0, 0.0, 0.474052, -1.0, 0.0, 0.0, 0.660459, 0.0, 0.0, 1.0, -0.0, 0.0, 0.0, 0.0, 1.0],
                [0.0, 1.0, -0.0, 0.474052, -1.0, 0.0, 0.0, 0.660459, 0.0, 0.0, 1.0, 0.0, 0.0, 0.0, 0.0, 1.0],
                [0.0, 1.0, 0.0, 0.474052, -1.0, 0.0, 0.0, 0.660459, 0.0, 0.0, 1.0, -0.0, 0.0, 0.0, 0.0, 1.0],
                [0.0, 1.0, 0.0, 0.474052, -1.0, 0.0, 0.0, 0.66046, 0.0, 0.0, 1.0, 0.0, 0.0, 0.0, 0.0, 1.0],
                [0.0, 1.0, -0.0, 0.474051, -1.0, 0.0, 0.0, 0.660459, 0.0, 0.0, 1.0, 0.0, 0.0, 0.0, 0.0, 1.0],
                [0.0, 1.0, -0.0, 0.474052, -1.0, -0.0, 0.0, 0.660459, 0.0, 0.0, 1.0, 0.0, 0.0, 0.0, 0.0, 1.0],
                [0.0, 1.0, 0.0, 0.474052, -1.0, 0.0, 0.0, 0.660459, 0.0, 0.0, 1.0, 0.0, 0.0, 0.0, 0.0, 1.0],
                [0.0, 1.0, 0.0, 0.474052, -1.0, 0.0, 0.0, 0.66046, 0.0, -0.0, 1.0, -0.0, 0.0, 0.0, 0.0, 1.0],
                [0.0, 1.0, -0.0, 0.474052, -1.0, -0.0, 0.0, 0.66046, 0.0, 0.0, 1.0, 0.0, 0.0, 0.0, 0.0, 1.0],
                [0.0, 1.0, 0.0, 0.474052, -1.0, 0.0, 0.0, 0.66046, 0.0, 0.0, 1.0, -0.0, 0.0, 0.0, 0.0, 1.0],
                [0.0, 1.0, -0.0, 0.474052, -1.0, 0.0, 0.0, 0.660459, 0.0, 0.0, 1.0, 0.0, 0.0, 0.0, 0.0, 1.0],
                [0.0, 1.0, -0.0, 0.474052, -1.0, -0.0, 0.0, 0.660459, 0.0, 0.0, 1.0, 0.0, 0.0, 0.0, 0.0, 1.0],
                [0.0, 1.0, -0.0, 0.474052, -1.0, -0.0, 0.0, 0.66046, 0.0, 0.0, 1.0, -0.0, 0.0, 0.0, 0.0, 1.0],
                [0.0, 1.0, 0.0, 0.474052, -1.0, -0.0, 0.0, 0.66046, 0.0, -0.0, 1.0, -0.0, 0.0, 0.0, 0.0, 1.0],
                [0.0, 1.0, 0.0, 0.474052, -1.0, 0.0, 0.0, 0.66046, -0.0, -0.0, 1.0, 0.0, 0.0, 0.0, 0.0, 1.0],
                [0.0, 1.0, 0.0, 0.474052, -1.0, -0.0, 0.0, 0.66046, 0.0, 0.0, 1.0, -0.0, 0.0, 0.0, 0.0, 1.0],
                [0.0, 1.0, -0.0, 0.474052, -1.0, -0.0, 0.0, 0.66046, 0.0, -0.0, 1.0, 0.0, 0.0, 0.0, 0.0, 1.0],
                [0.0, 1.0, 0.0, 0.474052, -1.0, -0.0, 0.0, 0.66046, 0.0, -0.0, 1.0, -0.0, 0.0, 0.0, 0.0, 1.0],
                [0.0, 1.0, -0.0, 0.474052, -1.0, 0.0, 0.0, 0.660459, 0.0, -0.0, 1.0, -0.0, 0.0, 0.0, 0.0, 1.0],
                [0.0, 1.0, 0.0, 0.474052, -1.0, 0.0, 0.0, 0.66046, 0.0, -0.0, 1.0, 0.0, 0.0, 0.0, 0.0, 1.0],
                [0.0, 1.0, 0.0, 0.474052, -1.0, 0.0, 0.0, 0.660459, 0.0, -0.0, 1.0, -0.0, 0.0, 0.0, 0.0, 1.0],
                [0.0, 1.0, 0.0, 0.474052, -1.0, -0.0, 0.0, 0.660459, 0.0, -0.0, 1.0, -0.0, 0.0, 0.0, 0.0, 1.0],
                [0.0, 1.0, -0.0, 0.474052, -1.0, -0.0, 0.0, 0.660459, 0.0, -0.0, 1.0, -0.0, 0.0, 0.0, 0.0, 1.0],
                [0.0, 1.0, 0.0, 0.474052, -1.0, -0.0, 0.0, 0.66046, 0.0, -0.0, 1.0, -0.0, 0.0, 0.0, 0.0, 1.0],
                [0.0, 1.0, -0.0, 0.474052, -1.0, 0.0, 0.0, 0.66046, 0.0, 0.0, 1.0, -0.0, 0.0, 0.0, 0.0, 1.0],
                [0.0, 1.0, 0.0, 0.474052, -1.0, 0.0, 0.0, 0.66046, -0.0, 0.0, 1.0, 0.0, 0.0, 0.0, 0.0, 1.0],
                [0.0, 1.0, -0.0, 0.474052, -1.0, -0.0, 0.0, 0.660459, 0.0, 0.0, 1.0, 0.0, 0.0, 0.0, 0.0, 1.0],
                [0.0, 1.0, -0.0, 0.474052, -1.0, -0.0, 0.0, 0.66046, -0.0, 0.0, 1.0, 0.0, 0.0, 0.0, 0.0, 1.0],
