{
    "animation": [
        {
            "name": "Root",
            "time": [0.0, 0.0167, 0.0333, 0.05, 0.0667, 0.0833, 0.1, 0.1167, 0.1333, 0.15, 0.1667, 0.1833, 0.2, 0.2167, 0.2333, 0.25, 0.2667, 0.2833, 0.3, 0.3167, 0.3333, 0.35, 0.3667, 0.3833, 0.4, 0.4167, 0.4333, 0.45, 0.4667, 0.4833, 0.5, 0.5167, 0.5333, 0.55, 0.5667, 0.5833, 0.6, 0.6167, 0.6333, 0.65, 0.6667, 0.6833, 0.7, 0.7167, 0.7333, 0.75, 0.7667, 0.7833, 0.8, 0.8167, 0.8333, 0.85, 0.8667, 0.8833, 0.9, 0.9167, 0.9333, 0.95, 0.9667, 0.9833, 1.0, 1.0167, 1.0333, 1.05, 1.0667, 1.0833, 1.1, 1.1167, 1.1333, 1.15, 1.1667, 1.1833, 1.2, 1.2167, 1.2333, 1.25, 1.2667, 1.2833, 1.3, 1.3167, 1.3333, 1.35, 1.3667, 1.3833, 1.4, 1.4167, 1.4333, 1.45, 1.4667, 1.4833, 1.5, 1.5167, 1.5333, 1.55, 1.5667, 1.5833, 1.6, 1.6167, 1.6333, 1.65, 1.6667, 1.6833, 1.7, 1.7167, 1.7333, 1.75, 1.7667, 1.7833, 1.8, 1.8167, 1.8333, 1.85, 1.8667, 1.8833, 1.9, 1.9167, 1.9333, 1.95, 1.9667, 1.9833, 2.0, 2.0167, 2.0333, 2.05, 2.0667, 2.0833, 2.1, 2.1167, 2.1333, 2.15, 2.1667, 2.1833, 2.2, 2.2167, 2.2333, 2.25, 2.2667, 2.2833, 2.3, 2.3167, 2.3333, 2.35, 2.3667, 2.3833, 2.4, 2.4167, 2.4333, 2.45, 2.4667, 2.4833, 2.5],
            "transform": [
                [1.0, 0.0, 0.0, 0.0, 0.0, 0.0, -1.0, 0.0, 0.0, 1.0, 0.0, 0.719612, 0.0, 0.0, 0.0, 1.0],
                [1.0, 0.0, 0.0, 0.0, 0.0, 0.001952, -0.999998, -0.000464, 0.0, 0.999998, 0.001952, 0.71801, 0.0, 0.0, 0.0, 1.0],
                [1.0, 0.0, 0.0, 0.0, 0.0, 0.007517, -0.999972, -0.001788, 0.0, 0.999972, 0.007517, 0.713433, 0.0, 0.0, 0.0, 1.0],
                [1.0, 0.0, 0.0, 0.0, 0.0, 0.016263, -0.999868, -0.003867, 0.0, 0.999868, 0.016263, 0.706221, 0.0, 0.0, 0.0, 1.0],
                [1.0, 0.0, 0.0, 0.0, 0.0, 0.027755, -0.999615, -0.006598, 0.0, 0.999615, 0.027755, 0.696716, 0.0, 0.0, 0.0, 1.0],
                [1.0, 0.0, 0.0, 0.0, 0.0, 0.041557, -0.999136, -0.009877, 0.0, 0.999136, 0.041557, 0.68526, 0.0, 0.0, 0.0, 1.0],
                [1.0, 0.0, 0.0, 0.0, 0.0, 0.05723, -0.998361, -0.013601, 0.0, 0.998361, 0.05723, 0.672194, 0.0, 0.0, 0.0, 1.0],
                [1.0, 0.0, 0.0, 0.0, 0.0, 0.074331, -0.997234, -0.017665, 0.0, 0.997234, 0.074331, 0.65786, 0.0, 0.0, 0.0, 1.0],
                [1.0, 0.0, 0.0, 0.0, 0.0, 0.092413, -0.995721, -0.021966, 0.0, 0.995721, 0.092413, 0.642599, 0.0, 0.0, 0.0, 1.0],
                [1.0, 0.0, 0.0, 0.0, 0.0, 0.111029, -0.993817, -0.026401, 0.0, 0.993817, 0.111029, 0.626753, 0.0, 0.0, 0.0, 1.0],
                [1.0, 0.0, 0.0, 0.0, 0.0, 0.129732, -0.991549, -0.030866, 0.0, 0.991549, 0.129732, 0.610664, 0.0, 0.0, 0.0, 1.0],
                [1.0, 0.0, 0.0, 0.0, 0.0, 0.148079, -0.988975, -0.035256, 0.0, 0.988975, 0.148079, 0.594673, 0.0, 0.0, 0.0, 1.0],
                [1.0, 0.0, 0.0, 0.0, 0.0, 0.165632, -0.986188, -0.039469, 0.0, 0.986188, 0.165632, 0.579121, 0.0, 0.0, 0.0, 1.0],
                [1.0, 0.0, 0.0, 0.0, 0.0, 0.18196, -0.983306, -0.0434, 0.0, 0.983306, 0.18196, 0.564351, 0.0, 0.0, 0.0, 1.0],
                [1.0, 0.0, 0.0, 0.0, 0.0, 0.196637, -0.980476, -0.046945, 0.0, 0.980476, 0.196637, 0.550703, 0.0, 0.0, 0.0, 1.0],
                [1.0, 0.0, 0.0, 0.0, 0.0, 0.20925, -0.977862, -0.050002, 0.0, 0.977862, 0.20925, 0.538519, 0.0, 0.0, 0.0, 1.0],
                [1.0, 0.0, 0.0, 0.0, 0.0, 0.219572, -0.975596, -0.052512, 0.0, 0.975596, 0.219572, 0.528018, 0.0, 0.0, 0.0, 1.0],
                [1.0, 0.0, 0.0, 0.0, 0.0, 0.227816, -0.973704, -0.054521, 0.0, 0.973704, 0.227816, 0.518929, 0.0, 0.0, 0.0, 1.0],
                [1.0, 0.0, 0.0, 0.0, 0.0, 0.234223, -0.972183, -0.056086, 0.0, 0.972183, 0.234223, 0.510857, 0.0, 0.0, 0.0, 1.0],
                [1.0, 0.0, 0.0, 0.0, 0.0, 0.239029, -0.971012, -0.057262, 0.0, 0.971012, 0.239029, 0.503408, 0.0, 0.0, 0.0, 1.0],
                [1.0, 0.0, 0.0, 0.0, 0.0, 0.242469, -0.970159, -0.058105, 0.0, 0.970159, 0.242469, 0.496187, 0.0, 0.0, 0.0, 1.0],
                [1.0, 0.0, 0.0, 0.0, 0.0, 0.244772, -0.969581, -0.058669, 0.0, 0.969581, 0.244772, 0.488802, 0.0, 0.0, 0.0, 1.0],
                [1.0, 0.0, 0.0, 0.0, 0.0, 0.246169, -0.969227, -0.059012, 0.0, 0.969227, 0.246169, 0.480856, 0.0, 0.0, 0.0, 1.0],
                [1.0, 0.0, 0.0, 0.0, 0.0, 0.246886, -0.969045, -0.059188, 0.0, 0.969045, 0.246886, 0.471957, 0.0, 0.0, 0.0, 1.0],
                [1.0, 0.0, 0.0, 0.0, 0.0, 0.24715, -0.968977, -0.059253, 0.0, 0.968977, 0.24715, 0.46171, 0.0, 0.0, 0.0, 1.0],
                [1.0, 0.0, 0.0, 0.0, 0.0, 0.247187, -0.968968, -0.059262, 0.0, 0.968968, 0.247187, 0.44972, 0.0, 0.0, 0.0, 1.0],
                [1.0, 0.0, 0.0, 0.0, 0.0, 0.247187, -0.968968, -0.059262, 0.0, 0.968968, 0.247187, 0.435975, 0.0, 0.0, 0.0, 1.0],
                [1.0, 0.0, 0.0, 0.0, 0.0, 0.247187, -0.968968, -0.059262, 0.0, 0.968968, 0.247187, 0.421987, 0.0, 0.0, 0.0, 1.0],
                [1.0, 0.0, 0.0, 0.0, 0.0, 0.247187, -0.968968, -0.059262, 0.0, 0.968968, 0.247187, 0.409651, 0.0, 0.0, 0.0, 1.0],
                [1.0, 0.0, 0.0, 0.0, 0.0, 0.247187, -0.968968, -0.059262, 0.0, 0.968968, 0.247187, 0.400861, 0.0, 0.0, 0.0, 1.0],
                [1.0, 0.0, 0.0, 0.0, 0.0, 0.247187, -0.968968, -0.059262, 0.0, 0.968968, 0.247187, 0.39751, 0.0, 0.0, 0.0, 1.0],
                [1.0, 0.0, 0.0, 0.0, 0.0, 0.247187, -0.968968, 0.021362, 0.0, 0.968968, 0.247187, 0.461601, 0.0, 0.0, 0.0, 1.0],
                [1.0, 0.0, 0.0, 0.0, 0.0, 0.247187, -0.968968, 0.246456, 0.0, 0.968968, 0.247187, 0.640472, 0.0, 0.0, 0.0, 1.0],
                [1.0, 0.0, 0.0, 0.0, 0.0, 0.247187, -0.968968, 0.590853, 0.0, 0.968968, 0.247187, 0.914017, 0.0, 0.0, 0.0, 1.0],
                [1.0, 0.0, 0.0, 0.0, 0.0, 0.247187, -0.968968, 1.029384, 0.0, 0.968968, 0.247187, 1.262131, 0.0, 0.0, 0.0, 1.0],
                [1.0, 0.0, 0.0, 0.0, 0.0, 0.247187, -0.968968, 1.536883, 0.0, 0.968968, 0.247187, 1.664707, 0.0, 0.0, 0.0, 1.0],
                [1.0, 0.0, 0.0, 0.0, 0.0, 0.247187, -0.968968, 2.088183, 0.0, 0.968968, 0.247187, 2.101641, 0.0, 0.0, 0.0, 1.0],
                [1.0, 0.0, 0.0, 0.0, 0.0, 0.247187, -0.968968, 2.658115, 0.0, 0.968968, 0.247187, 2.552827, 0.0, 0.0, 0.0, 1.0],
                [1.0, 0.0, 0.0, 0.0, 0.0, 0.247187, -0.968968, 3.221514, 0.0, 0.968968, 0.247187, 2.99816, 0.0, 0.0, 0.0, 1.0],
                [1.0, 0.0, 0.0, 0.0, 0.0, 0.247187, -0.968968, 3.75321, 0.0, 0.968968, 0.247187, 3.417534, 0.0, 0.0, 0.0, 1.0],
                [1.0, 0.0, 0.0, 0.0, 0.0, 0.247187, -0.968968, 4.228038, 0.0, 0.968968, 0.247187, 3.790843, 0.0, 0.0, 0.0, 1.0],
                [1.0, 0.0, 0.0, 0.0, 0.0, 0.247187, -0.968968, 4.626882, 0.0, 0.968968, 0.247187, 4.102393, 0.0, 0.0, 0.0, 1.0],
                [1.0, 0.0, 0.0, 0.0, 0.0, 0.247187, -0.968968, 4.954844, 0.0, 0.968968, 0.247187, 4.354136, 0.0, 0.0, 0.0, 1.0],
                [1.0, 0.0, 0.0, 0.0, 0.0, 0.247187, -0.968968, 5.223078, 0.0, 0.968968, 0.247187, 4.552433, 0.0, 0.0, 0.0, 1.0],
                [1.0, 0.0, 0.0, 0.0, 0.0, 0.247187, -0.968968, 5.442737, 0.0, 0.968968, 0.247187, 4.703649, 0.0, 0.0, 0.0, 1.0],
                [1.0, 0.0, 0.0, 0.0, 0.0, 0.247187, -0.968968, 5.624977, 0.0, 0.968968, 0.247187, 4.814144, 0.0, 0.0, 0.0, 1.0],
                [1.0, 0.0, 0.0, 0.0, 0.0, 0.247187, -0.968968, 5.780951, 0.0, 0.968968, 0.247187, 4.890283, 0.0, 0.0, 0.0, 1.0],
                [1.0, 0.0, 0.0, 0.0, 0.0, 0.247187, -0.968968, 5.921812, 0.0, 0.968968, 0.247187, 4.938425, 0.0, 0.0, 0.0, 1.0],
                [1.0, 0.0, 0.0, 0.0, 0.0, 0.247187, -0.968968, 6.058716, 0.0, 0.968968, 0.247187, 4.964935, 0.0, 0.0, 0.0, 1.0],
                [1.0, 0.0, 0.0, 0.0, 0.0, 0.247187, -0.968968, 6.202817, 0.0, 0.968968, 0.247187, 4.976176, 0.0, 0.0, 0.0, 1.0],
                [1.0, 0.0, 0.0, 0.0, 0.0, 0.247187, -0.968968, 6.365268, 0.0, 0.968968, 0.247187, 4.978509, 0.0, 0.0, 0.0, 1.0],
                [1.0, 0.0, 0.0, 0.0, 0.0, 0.247187, -0.968968, 6.55106, 0.0, 0.968968, 0.247187, 4.502496, 0.0, 0.0, 0.0, 1.0],
                [1.0, 0.0, 0.0, 0.0, 0.0, 0.247187, -0.968968, 6.740528, 0.0, 0.968968, 0.247187, 3.367388, 0.0, 0.0, 0.0, 1.0],
                [1.0, 0.0, 0.0, 0.0, 0.0, 0.247187, -0.968968, 6.90784, 0.0, 0.968968, 0.247187, 2.012581, 0.0, 0.0, 0.0, 1.0],
                [1.0, 0.0, 0.0, 0.0, 0.0, 0.247187, -0.968968, 7.027169, 0.0, 0.968968, 0.247187, 0.877473, 0.0, 0.0, 0.0, 1.0],
                [1.0, 0.0, 0.0, 0.0, 0.0, 0.247187, -0.968968, 7.072686, 0.0, 0.968968, 0.247187, 0.40146, 0.0, 0.0, 0.0, 1.0],
                [1.0, 0.0, 0.0, 0.0, 0.0, 0.247187, -0.968968, 7.072686, 0.0, 0.968968, 0.247187, 0.40146, 0.0, 0.0, 0.0, 1.0],
                [1.0, 0.0, 0.0, 0.0, 0.0, 0.247187, -0.968968, 7.072686, 0.0, 0.968968, 0.247187, 0.40146, 0.0, 0.0, 0.0, 1.0],
                [1.0, 0.0, 0.0, 0.0, 0.0, 0.247187, -0.968968, 7.072686, 0.0, 0.968968, 0.247187, 0.40146, 0.0, 0.0, 0.0, 1.0],
                [1.0, 0.0, 0.0, 0.0, 0.0, 0.247187, -0.968968, 7.072686, 0.0, 0.968968, 0.247187, 0.40146, 0.0, 0.0, 0.0, 1.0],
                [1.0, 0.0, 0.0, 0.0, 0.0, 0.247187, -0.968968, 7.072686, 0.0, 0.968968, 0.247187, 0.40146, 0.0, 0.0, 0.0, 1.0],
                [1.0, 0.0, 0.0, 0.0, 0.0, 0.247187, -0.968968, 7.072686, 0.0, 0.968968, 0.247187, 0.40146, 0.0, 0.0, 0.0, 1.0],
                [1.0, 0.0, 0.0, 0.0, 0.0, 0.247187, -0.968968, 7.072686, 0.0, 0.968968, 0.247187, 0.40146, 0.0, 0.0, 0.0, 1.0],
                [1.0, 0.0, 0.0, 0.0, 0.0, 0.247187, -0.968968, 7.072686, 0.0, 0.968968, 0.247187, 0.40146, 0.0, 0.0, 0.0, 1.0],
                [1.0, 0.0, 0.0, 0.0, 0.0, 0.247187, -0.968968, 7.072686, 0.0, 0.968968, 0.247187, 0.40146, 0.0, 0.0, 0.0, 1.0],
                [1.0, 0.0, 0.0, 0.0, 0.0, 0.247187, -0.968968, 7.072686, 0.0, 0.968968, 0.247187, 0.40146, 0.0, 0.0, 0.0, 1.0],
                [1.0, 0.0, 0.0, 0.0, 0.0, 0.247088, -0.968993, 7.07276, 0.0, 0.968993, 0.247088, 0.401591, 0.0, 0.0, 0.0, 1.0],
                [1.0, 0.0, 0.0, 0.0, 0.0, 0.246793, -0.969068, 7.072979, 0.0, 0.969068, 0.246793, 0.40198, 0.0, 0.0, 0.0, 1.0],
                [1.0, 0.0, 0.0, 0.0, 0.0, 0.246306, -0.969192, 7.073342, 0.0, 0.969192, 0.246306, 0.402621, 0.0, 0.0, 0.0, 1.0],
                [1.0, 0.0, 0.0, 0.0, 0.0, 0.245634, -0.969363, 7.073843, 0.0, 0.969363, 0.245634, 0.403508, 0.0, 0.0, 0.0, 1.0],
                [1.0, 0.0, 0.0, 0.0, 0.0, 0.244779, -0.969579, 7.074479, 0.0, 0.969579, 0.244779, 0.404633, 0.0, 0.0, 0.0, 1.0],
                [1.0, 0.0, 0.0, 0.0, 0.0, 0.243747, -0.969839, 7.075248, 0.0, 0.969839, 0.243747, 0.405992, 0.0, 0.0, 0.0, 1.0],
                [1.0, 0.0, 0.0, 0.0, 0.0, 0.242542, -0.970141, 7.076144, 0.0, 0.970141, 0.242542, 0.407578, 0.0, 0.0, 0.0, 1.0],
                [1.0, 0.0, 0.0, 0.0, 0.0, 0.241169, -0.970483, 7.077165, 0.0, 0.970483, 0.241169, 0.409384, 0.0, 0.0, 0.0, 1.0],
                [1.0, 0.0, 0.0, 0.0, 0.0, 0.239632, -0.970864, 7.078308, 0.0, 0.970864, 0.239632, 0.411405, 0.0, 0.0, 0.0, 1.0],
                [1.0, 0.0, 0.0, 0.0, 0.0, 0.237936, -0.971281, 7.079568, 0.0, 0.971281, 0.237936, 0.413635, 0.0, 0.0, 0.0, 1.0],
                [1.0, 0.0, 0.0, 0.0, 0.0, 0.236086, -0.971732, 7.080942, 0.0, 0.971732, 0.236086, 0.416066, 0.0, 0.0, 0.0, 1.0],
                [1.0, 0.0, 0.0, 0.0, 0.0, 0.234085, -0.972216, 7.082427, 0.0, 0.972216, 0.234085, 0.418693, 0.0, 0.0, 0.0, 1.0],
                [1.0, 0.0, 0.0, 0.0, 0.0, 0.231938, -0.972731, 7.084019, 0.0, 0.972731, 0.231938, 0.42151, 0.0, 0.0, 0.0, 1.0],
                [1.0, 0.0, 0.0, 0.0, 0.0, 0.22965, -0.973273, 7.085715, 0.0, 0.973273, 0.22965, 0.42451, 0.0, 0.0, 0.0, 1.0],
                [1.0, 0.0, 0.0, 0.0, 0.0, 0.227225, -0.973842, 7.087511, 0.0, 0.973842, 0.227225, 0.427687, 0.0, 0.0, 0.0, 1.0],
                [1.0, 0.0, 0.0, 0.0, 0.0, 0.224668, -0.974435, 7.089404, 0.0, 0.974435, 0.224668, 0.431035, 0.0, 0.0, 0.0, 1.0],
                [1.0, 0.0, 0.0, 0.0, 0.0, 0.221983, -0.975051, 7.091389, 0.0, 0.975051, 0.221983, 0.434548, 0.0, 0.0, 0.0, 1.0],
                [1.0, 0.0, 0.0, 0.0, 0.0, 0.219174, -0.975686, 7.093465, 0.0, 0.975686, 0.219174, 0.438219, 0.0, 0.0, 0.0, 1.0],
                [1.0, 0.0, 0.0, 0.0, 0.0, 0.216247, -0.976339, 7.095626, 0.0, 0.976339, 0.216247, 0.442043, 0.0, 0.0, 0.0, 1.0],
                [1.0, 0.0, 0.0, 0.0, 0.0, 0.213206, -0.977007, 7.09787, 0.0, 0.977007, 0.213206, 0.446013, 0.0, 0.0, 0.0, 1.0],
                [1.0, 0.0, 0.0, 0.0, 0.0, 0.210054, -0.97769, 7.100194, 0.0, 0.97769, 0.210054, 0.450123, 0.0, 0.0, 0.0, 1.0],
                [1.0, 0.0, 0.0, 0.0, 0.0, 0.206798, -0.978384, 7.102592, 0.0, 0.978384, 0.206798, 0.454366, 0.0, 0.0, 0.0, 1.0],
                [1.0, 0.0, 0.0, 0.0, 0.0, 0.20344, -0.979087, 7.105063, 0.0, 0.979087, 0.20344, 0.458737, 0.0, 0.0, 0.0, 1.0],
                [1.0, 0.0, 0.0, 0.0, 0.0, 0.199987, -0.979799, 7.107602, 0.0, 0.979799, 0.199987, 0.463229, 0.0, 0.0, 0.0, 1.0],
                [1.0, 0.0, 0.0, 0.0, 0.0, 0.196442, -0.980515, 7.110206, 0.0, 0.980515, 0.196442, 0.467836, 0.0, 0.0, 0.0, 1.0],
                [1.0, 0.0, 0.0, 0.0, 0.0, 0.19281, -0.981236, 7.112872, 0.0, 0.981236, 0.19281, 0.472552, 0.0, 0.0, 0.0, 1.0],
                [1.0, 0.0, 0.0, 0.0, 0.0, 0.189097, -0.981959, 7.115596, 0.0, 0.981959, 0.189097, 0.477371, 0.0, 0.0, 0.0, 1.0],
                [1.0, 0.0, 0.0, 0.0, 0.0, 0.185305, -0.982681, 7.118374, 0.0, 0.982681, 0.185305, 0.482285, 0.0, 0.0, 0.0, 1.0],
                [1.0, 0.0, 0.0, 0.0, 0.0, 0.181441, -0.983402, 7.121203, 0.0, 0.983402, 0.181441, 0.48729, 0.0, 0.0, 0.0, 1.0],
                [1.0, 0.0, 0.0, 0.0, 0.0, 0.177508, -0.984119, 7.12408, 0.0, 0.984119, 0.177508, 0.492379, 0.0, 0.0, 0.0, 1.0],
                [1.0, 0.0, 0.0, 0.0, 0.0, 0.173513, -0.984832, 7.127, 0.0, 0.984832, 0.173513, 0.497546, 0.0, 0.0, 0.0, 1.0],
                [1.0, 0.0, 0.0, 0.0, 0.0, 0.169458, -0.985537, 7.129961, 0.0, 0.985537, 0.169458, 0.502784, 0.0, 0.0, 0.0, 1.0],
                [1.0, 0.0, 0.0, 0.0, 0.0, 0.16535, -0.986235, 7.132959, 0.0, 0.986235, 0.16535, 0.508087, 0.0, 0.0, 0.0, 1.0],
                [1.0, 0.0, 0.0, 0.0, 0.0, 0.161193, -0.986923, 7.135991, 0.0, 0.986923, 0.161193, 0.51345, 0.0, 0.0, 0.0, 1.0],
                [1.0, 0.0, 0.0, 0.0, 0.0, 0.156991, -0.9876, 7.139052, 0.0, 0.9876, 0.156991, 0.518865, 0.0, 0.0, 0.0, 1.0],
                [1.0, 0.0, 0.0, 0.0, 0.0, 0.15275, -0.988265, 7.142139, 0.0, 0.988265, 0.15275, 0.524327, 0.0, 0.0, 0.0, 1.0],
                [1.0, 0.0, 0.0, 0.0, 0.0, 0.148475, -0.988916, 7.145249, 0.0, 0.988916, 0.148475, 0.529829, 0.0, 0.0, 0.0, 1.0],
                [1.0, 0.0, 0.0, 0.0, 0.0, 0.14417, -0.989553, 7.148379, 0.0, 0.989553, 0.14417, 0.535366, 0.0, 0.0, 0.0, 1.0],
                [1.0, 0.0, 0.0, 0.0, 0.0, 0.139841, -0.990174, 7.151525, 0.0, 0.990174, 0.139841, 0.54093, 0.0, 0.0, 0.0, 1.0],
                [1.0, 0.0, 0.0, 0.0, 0.0, 0.135491, -0.990779, 7.154682, 0.0, 0.990779, 0.135491, 0.546516, 0.0, 0.0, 0.0, 1.0],
                [1.0, 0.0, 0.0, 0.0, 0.0, 0.131127, -0.991366, 7.157849, 0.0, 0.991366, 0.131127, 0.552118, 0.0, 0.0, 0.0, 1.0],
                [1.0, 0.0, 0.0, 0.0, 0.0, 0.126753, -0.991934, 7.16102, 0.0, 0.991934, 0.126753, 0.557729, 0.0, 0.0, 0.0, 1.0],
                [1.0, 0.0, 0.0, 0.0, 0.0, 0.122374, -0.992484, 7.164194, 0.0, 0.992484, 0.122374, 0.563343, 0.0, 0.0, 0.0, 1.0],
                [1.0, 0.0, 0.0, 0.0, 0.0, 0.117995, -0.993014, 7.167366, 0.0, 0.993014, 0.117995, 0.568954, 0.0, 0.0, 0.0, 1.0],
                [1.0, 0.0, 0.0, 0.0, 0.0, 0.113621, -0.993524, 7.170532, 0.0, 0.993524, 0.113621, 0.574556, 0.0, 0.0, 0.0, 1.0],
                [1.0, 0.0, 0.0, 0.0, 0.0, 0.109257, -0.994013, 7.17369, 0.0, 0.994013, 0.109257, 0.580142, 0.0, 0.0, 0.0, 1.0],
                [1.0, 0.0, 0.0, 0.0, 0.0, 0.104909, -0.994482, 7.176836, 0.0, 0.994482, 0.104909, 0.585707, 0.0, 0.0, 0.0, 1.0],
                [1.0, 0.0, 0.0, 0.0, 0.0, 0.10058, -0.994929, 7.179965, 0.0, 0.994929, 0.10058, 0.591243, 0.0, 0.0, 0.0, 1.0],
                [1.0, 0.0, 0.0, 0.0, 0.0, 0.096276, -0.995355, 7.183075, 0.0, 0.995355, 0.096276, 0.596745, 0.0, 0.0, 0.0, 1.0],
                [1.0, 0.0, 0.0, 0.0, 0.0, 0.092003, -0.995759, 7.186163, 0.0, 0.995759, 0.092003, 0.602207, 0.0, 0.0, 0.0, 1.0],
                [1.0, 0.0, 0.0, 0.0, 0.0, 0.087764, -0.996141, 7.189224, 0.0, 0.996141, 0.087764, 0.607623, 0.0, 0.0, 0.0, 1.0],
                [1.0, 0.0, 0.0, 0.0, 0.0, 0.083566, -0.996502, 7.192255, 0.0, 0.996502, 0.083566, 0.612985, 0.0, 0.0, 0.0, 1.0],
                [1.0, 0.0, 0.0, 0.0, 0.0, 0.079413, -0.996842, 7.195253, 0.0, 0.996842, 0.079413, 0.618288, 0.0, 0.0, 0.0, 1.0],
                [1.0, 0.0, 0.0, 0.0, 0.0, 0.07531, -0.99716, 7.198214, 0.0, 0.99716, 0.07531, 0.623526, 0.0, 0.0, 0.0, 1.0],
                [1.0, 0.0, 0.0, 0.0, 0.0, 0.071262, -0.997458, 7.201134, 0.0, 0.997458, 0.071262, 0.628693, 0.0, 0.0, 0.0, 1.0],
                [1.0, 0.0, 0.0, 0.0, 0.0, 0.067274, -0.997735, 7.204011, 0.0, 0.997735, 0.067274, 0.633782, 0.0, 0.0, 0.0, 1.0],
                [1.0, 0.0, 0.0, 0.0, 0.0, 0.063352, -0.997991, 7.206841, 0.0, 0.997991, 0.063352, 0.638787, 0.0, 0.0, 0.0, 1.0],
                [1.0, 0.0, 0.0, 0.0, 0.0, 0.059499, -0.998228, 7.209619, 0.0, 0.998228, 0.059499, 0.643702, 0.0, 0.0, 0.0, 1.0],
                [1.0, 0.0, 0.0, 0.0, 0.0, 0.055722, -0.998446, 7.212342, 0.0, 0.998446, 0.055722, 0.64852, 0.0, 0.0, 0.0, 1.0],
                [1.0, 0.0, 0.0, 0.0, 0.0, 0.052025, -0.998646, 7.215008, 0.0, 0.998646, 0.052025, 0.653236, 0.0, 0.0, 0.0, 1.0],
                [1.0, 0.0, 0.0, 0.0, 0.0, 0.048413, -0.998827, 7.217612, 0.0, 0.998827, 0.048413, 0.657843, 0.0, 0.0, 0.0, 1.0],
                [1.0, 0.0, 0.0, 0.0, 0.0, 0.044891, -0.998992, 7.220151, 0.0, 0.998992, 0.044891, 0.662335, 0.0, 0.0, 0.0, 1.0],
                [1.0, 0.0, 0.0, 0.0, 0.0, 0.041464, -0.99914, 7.222622, 0.0, 0.99914, 0.041464, 0.666706, 0.0, 0.0, 0.0, 1.0],
                [1.0, 0.0, 0.0, 0.0, 0.0, 0.038137, -0.999273, 7.225021, 0.0, 0.999273, 0.038137, 0.670949, 0.0, 0.0, 0.0, 1.0],
                [1.0, 0.0, 0.0, 0.0, 0.0, 0.034914, -0.99939, 7.227344, 0.0, 0.99939, 0.034914, 0.675059, 0.0, 0.0, 0.0, 1.0],
                [1.0, 0.0, 0.0, 0.0, 0.0, 0.031802, -0.999494, 7.229588, 0.0, 0.999494, 0.031802, 0.679029, 0.0, 0.0, 0.0, 1.0],
                [1.0, 0.0, 0.0, 0.0, 0.0, 0.028804, -0.999585, 7.23175, 0.0, 0.999585, 0.028804, 0.682853, 0.0, 0.0, 0.0, 1.0],
                [1.0, 0.0, 0.0, 0.0, 0.0, 0.025926, -0.999664, 7.233825, 0.0, 0.999664, 0.025926, 0.686524, 0.0, 0.0, 0.0, 1.0],
                [1.0, 0.0, 0.0, 0.0, 0.0, 0.023172, -0.999731, 7.235811, 0.0, 0.999731, 0.023172, 0.690037, 0.0, 0.0, 0.0, 1.0],
                [1.0, 0.0, 0.0, 0.0, 0.0, 0.020548, -0.999789, 7.237704, 0.0, 0.999789, 0.020548, 0.693385, 0.0, 0.0, 0.0, 1.0],
                [1.0, 0.0, 0.0, 0.0, 0.0, 0.018057, -0.999837, 7.2395, 0.0, 0.999837, 0.018057, 0.696563, 0.0, 0.0, 0.0, 1.0],
                [1.0, 0.0, 0.0, 0.0, 0.0, 0.015706, -0.999877, 7.241195, 0.0, 0.999877, 0.015706, 0.699563, 0.0, 0.0, 0.0, 1.0],
                [1.0, 0.0, 0.0, 0.0, 0.0, 0.013499, -0.999909, 7.242787, 0.0, 0.999909, 0.013499, 0.702379, 0.0, 0.0, 0.0, 1.0],
                [1.0, 0.0, 0.0, 0.0, 0.0, 0.011441, -0.999935, 7.244272, 0.0, 0.999935, 0.011441, 0.705006, 0.0, 0.0, 0.0, 1.0],
                [1.0, 0.0, 0.0, 0.0, 0.0, 0.009536, -0.999955, 7.245646, 0.0, 0.999955, 0.009536, 0.707438, 0.0, 0.0, 0.0, 1.0],
                [1.0, 0.0, 0.0, 0.0, 0.0, 0.007789, -0.99997, 7.246907, 0.0, 0.99997, 0.007789, 0.709667, 0.0, 0.0, 0.0, 1.0],
                [1.0, 0.0, 0.0, 0.0, 0.0, 0.006206, -0.999981, 7.248049, 0.0, 0.999981, 0.006206, 0.711688, 0.0, 0.0, 0.0, 1.0],
                [1.0, 0.0, 0.0, 0.0, 0.0, 0.004791, -0.999988, 7.24907, 0.0, 0.999988, 0.004791, 0.713494, 0.0, 0.0, 0.0, 1.0],
                [1.0, 0.0, 0.0, 0.0, 0.0, 0.003549, -0.999994, 7.249967, 0.0, 0.999994, 0.003549, 0.71508, 0.0, 0.0, 0.0, 1.0],
                [1.0, 0.0, 0.0, 0.0, 0.0, 0.002485, -0.999997, 7.250735, 0.0, 0.999997, 0.002485, 0.716439, 0.0, 0.0, 0.0, 1.0],
                [1.0, 0.0, 0.0, 0.0, 0.0, 0.001603, -0.999999, 7.251371, 0.0, 0.999999, 0.001603, 0.717565, 0.0, 0.0, 0.0, 1.0],
                [1.0, 0.0, 0.0, 0.0, 0.0, 0.000909, -1.0, 7.251873, 0.0, 1.0, 0.000909, 0.718451, 0.0, 0.0, 0.0, 1.0],
                [1.0, 0.0, 0.0, 0.0, 0.0, 0.000407, -1.0, 7.252235, 0.0, 1.0, 0.000407, 0.719092, 0.0, 0.0, 0.0, 1.0],
                [1.0, 0.0, 0.0, 0.0, 0.0, 0.000103, -1.0, 7.252455, 0.0, 1.0, 0.000103, 0.719481, 0.0, 0.0, 0.0, 1.0],
                [1.0, 0.0, 0.0, 0.0, 0.0, -0.0, -1.0, 7.252529, 0.0, 1.0, -0.0, 0.719612, 0.0, 0.0, 0.0, 1.0]
            ]
        },
        {
            "name": "body",
            "time": [0.0, 0.0167, 0.0333, 0.05, 0.0667, 0.0833, 0.1, 0.1167, 0.1333, 0.15, 0.1667, 0.1833, 0.2, 0.2167, 0.2333, 0.25, 0.2667, 0.2833, 0.3, 0.3167, 0.3333, 0.35, 0.3667, 0.3833, 0.4, 0.4167, 0.4333, 0.45, 0.4667, 0.4833, 0.5, 0.5167, 0.5333, 0.55, 0.5667, 0.5833, 0.6, 0.6167, 0.6333, 0.65, 0.6667, 0.6833, 0.7, 0.7167, 0.7333, 0.75, 0.7667, 0.7833, 0.8, 0.8167, 0.8333, 0.85, 0.8667, 0.8833, 0.9, 0.9167, 0.9333, 0.95, 0.9667, 0.9833, 1.0, 1.0167, 1.0333, 1.05, 1.0667, 1.0833, 1.1, 1.1167, 1.1333, 1.15, 1.1667, 1.1833, 1.2, 1.2167, 1.2333, 1.25, 1.2667, 1.2833, 1.3, 1.3167, 1.3333, 1.35, 1.3667, 1.3833, 1.4, 1.4167, 1.4333, 1.45, 1.4667, 1.4833, 1.5, 1.5167, 1.5333, 1.55, 1.5667, 1.5833, 1.6, 1.6167, 1.6333, 1.65, 1.6667, 1.6833, 1.7, 1.7167, 1.7333, 1.75, 1.7667, 1.7833, 1.8, 1.8167, 1.8333, 1.85, 1.8667, 1.8833, 1.9, 1.9167, 1.9333, 1.95, 1.9667, 1.9833, 2.0, 2.0167, 2.0333, 2.05, 2.0667, 2.0833, 2.1, 2.1167, 2.1333, 2.15, 2.1667, 2.1833, 2.2, 2.2167, 2.2333, 2.25, 2.2667, 2.2833, 2.3, 2.3167, 2.3333, 2.35, 2.3667, 2.3833, 2.4, 2.4167, 2.4333, 2.45, 2.4667, 2.4833, 2.5],
            "transform": [
                [1.0, 0.0, 0.0, 0.0, 0.0, 0.995409, -0.095708, 0.06933, 0.0, 0.095708, 0.995409, 0.0, 0.0, 0.0, 0.0, 1.0],
                [1.0, 0.0, 0.0, 0.0, 0.0, 0.995669, -0.092966, 0.06933, 0.0, 0.092966, 0.995669, 0.0, 0.0, 0.0, 0.0, 1.0],
                [1.0, 0.0, 0.0, 0.0, 0.0, 0.996369, -0.085141, 0.06933, 0.0, 0.085141, 0.996369, -0.0, 0.0, 0.0, 0.0, 1.0],
                [1.0, 0.0, 0.0, 0.0, 0.0, 0.997345, -0.072829, 0.06933, 0.0, 0.072829, 0.997345, 0.0, 0.0, 0.0, 0.0, 1.0],
                [1.0, 0.0, 0.0, 0.0, 0.0, 0.998396, -0.056621, 0.06933, 0.0, 0.056621, 0.998396, 0.0, 0.0, 0.0, 0.0, 1.0],
                [1.0, 0.0, 0.0, 0.0, 0.0, 0.999311, -0.037118, 0.06933, 0.0, 0.037118, 0.999311, -0.0, 0.0, 0.0, 0.0, 1.0],
                [1.0, 0.0, 0.0, 0.0, 0.0, 0.999889, -0.014927, 0.069331, 0.0, 0.014927, 0.999889, 0.0, 0.0, 0.0, 0.0, 1.0],
                [1.0, 0.0, 0.0, 0.0, 0.0, 0.999956, 0.00933, 0.06933, 0.0, -0.00933, 0.999956, -0.0, 0.0, 0.0, 0.0, 1.0],
                [1.0, 0.0, 0.0, 0.0, 0.0, 0.999387, 0.035017, 0.06933, 0.0, -0.035017, 0.999387, -0.0, 0.0, 0.0, 0.0, 1.0],
                [1.0, 0.0, 0.0, 0.0, 0.0, 0.998108, 0.061493, 0.06933, 0.0, -0.061493, 0.998108, 0.0, 0.0, 0.0, 0.0, 1.0],
                [1.0, 0.0, 0.0, 0.0, 0.0, 0.996111, 0.088108, 0.06933, 0.0, -0.088108, 0.996111, -0.0, 0.0, 0.0, 0.0, 1.0],
                [1.0, 0.0, 0.0, 0.0, 0.0, 0.993456, 0.114218, 0.06933, 0.0, -0.114218, 0.993456, -0.0, 0.0, 0.0, 0.0, 1.0],
                [1.0, 0.0, 0.0, 0.0, 0.0, 0.990266, 0.139187, 0.06933, 0.0, -0.139187, 0.990266, 0.0, 0.0, 0.0, 0.0, 1.0],
                [1.0, 0.0, 0.0, 0.0, 0.0, 0.986726, 0.162391, 0.06933, 0.0, -0.162391, 0.986726, -0.0, 0.0, 0.0, 0.0, 1.0],
                [1.0, 0.0, 0.0, 0.0, 0.0, 0.983071, 0.183226, 0.06933, 0.0, -0.183226, 0.983071, 0.0, 0.0, 0.0, 0.0, 1.0],
                [1.0, 0.0, 0.0, 0.0, 0.0, 0.97957, 0.201105, 0.06933, 0.0, -0.201105, 0.97957, 0.0, 0.0, 0.0, 0.0, 1.0],
                [1.0, 0.0, 0.0, 0.0, 0.0, 0.976456, 0.215717, 0.06933, 0.0, -0.215717, 0.976456, -0.0, 0.0, 0.0, 0.0, 1.0],
                [1.0, 0.0, 0.0, 0.0, 0.0, 0.973808, 0.227373, 0.06933, 0.0, -0.227373, 0.973808, -0.0, 0.0, 0.0, 0.0, 1.0],
                [1.0, 0.0, 0.0, 0.0, 0.0, 0.971651, 0.23642, 0.06933, 0.0, -0.23642, 0.971651, 0.0, 0.0, 0.0, 0.0, 1.0],
                [1.0, 0.0, 0.0, 0.0, 0.0, 0.969976, 0.243202, 0.06933, 0.0, -0.243202, 0.969976, -0.0, 0.0, 0.0, 0.0, 1.0],
                [1.0, 0.0, 0.0, 0.0, 0.0, 0.968747, 0.248051, 0.06933, 0.0, -0.248051, 0.968747, -0.0, 0.0, 0.0, 0.0, 1.0],
                [1.0, 0.0, 0.0, 0.0, 0.0, 0.96791, 0.251297, 0.06933, 0.0, -0.251297, 0.96791, -0.0, 0.0, 0.0, 0.0, 1.0],
                [1.0, 0.0, 0.0, 0.0, 0.0, 0.967397, 0.253264, 0.06933, 0.0, -0.253264, 0.967397, 0.0, 0.0, 0.0, 0.0, 1.0],
                [1.0, 0.0, 0.0, 0.0, 0.0, 0.967132, 0.254274, 0.069331, 0.0, -0.254274, 0.967132, 0.0, 0.0, 0.0, 0.0, 1.0],
                [1.0, 0.0, 0.0, 0.0, 0.0, 0.967034, 0.254646, 0.06933, 0.0, -0.254646, 0.967034, -0.0, 0.0, 0.0, 0.0, 1.0],
                [1.0, 0.0, 0.0, 0.0, 0.0, 0.96702, 0.254699, 0.06933, 0.0, -0.254699, 0.96702, 0.0, 0.0, 0.0, 0.0, 1.0],
                [1.0, 0.0, 0.0, 0.0, 0.0, 0.969755, 0.244079, 0.069331, 0.0, -0.244079, 0.969755, 0.0, 0.0, 0.0, 0.0, 1.0],
                [1.0, 0.0, 0.0, 0.0, 0.0, 0.976356, 0.216168, 0.06933, 0.0, -0.216168, 0.976356, 0.0, 0.0, 0.0, 0.0, 1.0],
                [1.0, 0.0, 0.0, 0.0, 0.0, 0.984233, 0.176875, 0.06933, 0.0, -0.176875, 0.984233, -0.0, 0.0, 0.0, 0.0, 1.0],
                [1.0, 0.0, 0.0, 0.0, 0.0, 0.991218, 0.132235, 0.06933, 0.0, -0.132235, 0.991218, -0.0, 0.0, 0.0, 0.0, 1.0],
                [1.0, 0.0, 0.0, 0.0, 0.0, 0.996082, 0.088437, 0.06933, 0.0, -0.088437, 0.996082, -0.0, 0.0, 0.0, 0.0, 1.0],
                [1.0, 0.0, 0.0, 0.0, 0.0, 0.998722, 0.050535, 0.06933, 0.0, -0.050535, 0.998722, -0.0, 0.0, 0.0, 0.0, 1.0],
                [1.0, 0.0, 0.0, 0.0, 0.0, 0.999818, 0.019081, 0.06933, 0.0, -0.019081, 0.999818, 0.0, 0.0, 0.0, 0.0, 1.0],
                [1.0, 0.0, 0.0, 0.0, 0.0, 0.999979, -0.006491, 0.06933, 0.0, 0.006491, 0.999979, 0.0, 0.0, 0.0, 0.0, 1.0],
                [1.0, 0.0, 0.0, 0.0, 0.0, 0.999641, -0.026799, 0.06933, 0.0, 0.026799, 0.999641, -0.0, 0.0, 0.0, 0.0, 1.0],
                [1.0, 0.0, 0.0, 0.0, 0.0, 0.999097, -0.042485, 0.069331, 0.0, 0.042485, 0.999097, 0.0, 0.0, 0.0, 0.0, 1.0],
                [1.0, 0.0, 0.0, 0.0, 0.0, 0.99853, -0.054199, 0.069331, 0.0, 0.054199, 0.99853, -0.0, 0.0, 0.0, 0.0, 1.0],
                [1.0, 0.0, 0.0, 0.0, 0.0, 0.998039, -0.062595, 0.06933, 0.0, 0.062595, 0.998039, 0.0, 0.0, 0.0, 0.0, 1.0],
                [1.0, 0.0, 0.0, 0.0, 0.0, 0.997663, -0.068325, 0.06933, 0.0, 0.068325, 0.997663, 0.0, 0.0, 0.0, 0.0, 1.0],
                [1.0, 0.0, 0.0, 0.0, 0.0, 0.997402, -0.072039, 0.069331, 0.0, 0.072039, 0.997402, 0.0, 0.0, 0.0, 0.0, 1.0],
                [1.0, 0.0, 0.0, 0.0, 0.0, 0.99723, -0.074382, 0.06933, 0.0, 0.074382, 0.99723, -0.0, 0.0, 0.0, 0.0, 1.0],
                [1.0, 0.0, 0.0, 0.0, 0.0, 0.997102, -0.076074, 0.06933, 0.0, 0.076074, 0.997102, 0.0, 0.0, 0.0, 0.0, 1.0],
                [1.0, 0.0, 0.0, 0.0, 0.0, 0.996998, -0.07743, 0.069331, 0.0, 0.07743, 0.996998, 0.0, 0.0, 0.0, 0.0, 1.0],
                [1.0, 0.0, 0.0, 0.0, 0.0, 0.996915, -0.078485, 0.069331, 0.0, 0.078485, 0.996915, 1e-06, 0.0, 0.0, 0.0, 1.0],
                [1.0, 0.0, 0.0, 0.0, 0.0, 0.996853, -0.079277, 0.069331, 0.0, 0.079277, 0.996853, 0.0, 0.0, 0.0, 0.0, 1.0],
                [1.0, 0.0, 0.0, 0.0, 0.0, 0.996807, -0.079845, 0.069331, 0.0, 0.079845, 0.996807, 0.0, 0.0, 0.0, 0.0, 1.0],
                [1.0, 0.0, 0.0, 0.0, 0.0, 0.996777, -0.080226, 0.06933, 0.0, 0.080226, 0.996777, 0.0, 0.0, 0.0, 0.0, 1.0],
                [1.0, 0.0, 0.0, 0.0, 0.0, 0.996758, -0.080457, 0.069331, 0.0, 0.080457, 0.996758, 0.0, 0.0, 0.0, 0.0, 1.0],
                [1.0, 0.0, 0.0, 0.0, 0.0, 0.996748, -0.080576, 0.069331, 0.0, 0.080576, 0.996748, 0.0, 0.0, 0.0, 0.0, 1.0],
                [1.0, 0.0, 0.0, 0.0, 0.0, 0.996745, -0.080619, 0.069331, 0.0, 0.080619, 0.996745, 0.0, 0.0, 0.0, 0.0, 1.0],
                [1.0, 0.0, 0.0, 0.0, 0.0, 0.996744, -0.080625, 0.069331, 0.0, 0.080625, 0.996744, 1e-06, 0.0, 0.0, 0.0, 1.0],
                [1.0, 0.0, 0.0, 0.0, 0.0, 0.999997, -0.002194, 0.069331, 0.0, 0.002194, 0.999997, -0.0, 0.0, 0.0, 0.0, 1.0],
                [1.0, 0.0, 0.0, 0.0, 0.0, 0.98229, 0.187365, 0.06933, 0.0, -0.187365, 0.98229, -0.0, 0.0, 0.0, 0.0, 1.0],
                [1.0, 0.0, 0.0, 0.0, 0.0, 0.913692, 0.406406, 0.06933, 0.0, -0.406406, 0.913692, -0.0, 0.0, 0.0, 0.0, 1.0],
                [1.0, 0.0, 0.0, 0.0, 0.0, 0.820112, 0.572203, 0.06933, 0.0, -0.572203, 0.820112, -0.0, 0.0, 0.0, 0.0, 1.0],
                [1.0, 0.0, 0.0, 0.0, 0.0, 0.772702, 0.634769, 0.069331, 0.0, -0.634769, 0.772702, -0.0, 0.0, 0.0, 0.0, 1.0],
                [1.0, 0.0, 0.0, 0.0, 0.0, 0.772702, 0.634769, 0.069331, 0.0, -0.634769, 0.772702, -0.0, 0.0, 0.0, 0.0, 1.0],
                [1.0, 0.0, 0.0, 0.0, 0.0, 0.772702, 0.634769, 0.069331, 0.0, -0.634769, 0.772702, -0.0, 0.0, 0.0, 0.0, 1.0],
                [1.0, 0.0, 0.0, 0.0, 0.0, 0.772702, 0.634769, 0.069331, 0.0, -0.634769, 0.772702, -0.0, 0.0, 0.0, 0.0, 1.0],
                [1.0, 0.0, 0.0, 0.0, 0.0, 0.772702, 0.634769, 0.069331, 0.0, -0.634769, 0.772702, -0.0, 0.0, 0.0, 0.0, 1.0],
                [1.0, 0.0, 0.0, 0.0, 0.0, 0.772702, 0.634769, 0.069331, 0.0, -0.634769, 0.772702, -0.0, 0.0, 0.0, 0.0, 1.0],
                [1.0, 0.0, 0.0, 0.0, 0.0, 0.772702, 0.634769, 0.069331, 0.0, -0.634769, 0.772702, -0.0, 0.0, 0.0, 0.0, 1.0],
                [1.0, 0.0, 0.0, 0.0, 0.0, 0.772702, 0.634769, 0.069331, 0.0, -0.634769, 0.772702, -0.0, 0.0, 0.0, 0.0, 1.0],
                [1.0, 0.0, 0.0, 0.0, 0.0, 0.772702, 0.634769, 0.069331, 0.0, -0.634769, 0.772702, -0.0, 0.0, 0.0, 0.0, 1.0],
                [1.0, 0.0, 0.0, 0.0, 0.0, 0.772702, 0.634769, 0.069331, 0.0, -0.634769, 0.772702, -0.0, 0.0, 0.0, 0.0, 1.0],
                [1.0, 0.0, 0.0, 0.0, 0.0, 0.772702, 0.634769, 0.069331, 0.0, -0.634769, 0.772702, -0.0, 0.0, 0.0, 0.0, 1.0],
                [1.0, 0.0, 0.0, 0.0, 0.0, 0.772902, 0.634526, 0.069331, 0.0, -0.634526, 0.772902, -0.0, 0.0, 0.0, 0.0, 1.0],
                [1.0, 0.0, 0.0, 0.0, 0.0, 0.773494, 0.633803, 0.06933, 0.0, -0.633803, 0.773494, -1e-06, 0.0, 0.0, 0.0, 1.0],
                [1.0, 0.0, 0.0, 0.0, 0.0, 0.774469, 0.632612, 0.06933, 0.0, -0.632612, 0.774469, -0.0, 0.0, 0.0, 0.0, 1.0],
                [1.0, 0.0, 0.0, 0.0, 0.0, 0.775814, 0.630962, 0.06933, 0.0, -0.630962, 0.775814, 1e-06, 0.0, 0.0, 0.0, 1.0],
                [1.0, 0.0, 0.0, 0.0, 0.0, 0.777518, 0.628861, 0.06933, 0.0, -0.628861, 0.777518, 0.0, 0.0, 0.0, 0.0, 1.0],
                [1.0, 0.0, 0.0, 0.0, 0.0, 0.779569, 0.626317, 0.06933, 0.0, -0.626317, 0.779569, -0.0, 0.0, 0.0, 0.0, 1.0],
                [1.0, 0.0, 0.0, 0.0, 0.0, 0.781953, 0.623337, 0.06933, 0.0, -0.623337, 0.781953, -0.0, 0.0, 0.0, 0.0, 1.0],
                [1.0, 0.0, 0.0, 0.0, 0.0, 0.784657, 0.61993, 0.06933, 0.0, -0.61993, 0.784657, -0.0, 0.0, 0.0, 0.0, 1.0],
                [1.0, 0.0, 0.0, 0.0, 0.0, 0.787668, 0.6161, 0.069331, 0.0, -0.6161, 0.787668, -0.0, 0.0, 0.0, 0.0, 1.0],
                [1.0, 0.0, 0.0, 0.0, 0.0, 0.79097, 0.611855, 0.069331, 0.0, -0.611855, 0.79097, -0.0, 0.0, 0.0, 0.0, 1.0],
                [1.0, 0.0, 0.0, 0.0, 0.0, 0.794549, 0.6072, 0.06933, 0.0, -0.6072, 0.794549, -0.0, 0.0, 0.0, 0.0, 1.0],
                [1.0, 0.0, 0.0, 0.0, 0.0, 0.798389, 0.602141, 0.069331, 0.0, -0.602141, 0.798389, 0.0, 0.0, 0.0, 0.0, 1.0],
                [1.0, 0.0, 0.0, 0.0, 0.0, 0.802476, 0.596684, 0.069331, 0.0, -0.596684, 0.802476, -0.0, 0.0, 0.0, 0.0, 1.0],
                [1.0, 0.0, 0.0, 0.0, 0.0, 0.806794, 0.590834, 0.06933, 0.0, -0.590834, 0.806794, 0.0, 0.0, 0.0, 0.0, 1.0],
                [1.0, 0.0, 0.0, 0.0, 0.0, 0.811325, 0.584596, 0.06933, 0.0, -0.584596, 0.811325, -0.0, 0.0, 0.0, 0.0, 1.0],
                [1.0, 0.0, 0.0, 0.0, 0.0, 0.816054, 0.577976, 0.06933, 0.0, -0.577976, 0.816054, -0.0, 0.0, 0.0, 0.0, 1.0],
                [1.0, 0.0, 0.0, 0.0, 0.0, 0.820964, 0.57098, 0.069331, 0.0, -0.57098, 0.820964, -0.0, 0.0, 0.0, 0.0, 1.0],
                [1.0, 0.0, 0.0, 0.0, 0.0, 0.826039, 0.563614, 0.06933, 0.0, -0.563614, 0.826039, 0.0, 0.0, 0.0, 0.0, 1.0],
                [1.0, 0.0, 0.0, 0.0, 0.0, 0.831261, 0.555883, 0.06933, 0.0, -0.555883, 0.831261, -0.0, 0.0, 0.0, 0.0, 1.0],
                [1.0, 0.0, 0.0, 0.0, 0.0, 0.836613, 0.547794, 0.06933, 0.0, -0.547794, 0.836613, 0.0, 0.0, 0.0, 0.0, 1.0],
                [1.0, 0.0, 0.0, 0.0, 0.0, 0.842079, 0.539354, 0.06933, 0.0, -0.539354, 0.842079, -0.0, 0.0, 0.0, 0.0, 1.0],
                [1.0, 0.0, 0.0, 0.0, 0.0, 0.847641, 0.53057, 0.069331, 0.0, -0.53057, 0.847641, 0.0, 0.0, 0.0, 0.0, 1.0],
                [1.0, 0.0, 0.0, 0.0, 0.0, 0.853282, 0.52145, 0.06933, 0.0, -0.52145, 0.853282, -0.0, 0.0, 0.0, 0.0, 1.0],
                [1.0, 0.0, 0.0, 0.0, 0.0, 0.858985, 0.512, 0.06933, 0.0, -0.512, 0.858985, 0.0, 0.0, 0.0, 0.0, 1.0],
                [1.0, 0.0, 0.0, 0.0, 0.0, 0.864733, 0.502232, 0.06933, 0.0, -0.502232, 0.864733, 0.0, 0.0, 0.0, 0.0, 1.0],
                [1.0, 0.0, 0.0, 0.0, 0.0, 0.87051, 0.492151, 0.06933, 0.0, -0.492151, 0.87051, -0.0, 0.0, 0.0, 0.0, 1.0],
                [1.0, 0.0, 0.0, 0.0, 0.0, 0.876298, 0.48177, 0.06933, 0.0, -0.48177, 0.876298, 0.0, 0.0, 0.0, 0.0, 1.0],
                [1.0, 0.0, 0.0, 0.0, 0.0, 0.882081, 0.471098, 0.069331, 0.0, -0.471098, 0.882081, 0.0, 0.0, 0.0, 0.0, 1.0],
                [1.0, 0.0, 0.0, 0.0, 0.0, 0.887844, 0.460145, 0.069331, 0.0, -0.460145, 0.887844, 0.0, 0.0, 0.0, 0.0, 1.0],
                [1.0, 0.0, 0.0, 0.0, 0.0, 0.89357, 0.448924, 0.069331, 0.0, -0.448924, 0.89357, 0.0, 0.0, 0.0, 0.0, 1.0],
                [1.0, 0.0, 0.0, 0.0, 0.0, 0.899245, 0.437446, 0.06933, 0.0, -0.437446, 0.899245, 0.0, 0.0, 0.0, 0.0, 1.0],
                [1.0, 0.0, 0.0, 0.0, 0.0, 0.904853, 0.425724, 0.06933, 0.0, -0.425724, 0.904853, 0.0, 0.0, 0.0, 0.0, 1.0],
                [1.0, 0.0, 0.0, 0.0, 0.0, 0.910381, 0.413772, 0.069331, 0.0, -0.413772, 0.910381, 0.0, 0.0, 0.0, 0.0, 1.0],
                [1.0, 0.0, 0.0, 0.0, 0.0, 0.915814, 0.401603, 0.06933, 0.0, -0.401603, 0.915814, -0.0, 0.0, 0.0, 0.0, 1.0],
                [1.0, 0.0, 0.0, 0.0, 0.0, 0.92114, 0.389232, 0.069331, 0.0, -0.389232, 0.92114, 0.0, 0.0, 0.0, 0.0, 1.0],
                [1.0, 0.0, 0.0, 0.0, 0.0, 0.926346, 0.376674, 0.06933, 0.0, -0.376674, 0.926346, 0.0, 0.0, 0.0, 0.0, 1.0],
                [1.0, 0.0, 0.0, 0.0, 0.0, 0.931421, 0.363945, 0.069331, 0.0, -0.363945, 0.931421, -0.0, 0.0, 0.0, 0.0, 1.0],
                [1.0, 0.0, 0.0, 0.0, 0.0, 0.936353, 0.351061, 0.06933, 0.0, -0.351061, 0.936353, -0.0, 0.0, 0.0, 0.0, 1.0],
                [1.0, 0.0, 0.0, 0.0, 0.0, 0.941132, 0.338039, 0.069331, 0.0, -0.338039, 0.941132, -0.0, 0.0, 0.0, 0.0, 1.0],
                [1.0, 0.0, 0.0, 0.0, 0.0, 0.94575, 0.324896, 0.069331, 0.0, -0.324896, 0.94575, -0.0, 0.0, 0.0, 0.0, 1.0],
                [1.0, 0.0, 0.0, 0.0, 0.0, 0.950197, 0.31165, 0.06933, 0.0, -0.31165, 0.950197, -0.0, 0.0, 0.0, 0.0, 1.0],
                [1.0, 0.0, 0.0, 0.0, 0.0, 0.954467, 0.298319, 0.06933, 0.0, -0.298319, 0.954467, 0.0, 0.0, 0.0, 0.0, 1.0],
                [1.0, 0.0, 0.0, 0.0, 0.0, 0.958551, 0.284921, 0.06933, 0.0, -0.284921, 0.958551, -0.0, 0.0, 0.0, 0.0, 1.0],
                [1.0, 0.0, 0.0, 0.0, 0.0, 0.962445, 0.271476, 0.06933, 0.0, -0.271476, 0.962445, -0.0, 0.0, 0.0, 0.0, 1.0],
                [1.0, 0.0, 0.0, 0.0, 0.0, 0.966144, 0.258002, 0.06933, 0.0, -0.258002, 0.966144, 0.0, 0.0, 0.0, 0.0, 1.0],
                [1.0, 0.0, 0.0, 0.0, 0.0, 0.969645, 0.244518, 0.069331, 0.0, -0.244518, 0.969645, -0.0, 0.0, 0.0, 0.0, 1.0],
                [1.0, 0.0, 0.0, 0.0, 0.0, 0.972943, 0.231044, 0.06933, 0.0, -0.231044, 0.972943, 0.0, 0.0, 0.0, 0.0, 1.0],
                [1.0, 0.0, 0.0, 0.0, 0.0, 0.976038, 0.2176, 0.06933, 0.0, -0.2176, 0.976038, -0.0, 0.0, 0.0, 0.0, 1.0],
                [1.0, 0.0, 0.0, 0.0, 0.0, 0.978928, 0.204205, 0.06933, 0.0, -0.204205, 0.978928, -0.0, 0.0, 0.0, 0.0, 1.0],
                [1.0, 0.0, 0.0, 0.0, 0.0, 0.981614, 0.190879, 0.069331, 0.0, -0.190879, 0.981614, 0.0, 0.0, 0.0, 0.0, 1.0],
                [1.0, 0.0, 0.0, 0.0, 0.0, 0.984095, 0.17764, 0.06933, 0.0, -0.17764, 0.984095, -0.0, 0.0, 0.0, 0.0, 1.0],
                [1.0, 0.0, 0.0, 0.0, 0.0, 0.986376, 0.16451, 0.06933, 0.0, -0.16451, 0.986376, 0.0, 0.0, 0.0, 0.0, 1.0],
                [1.0, 0.0, 0.0, 0.0, 0.0, 0.988456, 0.151507, 0.06933, 0.0, -0.151507, 0.988456, 1e-06, 0.0, 0.0, 0.0, 1.0],
                [1.0, 0.0, 0.0, 0.0, 0.0, 0.990342, 0.13865, 0.06933, 0.0, -0.13865, 0.990342, 0.0, 0.0, 0.0, 0.0, 1.0],
                [1.0, 0.0, 0.0, 0.0, 0.0, 0.992036, 0.125958, 0.06933, 0.0, -0.125958, 0.992036, 0.0, 0.0, 0.0, 0.0, 1.0],
                [1.0, 0.0, 0.0, 0.0, 0.0, 0.993544, 0.113451, 0.06933, 0.0, -0.113451, 0.993544, -0.0, 0.0, 0.0, 0.0, 1.0],
                [1.0, 0.0, 0.0, 0.0, 0.0, 0.994872, 0.101146, 0.06933, 0.0, -0.101146, 0.994872, -0.0, 0.0, 0.0, 0.0, 1.0],
                [1.0, 0.0, 0.0, 0.0, 0.0, 0.996026, 0.089063, 0.06933, 0.0, -0.089063, 0.996026, 1e-06, 0.0, 0.0, 0.0, 1.0],
                [1.0, 0.0, 0.0, 0.0, 0.0, 0.997014, 0.077218, 0.06933, 0.0, -0.077218, 0.997014, -0.0, 0.0, 0.0, 0.0, 1.0],
                [1.0, 0.0, 0.0, 0.0, 0.0, 0.997844, 0.06563, 0.06933, 0.0, -0.06563, 0.997844, -0.0, 0.0, 0.0, 0.0, 1.0],
                [1.0, 0.0, 0.0, 0.0, 0.0, 0.998524, 0.054316, 0.06933, 0.0, -0.054316, 0.998524, -0.0, 0.0, 0.0, 0.0, 1.0],
                [1.0, 0.0, 0.0, 0.0, 0.0, 0.999063, 0.043292, 0.06933, 0.0, -0.043292, 0.999063, 0.0, 0.0, 0.0, 0.0, 1.0],
                [1.0, 0.0, 0.0, 0.0, 0.0, 0.99947, 0.032576, 0.06933, 0.0, -0.032576, 0.99947, -0.0, 0.0, 0.0, 0.0, 1.0],
                [1.0, 0.0, 0.0, 0.0, 0.0, 0.999754, 0.022183, 0.06933, 0.0, -0.022183, 0.999754, 0.0, 0.0, 0.0, 0.0, 1.0],
                [1.0, 0.0, 0.0, 0.0, 0.0, 0.999926, 0.012129, 0.06933, 0.0, -0.012129, 0.999926, 0.0, 0.0, 0.0, 0.0, 1.0],
                [1.0, 0.0, 0.0, 0.0, 0.0, 0.999997, 0.00243, 0.06933, 0.0, -0.00243, 0.999997, -0.0, 0.0, 0.0, 0.0, 1.0],
                [1.0, 0.0, 0.0, 0.0, 0.0, 0.999976, -0.006899, 0.06933, 0.0, 0.006899, 0.999976, -0.0, 0.0, 0.0, 0.0, 1.0],
                [1.0, 0.0, 0.0, 0.0, 0.0, 0.999875, -0.015844, 0.06933, 0.0, 0.015844, 0.999875, -0.0, 0.0, 0.0, 0.0, 1.0],
                [1.0, 0.0, 0.0, 0.0, 0.0, 0.999703, -0.024389, 0.06933, 0.0, 0.024389, 0.999703, -0.0, 0.0, 0.0, 0.0, 1.0],
                [1.0, 0.0, 0.0, 0.0, 0.0, 0.999471, -0.032522, 0.06933, 0.0, 0.032522, 0.999471, 0.0, 0.0, 0.0, 0.0, 1.0],
                [1.0, 0.0, 0.0, 0.0, 0.0, 0.999191, -0.040226, 0.06933, 0.0, 0.040226, 0.999191, 1e-06, 0.0, 0.0, 0.0, 1.0],
                [1.0, 0.0, 0.0, 0.0, 0.0, 0.998872, -0.04749, 0.06933, 0.0, 0.04749, 0.998872, -0.0, 0.0, 0.0, 0.0, 1.0],
                [1.0, 0.0, 0.0, 0.0, 0.0, 0.998525, -0.054299, 0.069331, 0.0, 0.054299, 0.998525, 0.0, 0.0, 0.0, 0.0, 1.0],
                [1.0, 0.0, 0.0, 0.0, 0.0, 0.99816, -0.06064, 0.06933, 0.0, 0.06064, 0.99816, 0.0, 0.0, 0.0, 0.0, 1.0],
                [1.0, 0.0, 0.0, 0.0, 0.0, 0.997786, -0.0665, 0.06933, 0.0, 0.0665, 0.997786, 0.0, 0.0, 0.0, 0.0, 1.0],
                [1.0, 0.0, 0.0, 0.0, 0.0, 0.997414, -0.071865, 0.06933, 0.0, 0.071865, 0.997414, -0.0, 0.0, 0.0, 0.0, 1.0],
                [1.0, 0.0, 0.0, 0.0, 0.0, 0.997052, -0.076723, 0.069331, 0.0, 0.076723, 0.997052, 0.0, 0.0, 0.0, 0.0, 1.0],
                [1.0, 0.0, 0.0, 0.0, 0.0, 0.996709, -0.08106, 0.06933, 0.0, 0.08106, 0.996709, -0.0, 0.0, 0.0, 0.0, 1.0],
                [1.0, 0.0, 0.0, 0.0, 0.0, 0.996393, -0.084862, 0.069331, 0.0, 0.084862, 0.996393, 0.0, 0.0, 0.0, 0.0, 1.0],
                [1.0, 0.0, 0.0, 0.0, 0.0, 0.99611, -0.088118, 0.06933, 0.0, 0.088118, 0.99611, 0.0, 0.0, 0.0, 0.0, 1.0],
                [1.0, 0.0, 0.0, 0.0, 0.0, 0.995868, -0.090812, 0.06933, 0.0, 0.090812, 0.995868, -0.0, 0.0, 0.0, 0.0, 1.0],
                [1.0, 0.0, 0.0, 0.0, 0.0, 0.995672, -0.092933, 0.06933, 0.0, 0.092933, 0.995672, -0.0, 0.0, 0.0, 0.0, 1.0],
