{
    "animation": [
        {
            "name": "Root",
            "time": [0.0, 0.0167, 0.0333, 0.05, 0.0667, 0.0833, 0.1, 0.1167, 0.1333, 0.15, 0.1667, 0.1833, 0.2, 0.2167, 0.2333, 0.25, 0.2667, 0.2833, 0.3, 0.3167, 0.3333, 0.35, 0.3667, 0.3833, 0.4, 0.4167, 0.4333, 0.45, 0.4667, 0.4833, 0.5, 0.5167, 0.5333, 0.55, 0.5667, 0.5833, 0.6, 0.6167, 0.6333, 0.65, 0.6667, 0.6833, 0.7, 0.7167, 0.7333, 0.75, 0.7667, 0.7833, 0.8, 0.8167, 0.8333, 0.85, 0.8667, 0.8833, 0.9, 0.9167, 0.9333, 0.95, 0.9667, 0.9833, 1.0, 1.0167, 1.0333, 1.05, 1.0667, 1.0833, 1.1, 1.1167, 1.1333, 1.15, 1.1667, 1.1833, 1.2, 1.2167, 1.2333, 1.25, 1.2667, 1.2833, 1.3, 1.3167, 1.3333, 1.35, 1.3667, 1.3833, 1.4, 1.4167, 1.4333, 1.45, 1.4667, 1.4833, 1.5, 1.5167, 1.5333, 1.55, 1.5667, 1.5833, 1.6, 1.6167, 1.6333, 1.65, 1.6667, 1.6833, 1.7, 1.7167, 1.7333, 1.75, 1.7667, 1.7833, 1.8, 1.8167, 1.8333, 1.85, 1.8667, 1.8833, 1.9, 1.9167, 1.9333, 1.95, 1.9667, 1.9833, 2.0],
            "transform": [
                [1.0, 0.0, 0.0, 0.0, 0.0, 0.0, -1.0, 0.0, 0.0, 1.0, 0.0, 0.719612, 0.0, 0.0, 0.0, 1.0],
                [1.0, 0.000163, 0.000211, 0.0, 0.00021, 0.00176, -0.999998, -0.000158, -0.000163, 0.999998, 0.00176, 0.719607, 0.0, 0.0, 0.0, 1.0],
                [0.999999, 0.000636, 0.000829, 0.0, 0.000824, 0.006906, -0.999976, -0.000619, -0.000642, 0.999976, 0.006905, 0.719569, 0.0, 0.0, 0.0, 1.0],
                [0.999997, 0.001396, 0.001835, 0.0, 0.001814, 0.015242, -0.999882, -0.001365, -0.001424, 0.999883, 0.01524, 0.719467, 0.0, 0.0, 0.0, 1.0],
                [0.999992, 0.002416, 0.003214, 0.0, 0.003148, 0.026577, -0.999642, -0.002378, -0.002501, 0.999644, 0.02657, 0.719269, 0.0, 0.0, 0.0, 1.0],
                [0.999981, 0.003667, 0.00495, 0.0, 0.004797, 0.04072, -0.999159, -0.003639, -0.003866, 0.999164, 0.040702, 0.718943, 0.0, 0.0, 0.0, 1.0],
                [0.999962, 0.005119, 0.007031, 0.0, 0.006725, 0.057477, -0.998324, -0.00513, -0.005514, 0.998334, 0.05744, 0.718455, 0.0, 0.0, 0.0, 1.0],
                [0.999933, 0.006737, 0.009444, 0.0, 0.0089, 0.076649, -0.997018, -0.006833, -0.007441, 0.997035, 0.076584, 0.717775, 0.0, 0.0, 0.0, 1.0],
                [0.99989, 0.00849, 0.012174, 0.0, 0.011284, 0.098034, -0.995119, -0.008728, -0.009642, 0.995147, 0.097927, 0.71687, 0.0, 0.0, 0.0, 1.0],
                [0.999831, 0.010342, 0.015208, 0.0, 0.013841, 0.121416, -0.992505, -0.010799, -0.012111, 0.992548, 0.121252, 0.715708, 0.0, 0.0, 0.0, 1.0],
                [0.999753, 0.01226, 0.018529, 0.0, 0.016534, 0.146573, -0.989062, -0.013025, -0.014841, 0.989124, 0.146334, 0.714256, 0.0, 0.0, 0.0, 1.0],
                [0.999654, 0.014209, 0.022119, 0.0, 0.019325, 0.173271, -0.984685, -0.01539, -0.017824, 0.984772, 0.172937, 0.712484, 0.0, 0.0, 0.0, 1.0],
                [0.999533, 0.016157, 0.025956, 0.0, 0.022177, 0.201268, -0.979285, -0.017873, -0.021046, 0.979403, 0.200816, 0.710358, 0.0, 0.0, 0.0, 1.0],
                [0.999386, 0.018071, 0.030016, 0.0, 0.025053, 0.230312, -0.972794, -0.020459, -0.024493, 0.972949, 0.229718, 0.707846, 0.0, 0.0, 0.0, 1.0],
                [0.999214, 0.019923, 0.034273, 0.0, 0.027918, 0.260143, -0.965167, -0.023126, -0.028145, 0.965365, 0.259382, 0.704916, 0.0, 0.0, 0.0, 1.0],
                [0.999016, 0.021686, 0.038696, 0.0, 0.030739, 0.290497, -0.956382, -0.025859, -0.031982, 0.95663, 0.289545, 0.701537, 0.0, 0.0, 0.0, 1.0],
                [0.998792, 0.023337, 0.043254, 0.0, 0.033484, 0.321112, -0.946449, -0.028637, -0.035976, 0.946754, 0.319942, 0.697675, 0.0, 0.0, 0.0, 1.0],
                [0.998542, 0.024855, 0.047911, 0.0, 0.036127, 0.351723, -0.935407, -0.031443, -0.040101, 0.935774, 0.350312, 0.6933, 0.0, 0.0, 0.0, 1.0],
                [0.99827, 0.026225, 0.052631, 0.0, 0.038642, 0.382074, -0.923323, -0.034258, -0.044323, 0.92376, 0.380399, 0.688378, 0.0, 0.0, 0.0, 1.0],
                [0.997976, 0.027435, 0.057374, 0.0, 0.04101, 0.411918, -0.910298, -0.037063, -0.048608, 0.910808, 0.409959, 0.682878, 0.0, 0.0, 0.0, 1.0],
                [0.997663, 0.028481, 0.062103, 0.0, 0.043213, 0.441021, -0.896456, -0.039841, -0.05292, 0.897045, 0.43876, 0.676767, 0.0, 0.0, 0.0, 1.0],
                [0.997336, 0.029358, 0.066776, 0.0, 0.04524, 0.469165, -0.881951, -0.042574, -0.057221, 0.882623, 0.466587, 0.670014, 0.0, 0.0, 0.0, 1.0],
                [0.996998, 0.030071, 0.071354, 0.0, 0.047083, 0.496149, -0.86696, -0.045241, -0.061472, 0.867717, 0.493243, 0.662586, 0.0, 0.0, 0.0, 1.0],
                [0.996653, 0.030624, 0.075798, 0.0, 0.048739, 0.521793, -0.851678, -0.047827, -0.065633, 0.852522, 0.518554, 0.65445, 0.0, 0.0, 0.0, 1.0],
                [0.996306, 0.03103, 0.080069, 0.0, 0.050208, 0.54594, -0.836319, -0.050311, -0.069664, 0.83725, 0.542365, 0.645576, 0.0, 0.0, 0.0, 1.0],
                [0.995963, 0.031302, 0.084131, 0.0, 0.051495, 0.568449, -0.821105, -0.052675, -0.073527, 0.822123, 0.564542, 0.635931, 0.0, 0.0, 0.0, 1.0],
                [0.995628, 0.031457, 0.08795, 0.0, 0.052607, 0.589202, -0.806271, -0.054902, -0.077183, 0.807373, 0.584971, 0.625482, 0.0, 0.0, 0.0, 1.0],
                [0.995307, 0.031513, 0.09149, 0.0, 0.053553, 0.608098, -0.792054, -0.056972, -0.080595, 0.793236, 0.603557, 0.614198, 0.0, 0.0, 0.0, 1.0],
                [0.995006, 0.031491, 0.094721, 0.0, 0.054346, 0.62505, -0.77869, -0.058867, -0.083727, 0.779949, 0.620217, 0.602046, 0.0, 0.0, 0.0, 1.0],
                [0.994729, 0.031412, 0.097612, 0.0, 0.054998, 0.639983, -0.766418, -0.06057, -0.086544, 0.767747, 0.634882, 0.588994, 0.0, 0.0, 0.0, 1.0],
                [0.994482, 0.031297, 0.100134, 0.0, 0.055523, 0.652829, -0.755468, -0.062061, -0.089014, 0.756859, 0.647489, 0.575011, 0.0, 0.0, 0.0, 1.0],
                [0.994269, 0.031167, 0.102259, 0.0, 0.055933, 0.663522, -0.746063, -0.063322, -0.091104, 0.747507, 0.657977, 0.560063, 0.0, 0.0, 0.0, 1.0],
                [0.994097, 0.031041, 0.103961, 0.0, 0.056239, 0.671994, -0.738418, -0.064335, -0.092782, 0.739905, 0.666282, 0.54412, 0.0, 0.0, 0.0, 1.0],
                [0.993969, 0.030936, 0.105211, 0.0, 0.056453, 0.67817, -0.732734, -0.065081, -0.094019, 0.734254, 0.672333, 0.527148, 0.0, 0.0, 0.0, 1.0],
                [0.993889, 0.030865, 0.105983, 0.0, 0.056579, 0.681958, -0.729199, -0.065542, -0.094783, 0.73074, 0.676044, 0.509115, 0.0, 0.0, 0.0, 1.0],
                [0.993861, 0.03084, 0.106246, 0.0, 0.056622, 0.683249, -0.727987, -0.0657, -0.095044, 0.729534, 0.677309, 0.48999, 0.0, 0.0, 0.0, 1.0],
                [0.993861, 0.03084, 0.106246, 0.0, 0.056622, 0.683249, -0.727987, -0.0657, -0.095044, 0.729534, 0.677309, 0.467028, 0.0, 0.0, 0.0, 1.0],
                [0.993861, 0.03084, 0.106246, 0.0, 0.056622, 0.683249, -0.727987, -0.0657, -0.095044, 0.729534, 0.677309, 0.438235, 0.0, 0.0, 0.0, 1.0],
                [0.993861, 0.03084, 0.106246, 0.0, 0.056622, 0.683249, -0.727987, -0.0657, -0.095044, 0.729534, 0.677309, 0.404712, 0.0, 0.0, 0.0, 1.0],
                [0.993861, 0.03084, 0.106246, 0.0, 0.056622, 0.683249, -0.727987, -0.0657, -0.095044, 0.729534, 0.677309, 0.367557, 0.0, 0.0, 0.0, 1.0],
                [0.993861, 0.03084, 0.106246, 0.0, 0.056622, 0.683249, -0.727987, -0.0657, -0.095044, 0.729534, 0.677309, 0.327868, 0.0, 0.0, 0.0, 1.0],
                [0.993861, 0.03084, 0.106246, 0.0, 0.056622, 0.683249, -0.727987, -0.0657, -0.095044, 0.729534, 0.677309, 0.286745, 0.0, 0.0, 0.0, 1.0],
                [0.993861, 0.03084, 0.106246, 0.0, 0.056622, 0.683249, -0.727987, -0.0657, -0.095044, 0.729534, 0.677309, 0.245286, 0.0, 0.0, 0.0, 1.0],
                [0.993861, 0.03084, 0.106246, 0.0, 0.056622, 0.683249, -0.727987, -0.0657, -0.095044, 0.729534, 0.677309, 0.20459, 0.0, 0.0, 0.0, 1.0],
                [0.993861, 0.03084, 0.106246, 0.0, 0.056622, 0.683249, -0.727987, -0.0657, -0.095044, 0.729534, 0.677309, 0.165755, 0.0, 0.0, 0.0, 1.0],
                [0.993861, 0.03084, 0.106246, 0.0, 0.056622, 0.683249, -0.727987, -0.0657, -0.095044, 0.729534, 0.677309, 0.12988, 0.0, 0.0, 0.0, 1.0],
                [0.993861, 0.03084, 0.106246, 0.0, 0.056622, 0.683249, -0.727987, -0.0657, -0.095044, 0.729534, 0.677309, 0.098064, 0.0, 0.0, 0.0, 1.0],
                [0.993861, 0.03084, 0.106246, 0.0, 0.056622, 0.683249, -0.727987, -0.0657, -0.095044, 0.729534, 0.677309, 0.071406, 0.0, 0.0, 0.0, 1.0],
                [0.993861, 0.03084, 0.106246, 0.0, 0.056622, 0.683249, -0.727987, -0.0657, -0.095044, 0.729534, 0.677309, 0.051004, 0.0, 0.0, 0.0, 1.0],
                [0.993861, 0.03084, 0.106246, 0.0, 0.056622, 0.683249, -0.727987, -0.0657, -0.095044, 0.729534, 0.677309, 0.037957, 0.0, 0.0, 0.0, 1.0],
                [0.993861, 0.03084, 0.106246, 0.0, 0.056622, 0.683249, -0.727987, -0.0657, -0.095044, 0.729534, 0.677309, 0.033364, 0.0, 0.0, 0.0, 1.0],
                [0.993861, 0.03084, 0.106246, 0.0, 0.056622, 0.683249, -0.727987, -0.0657, -0.095044, 0.729534, 0.677309, 0.03341, 0.0, 0.0, 0.0, 1.0],
                [0.993861, 0.03084, 0.106246, 0.0, 0.056622, 0.683249, -0.727987, -0.0657, -0.095044, 0.729534, 0.677309, 0.033542, 0.0, 0.0, 0.0, 1.0],
                [0.993861, 0.03084, 0.106246, 0.0, 0.056622, 0.683249, -0.727987, -0.0657, -0.095044, 0.729534, 0.677309, 0.033758, 0.0, 0.0, 0.0, 1.0],
                [0.993861, 0.03084, 0.106246, 0.0, 0.056622, 0.683249, -0.727987, -0.0657, -0.095044, 0.729534, 0.677309, 0.03405, 0.0, 0.0, 0.0, 1.0],
                [0.993861, 0.03084, 0.106246, 0.0, 0.056622, 0.683249, -0.727987, -0.0657, -0.095044, 0.729534, 0.677309, 0.034414, 0.0, 0.0, 0.0, 1.0],
                [0.993861, 0.03084, 0.106246, 0.0, 0.056622, 0.683249, -0.727987, -0.0657, -0.095044, 0.729534, 0.677309, 0.034845, 0.0, 0.0, 0.0, 1.0],
                [0.993861, 0.03084, 0.106246, 0.0, 0.056622, 0.683249, -0.727987, -0.0657, -0.095044, 0.729534, 0.677309, 0.035338, 0.0, 0.0, 0.0, 1.0],
                [0.993861, 0.03084, 0.106246, 0.0, 0.056622, 0.683249, -0.727987, -0.0657, -0.095044, 0.729534, 0.677309, 0.035887, 0.0, 0.0, 0.0, 1.0],
                [0.993861, 0.03084, 0.106246, 0.0, 0.056622, 0.683249, -0.727987, -0.0657, -0.095044, 0.729534, 0.677309, 0.036488, 0.0, 0.0, 0.0, 1.0],
                [0.993861, 0.03084, 0.106246, 0.0, 0.056622, 0.683249, -0.727987, -0.0657, -0.095044, 0.729534, 0.677309, 0.037135, 0.0, 0.0, 0.0, 1.0],
                [0.993861, 0.03084, 0.106246, 0.0, 0.056622, 0.683249, -0.727987, -0.0657, -0.095044, 0.729534, 0.677309, 0.037823, 0.0, 0.0, 0.0, 1.0],
                [0.993861, 0.03084, 0.106246, 0.0, 0.056622, 0.683249, -0.727987, -0.0657, -0.095044, 0.729534, 0.677309, 0.038547, 0.0, 0.0, 0.0, 1.0],
                [0.993861, 0.03084, 0.106246, 0.0, 0.056622, 0.683249, -0.727987, -0.0657, -0.095044, 0.729534, 0.677309, 0.039302, 0.0, 0.0, 0.0, 1.0],
                [0.993861, 0.03084, 0.106246, 0.0, 0.056622, 0.683249, -0.727987, -0.0657, -0.095044, 0.729534, 0.677309, 0.040083, 0.0, 0.0, 0.0, 1.0],
                [0.993861, 0.03084, 0.106246, 0.0, 0.056622, 0.683249, -0.727987, -0.0657, -0.095044, 0.729534, 0.677309, 0.040884, 0.0, 0.0, 0.0, 1.0],
                [0.993861, 0.03084, 0.106246, 0.0, 0.056622, 0.683249, -0.727987, -0.0657, -0.095044, 0.729534, 0.677309, 0.041701, 0.0, 0.0, 0.0, 1.0],
                [0.993861, 0.03084, 0.106246, 0.0, 0.056622, 0.683249, -0.727987, -0.0657, -0.095044, 0.729534, 0.677309, 0.042528, 0.0, 0.0, 0.0, 1.0],
                [0.993861, 0.03084, 0.106246, 0.0, 0.056622, 0.683249, -0.727987, -0.0657, -0.095044, 0.729534, 0.677309, 0.04336, 0.0, 0.0, 0.0, 1.0],
                [0.993861, 0.03084, 0.106246, 0.0, 0.056622, 0.683249, -0.727987, -0.0657, -0.095044, 0.729534, 0.677309, 0.044192, 0.0, 0.0, 0.0, 1.0],
                [0.993861, 0.03084, 0.106246, 0.0, 0.056622, 0.683249, -0.727987, -0.0657, -0.095044, 0.729534, 0.677309, 0.04502, 0.0, 0.0, 0.0, 1.0],
                [0.993861, 0.03084, 0.106246, 0.0, 0.056622, 0.683249, -0.727987, -0.0657, -0.095044, 0.729534, 0.677309, 0.045836, 0.0, 0.0, 0.0, 1.0],
                [0.993861, 0.03084, 0.106246, 0.0, 0.056622, 0.683249, -0.727987, -0.0657, -0.095044, 0.729534, 0.677309, 0.046637, 0.0, 0.0, 0.0, 1.0],
                [0.993861, 0.03084, 0.106246, 0.0, 0.056622, 0.683249, -0.727987, -0.0657, -0.095044, 0.729534, 0.677309, 0.047418, 0.0, 0.0, 0.0, 1.0],
                [0.993861, 0.03084, 0.106246, 0.0, 0.056622, 0.683249, -0.727987, -0.0657, -0.095044, 0.729534, 0.677309, 0.048173, 0.0, 0.0, 0.0, 1.0],
                [0.993861, 0.03084, 0.106246, 0.0, 0.056622, 0.683249, -0.727987, -0.0657, -0.095044, 0.729534, 0.677309, 0.048897, 0.0, 0.0, 0.0, 1.0],
                [0.993861, 0.03084, 0.106246, 0.0, 0.056622, 0.683249, -0.727987, -0.0657, -0.095044, 0.729534, 0.677309, 0.049586, 0.0, 0.0, 0.0, 1.0],
                [0.993861, 0.03084, 0.106246, 0.0, 0.056622, 0.683249, -0.727987, -0.0657, -0.095044, 0.729534, 0.677309, 0.050233, 0.0, 0.0, 0.0, 1.0],
                [0.993861, 0.03084, 0.106246, 0.0, 0.056622, 0.683249, -0.727987, -0.0657, -0.095044, 0.729534, 0.677309, 0.050833, 0.0, 0.0, 0.0, 1.0],
                [0.993861, 0.03084, 0.106246, 0.0, 0.056622, 0.683249, -0.727987, -0.0657, -0.095044, 0.729534, 0.677309, 0.051383, 0.0, 0.0, 0.0, 1.0],
                [0.993861, 0.03084, 0.106246, 0.0, 0.056622, 0.683249, -0.727987, -0.0657, -0.095044, 0.729534, 0.677309, 0.051875, 0.0, 0.0, 0.0, 1.0],
                [0.993861, 0.03084, 0.106246, 0.0, 0.056622, 0.683249, -0.727987, -0.0657, -0.095044, 0.729534, 0.677309, 0.052307, 0.0, 0.0, 0.0, 1.0],
                [0.993861, 0.03084, 0.106246, 0.0, 0.056622, 0.683249, -0.727987, -0.0657, -0.095044, 0.729534, 0.677309, 0.052671, 0.0, 0.0, 0.0, 1.0],
                [0.993861, 0.03084, 0.106246, 0.0, 0.056622, 0.683249, -0.727987, -0.0657, -0.095044, 0.729534, 0.677309, 0.052963, 0.0, 0.0, 0.0, 1.0],
                [0.993861, 0.03084, 0.106246, 0.0, 0.056622, 0.683249, -0.727987, -0.0657, -0.095044, 0.729534, 0.677309, 0.053178, 0.0, 0.0, 0.0, 1.0],
                [0.993861, 0.03084, 0.106246, 0.0, 0.056622, 0.683249, -0.727987, -0.0657, -0.095044, 0.729534, 0.677309, 0.053311, 0.0, 0.0, 0.0, 1.0],
                [0.993861, 0.03084, 0.106246, 0.0, 0.056622, 0.683249, -0.727987, -0.0657, -0.095044, 0.729534, 0.677309, 0.053356, 0.0, 0.0, 0.0, 1.0],
                [0.993861, 0.03084, 0.106246, 0.0, 0.056622, 0.683249, -0.727987, -0.0657, -0.095044, 0.729534, 0.677309, 0.050995, 0.0, 0.0, 0.0, 1.0],
                [0.993861, 0.03084, 0.106246, 0.0, 0.056622, 0.683249, -0.727987, -0.0657, -0.095044, 0.729534, 0.677309, 0.044101, 0.0, 0.0, 0.0, 1.0],
                [0.993861, 0.03084, 0.106246, 0.0, 0.056622, 0.683249, -0.727987, -0.0657, -0.095044, 0.729534, 0.677309, 0.032958, 0.0, 0.0, 0.0, 1.0],
                [0.993861, 0.03084, 0.106246, 0.0, 0.056622, 0.683249, -0.727987, -0.0657, -0.095044, 0.729534, 0.677309, 0.017848, 0.0, 0.0, 0.0, 1.0],
                [0.993861, 0.03084, 0.106246, 0.0, 0.056622, 0.683249, -0.727987, -0.0657, -0.095044, 0.729534, 0.677309, -0.000945, 0.0, 0.0, 0.0, 1.0],
                [0.993861, 0.03084, 0.106246, 0.0, 0.056622, 0.683249, -0.727987, -0.0657, -0.095044, 0.729534, 0.677309, -0.023138, 0.0, 0.0, 0.0, 1.0],
                [0.993861, 0.03084, 0.106246, 0.0, 0.056622, 0.683249, -0.727987, -0.0657, -0.095044, 0.729534, 0.677309, -0.048448, 0.0, 0.0, 0.0, 1.0],
                [0.993861, 0.03084, 0.106246, 0.0, 0.056622, 0.683249, -0.727987, -0.0657, -0.095044, 0.729534, 0.677309, -0.07659, 0.0, 0.0, 0.0, 1.0],
                [0.993861, 0.03084, 0.106246, 0.0, 0.056622, 0.683249, -0.727987, -0.0657, -0.095044, 0.729534, 0.677309, -0.107283, 0.0, 0.0, 0.0, 1.0],
                [0.993861, 0.03084, 0.106246, 0.0, 0.056622, 0.683249, -0.727987, -0.0657, -0.095044, 0.729534, 0.677309, -0.140242, 0.0, 0.0, 0.0, 1.0],
                [0.993861, 0.03084, 0.106246, 0.0, 0.056622, 0.683249, -0.727987, -0.0657, -0.095044, 0.729534, 0.677309, -0.175184, 0.0, 0.0, 0.0, 1.0],
                [0.993861, 0.03084, 0.106246, 0.0, 0.056622, 0.683249, -0.727987, -0.0657, -0.095044, 0.729534, 0.677309, -0.211826, 0.0, 0.0, 0.0, 1.0],
                [0.993861, 0.03084, 0.106246, 0.0, 0.056622, 0.683249, -0.727987, -0.0657, -0.095044, 0.729534, 0.677309, -0.249884, 0.0, 0.0, 0.0, 1.0],
                [0.993861, 0.03084, 0.106246, 0.0, 0.056622, 0.683249, -0.727987, -0.0657, -0.095044, 0.729534, 0.677309, -0.289076, 0.0, 0.0, 0.0, 1.0],
                [0.993861, 0.03084, 0.106246, 0.0, 0.056622, 0.683249, -0.727987, -0.0657, -0.095044, 0.729534, 0.677309, -0.329118, 0.0, 0.0, 0.0, 1.0],
                [0.993861, 0.03084, 0.106246, 0.0, 0.056622, 0.683249, -0.727987, -0.0657, -0.095044, 0.729534, 0.677309, -0.369726, 0.0, 0.0, 0.0, 1.0],
                [0.993861, 0.03084, 0.106246, 0.0, 0.056622, 0.683249, -0.727987, -0.0657, -0.095044, 0.729534, 0.677309, -0.410618, 0.0, 0.0, 0.0, 1.0],
                [0.993861, 0.03084, 0.106246, 0.0, 0.056622, 0.683249, -0.727987, -0.0657, -0.095044, 0.729534, 0.677309, -0.45151, 0.0, 0.0, 0.0, 1.0],
                [0.993861, 0.03084, 0.106246, 0.0, 0.056622, 0.683249, -0.727987, -0.0657, -0.095044, 0.729534, 0.677309, -0.492118, 0.0, 0.0, 0.0, 1.0],
                [0.993861, 0.03084, 0.106246, 0.0, 0.056622, 0.683249, -0.727987, -0.0657, -0.095044, 0.729534, 0.677309, -0.53216, 0.0, 0.0, 0.0, 1.0],
                [0.993861, 0.03084, 0.106246, 0.0, 0.056622, 0.683249, -0.727987, -0.0657, -0.095044, 0.729534, 0.677309, -0.571352, 0.0, 0.0, 0.0, 1.0],
                [0.993861, 0.03084, 0.106246, 0.0, 0.056622, 0.683249, -0.727987, -0.0657, -0.095044, 0.729534, 0.677309, -0.60941, 0.0, 0.0, 0.0, 1.0],
                [0.993861, 0.03084, 0.106246, 0.0, 0.056622, 0.683249, -0.727987, -0.0657, -0.095044, 0.729534, 0.677309, -0.646052, 0.0, 0.0, 0.0, 1.0],
                [0.993861, 0.03084, 0.106246, 0.0, 0.056622, 0.683249, -0.727987, -0.0657, -0.095044, 0.729534, 0.677309, -0.680995, 0.0, 0.0, 0.0, 1.0],
                [0.993861, 0.03084, 0.106246, 0.0, 0.056622, 0.683249, -0.727987, -0.0657, -0.095044, 0.729534, 0.677309, -0.713953, 0.0, 0.0, 0.0, 1.0],
                [0.993861, 0.03084, 0.106246, 0.0, 0.056622, 0.683249, -0.727987, -0.0657, -0.095044, 0.729534, 0.677309, -0.744646, 0.0, 0.0, 0.0, 1.0],
                [0.993861, 0.03084, 0.106246, 0.0, 0.056622, 0.683249, -0.727987, -0.0657, -0.095044, 0.729534, 0.677309, -0.772789, 0.0, 0.0, 0.0, 1.0],
                [0.993861, 0.03084, 0.106246, 0.0, 0.056622, 0.683249, -0.727987, -0.0657, -0.095044, 0.729534, 0.677309, -0.798098, 0.0, 0.0, 0.0, 1.0],
                [0.993861, 0.03084, 0.106246, 0.0, 0.056622, 0.683249, -0.727987, -0.0657, -0.095044, 0.729534, 0.677309, -0.820291, 0.0, 0.0, 0.0, 1.0],
                [0.993861, 0.03084, 0.106246, 0.0, 0.056622, 0.683249, -0.727987, -0.0657, -0.095044, 0.729534, 0.677309, -0.839084, 0.0, 0.0, 0.0, 1.0],
                [0.993861, 0.03084, 0.106246, 0.0, 0.056622, 0.683249, -0.727987, -0.0657, -0.095044, 0.729534, 0.677309, -0.854194, 0.0, 0.0, 0.0, 1.0],
                [0.993861, 0.03084, 0.106246, 0.0, 0.056622, 0.683249, -0.727987, -0.0657, -0.095044, 0.729534, 0.677309, -0.865338, 0.0, 0.0, 0.0, 1.0],
                [0.993861, 0.03084, 0.106246, 0.0, 0.056622, 0.683249, -0.727987, -0.0657, -0.095044, 0.729534, 0.677309, -0.872232, 0.0, 0.0, 0.0, 1.0],
                [0.993861, 0.03084, 0.106246, 0.0, 0.056622, 0.683249, -0.727987, -0.0657, -0.095044, 0.729534, 0.677309, -0.874593, 0.0, 0.0, 0.0, 1.0]
            ]
        },
        {
            "name": "body",
            "time": [0.0, 0.0167, 0.0333, 0.05, 0.0667, 0.0833, 0.1, 0.1167, 0.1333, 0.15, 0.1667, 0.1833, 0.2, 0.2167, 0.2333, 0.25, 0.2667, 0.2833, 0.3, 0.3167, 0.3333, 0.35, 0.3667, 0.3833, 0.4, 0.4167, 0.4333, 0.45, 0.4667, 0.4833, 0.5, 0.5167, 0.5333, 0.55, 0.5667, 0.5833, 0.6, 0.6167, 0.6333, 0.65, 0.6667, 0.6833, 0.7, 0.7167, 0.7333, 0.75, 0.7667, 0.7833, 0.8, 0.8167, 0.8333, 0.85, 0.8667, 0.8833, 0.9, 0.9167, 0.9333, 0.95, 0.9667, 0.9833, 1.0, 1.0167, 1.0333, 1.05, 1.0667, 1.0833, 1.1, 1.1167, 1.1333, 1.15, 1.1667, 1.1833, 1.2, 1.2167, 1.2333, 1.25, 1.2667, 1.2833, 1.3, 1.3167, 1.3333, 1.35, 1.3667, 1.3833, 1.4, 1.4167, 1.4333, 1.45, 1.4667, 1.4833, 1.5, 1.5167, 1.5333, 1.55, 1.5667, 1.5833, 1.6, 1.6167, 1.6333, 1.65, 1.6667, 1.6833, 1.7, 1.7167, 1.7333, 1.75, 1.7667, 1.7833, 1.8, 1.8167, 1.8333, 1.85, 1.8667, 1.8833, 1.9, 1.9167, 1.9333, 1.95, 1.9667, 1.9833, 2.0],
            "transform": [
                [1.0, 0.0, 0.0, 0.0, 0.0, 0.995409, -0.095708, 0.06933, 0.0, 0.095708, 0.995409, 0.0, 0.0, 0.0, 0.0, 1.0],
                [1.0, 0.0, -0.0, -0.0, -0.0, 0.995458, -0.0952, 0.06933, 0.0, 0.0952, 0.995458, -0.0, 0.0, 0.0, 0.0, 1.0],
                [1.0, -0.0, -0.0, -0.0, 0.0, 0.995599, -0.093715, 0.06933, -0.0, 0.093715, 0.995599, -0.0, 0.0, 0.0, 0.0, 1.0],
                [1.0, -0.0, -0.0, -0.0, 0.0, 0.995822, -0.091313, 0.06933, 0.0, 0.091313, 0.995822, 0.0, 0.0, 0.0, 0.0, 1.0],
                [1.0, -0.0, -0.0, 0.0, -0.0, 0.996116, -0.088051, 0.06933, -0.0, 0.088051, 0.996116, 0.0, 0.0, 0.0, 0.0, 1.0],
                [1.0, -0.0, -0.0, 0.0, -0.0, 0.996467, -0.083987, 0.06933, 0.0, 0.083987, 0.996467, -0.0, 0.0, 0.0, 0.0, 1.0],
                [1.0, -0.0, 0.0, 0.0, 0.0, 0.99686, -0.07918, 0.06933, -0.0, 0.07918, 0.99686, -0.0, 0.0, 0.0, 0.0, 1.0],
                [1.0, 0.0, -0.0, 0.0, 0.0, 0.997281, -0.073688, 0.06933, -0.0, 0.073688, 0.997281, 0.0, 0.0, 0.0, 0.0, 1.0],
                [1.0, -0.0, 0.0, -0.0, 0.0, 0.997715, -0.067569, 0.06933, -0.0, 0.067569, 0.997715, -0.0, 0.0, 0.0, 0.0, 1.0],
                [1.0, -0.0, -0.0, 0.0, 0.0, 0.998145, -0.060881, 0.06933, 0.0, 0.060881, 0.998145, -0.0, 0.0, 0.0, 0.0, 1.0],
                [1.0, 0.0, -0.0, 0.0, 0.0, 0.998558, -0.053683, 0.06933, 0.0, 0.053683, 0.998558, -0.0, 0.0, 0.0, 0.0, 1.0],
                [1.0, -0.0, 0.0, -0.0, 0.0, 0.99894, -0.046035, 0.06933, -0.0, 0.046035, 0.99894, -0.0, 0.0, 0.0, 0.0, 1.0],
                [1.0, -0.0, 0.0, -0.0, 0.0, 0.999278, -0.037995, 0.06933, 0.0, 0.037995, 0.999278, -0.0, 0.0, 0.0, 0.0, 1.0],
                [1.0, -0.0, 0.0, 0.0, 0.0, 0.999561, -0.029624, 0.06933, -0.0, 0.029624, 0.999561, 0.0, 0.0, 0.0, 0.0, 1.0],
                [1.0, -0.0, -0.0, -0.0, 0.0, 0.99978, -0.020981, 0.06933, 0.0, 0.020981, 0.99978, 0.0, 0.0, 0.0, 0.0, 1.0],
                [1.0, -0.0, 0.0, -0.0, 0.0, 0.999926, -0.012127, 0.06933, 0.0, 0.012127, 0.999926, -0.0, 0.0, 0.0, 0.0, 1.0],
                [1.0, 0.0, -0.0, 0.0, -0.0, 0.999995, -0.003122, 0.06933, -0.0, 0.003122, 0.999995, -0.0, 0.0, 0.0, 0.0, 1.0],
                [1.0, -0.0, -0.0, -0.0, -0.0, 0.999982, 0.005973, 0.069331, 0.0, -0.005973, 0.999982, 0.0, 0.0, 0.0, 0.0, 1.0],
                [1.0, -0.0, 0.0, 0.0, 0.0, 0.999886, 0.015098, 0.06933, -0.0, -0.015098, 0.999886, 0.0, 0.0, 0.0, 0.0, 1.0],
                [1.0, -0.0, 0.0, 0.0, 0.0, 0.999707, 0.024192, 0.06933, 0.0, -0.024192, 0.999707, 0.0, 0.0, 0.0, 0.0, 1.0],
                [1.0, -0.0, 0.0, 0.0, 0.0, 0.999449, 0.033193, 0.06933, 0.0, -0.033193, 0.999449, -0.0, 0.0, 0.0, 0.0, 1.0],
                [1.0, 0.0, 0.0, 0.0, 0.0, 0.999116, 0.042042, 0.06933, -0.0, -0.042042, 0.999116, -0.0, 0.0, 0.0, 0.0, 1.0],
                [1.0, 0.0, 0.0, -0.0, 0.0, 0.998715, 0.050679, 0.06933, -0.0, -0.050679, 0.998715, 0.0, 0.0, 0.0, 0.0, 1.0],
                [1.0, 0.0, -0.0, -0.0, 0.0, 0.998256, 0.059042, 0.06933, 0.0, -0.059042, 0.998256, -0.0, 0.0, 0.0, 0.0, 1.0],
                [1.0, 0.0, -0.0, 0.0, 0.0, 0.997748, 0.067073, 0.06933, 0.0, -0.067073, 0.997748, 0.0, 0.0, 0.0, 0.0, 1.0],
                [1.0, 0.0, 0.0, 0.0, 0.0, 0.997205, 0.074711, 0.06933, -0.0, -0.074711, 0.997205, -0.0, 0.0, 0.0, 0.0, 1.0],
                [1.0, -0.0, 0.0, -0.0, 0.0, 0.996641, 0.081899, 0.06933, 0.0, -0.081899, 0.99664, -0.0, 0.0, 0.0, 0.0, 1.0],
                [1.0, -0.0, -0.0, -0.0, 0.0, 0.99607, 0.088576, 0.06933, 0.0, -0.088576, 0.99607, 0.0, 0.0, 0.0, 0.0, 1.0],
                [1.0, 0.0, 0.0, -0.0, -0.0, 0.995507, 0.094685, 0.06933, 0.0, -0.094685, 0.995507, -0.0, 0.0, 0.0, 0.0, 1.0],
                [1.0, -0.0, 0.0, -0.0, 0.0, 0.994971, 0.100167, 0.06933, -0.0, -0.100167, 0.994971, 0.0, 0.0, 0.0, 0.0, 1.0],
                [1.0, -0.0, 0.0, -0.0, 0.0, 0.994476, 0.104965, 0.069331, -0.0, -0.104965, 0.994476, 0.0, 0.0, 0.0, 0.0, 1.0],
                [1.0, -0.0, -0.0, -0.0, 0.0, 0.99404, 0.10902, 0.06933, 0.0, -0.10902, 0.99404, -0.0, 0.0, 0.0, 0.0, 1.0],
                [1.0, 0.0, 0.0, -0.0, 0.0, 0.993677, 0.112275, 0.06933, -0.0, -0.112275, 0.993677, 0.0, 0.0, 0.0, 0.0, 1.0],
                [1.0, 0.0, 0.0, -0.0, -0.0, 0.993403, 0.114673, 0.069331, 0.0, -0.114673, 0.993403, 0.0, 0.0, 0.0, 0.0, 1.0],
                [1.0, -0.0, -0.0, -0.0, 0.0, 0.993231, 0.116154, 0.06933, 0.0, -0.116154, 0.993231, -0.0, 0.0, 0.0, 0.0, 1.0],
                [1.0, 0.0, -0.0, 0.0, 0.0, 0.993172, 0.11666, 0.06933, 0.0, -0.11666, 0.993172, 0.0, 0.0, 0.0, 0.0, 1.0],
                [1.0, 0.0, -0.0, -0.0, 0.0, 0.993172, 0.11666, 0.06933, -0.0, -0.11666, 0.993172, 0.0, 0.0, 0.0, 0.0, 1.0],
                [1.0, 0.0, -0.0, 0.0, 0.0, 0.993172, 0.11666, 0.06933, 0.0, -0.11666, 0.993172, -0.0, 0.0, 0.0, 0.0, 1.0],
                [1.0, -0.0, -0.0, 0.0, 0.0, 0.993172, 0.11666, 0.06933, 0.0, -0.11666, 0.993172, -0.0, 0.0, 0.0, 0.0, 1.0],
                [1.0, 0.0, -0.0, -0.0, 0.0, 0.993172, 0.11666, 0.06933, 0.0, -0.11666, 0.993172, -0.0, 0.0, 0.0, 0.0, 1.0],
                [1.0, -0.0, -0.0, -0.0, 0.0, 0.993172, 0.11666, 0.06933, 0.0, -0.11666, 0.993172, -0.0, 0.0, 0.0, 0.0, 1.0],
                [1.0, 0.0, -0.0, 0.0, 0.0, 0.993172, 0.11666, 0.06933, 0.0, -0.11666, 0.993172, -0.0, 0.0, 0.0, 0.0, 1.0],
                [1.0, -0.0, -0.0, -0.0, 0.0, 0.993172, 0.11666, 0.06933, 0.0, -0.11666, 0.993172, 0.0, 0.0, 0.0, 0.0, 1.0],
                [1.0, 0.0, -0.0, 0.0, 0.0, 0.993172, 0.11666, 0.06933, 0.0, -0.11666, 0.993172, -0.0, 0.0, 0.0, 0.0, 1.0],
                [1.0, -0.0, -0.0, -0.0, 0.0, 0.993172, 0.11666, 0.06933, 0.0, -0.11666, 0.993172, -0.0, 0.0, 0.0, 0.0, 1.0],
                [1.0, 0.0, -0.0, 0.0, 0.0, 0.993172, 0.11666, 0.06933, 0.0, -0.11666, 0.993172, -0.0, 0.0, 0.0, 0.0, 1.0],
                [1.0, -0.0, -0.0, -0.0, 0.0, 0.993172, 0.11666, 0.06933, 0.0, -0.11666, 0.993172, -0.0, 0.0, 0.0, 0.0, 1.0],
                [1.0, 0.0, -0.0, 0.0, 0.0, 0.993172, 0.11666, 0.06933, 0.0, -0.11666, 0.993172, -0.0, 0.0, 0.0, 0.0, 1.0],
                [1.0, -0.0, -0.0, -0.0, 0.0, 0.993172, 0.11666, 0.06933, 0.0, -0.11666, 0.993172, -0.0, 0.0, 0.0, 0.0, 1.0],
                [1.0, 0.0, -0.0, 0.0, 0.0, 0.993172, 0.11666, 0.06933, 0.0, -0.11666, 0.993172, -0.0, 0.0, 0.0, 0.0, 1.0],
                [1.0, -0.0, -0.0, 0.0, 0.0, 0.993172, 0.11666, 0.06933, 0.0, -0.11666, 0.993172, -0.0, 0.0, 0.0, 0.0, 1.0],
                [1.0, 0.0, -0.0, 0.0, 0.0, 0.993172, 0.11666, 0.06933, 0.0, -0.11666, 0.993172, -0.0, 0.0, 0.0, 0.0, 1.0],
                [1.0, -0.0, -0.0, 0.0, 0.0, 0.993172, 0.11666, 0.06933, 0.0, -0.11666, 0.993172, 0.0, 0.0, 0.0, 0.0, 1.0],
                [1.0, 0.0, -0.0, -0.0, 0.0, 0.993172, 0.11666, 0.06933, 0.0, -0.11666, 0.993172, -0.0, 0.0, 0.0, 0.0, 1.0],
                [1.0, -0.0, -0.0, -0.0, 0.0, 0.993172, 0.11666, 0.06933, 0.0, -0.11666, 0.993172, -0.0, 0.0, 0.0, 0.0, 1.0],
                [1.0, 0.0, -0.0, -0.0, 0.0, 0.993172, 0.11666, 0.06933, 0.0, -0.11666, 0.993172, -0.0, 0.0, 0.0, 0.0, 1.0],
                [1.0, -0.0, -0.0, -0.0, 0.0, 0.993172, 0.11666, 0.06933, 0.0, -0.11666, 0.993172, -0.0, 0.0, 0.0, 0.0, 1.0],
                [1.0, 0.0, -0.0, 0.0, 0.0, 0.993172, 0.11666, 0.06933, 0.0, -0.11666, 0.993172, -0.0, 0.0, 0.0, 0.0, 1.0],
                [1.0, -0.0, -0.0, -0.0, 0.0, 0.993172, 0.11666, 0.06933, 0.0, -0.11666, 0.993172, -0.0, 0.0, 0.0, 0.0, 1.0],
                [1.0, 0.0, -0.0, 0.0, 0.0, 0.993172, 0.11666, 0.06933, 0.0, -0.11666, 0.993172, -0.0, 0.0, 0.0, 0.0, 1.0],
                [1.0, -0.0, -0.0, -0.0, 0.0, 0.993172, 0.11666, 0.06933, 0.0, -0.11666, 0.993172, 0.0, 0.0, 0.0, 0.0, 1.0],
                [1.0, 0.0, -0.0, 0.0, 0.0, 0.993172, 0.11666, 0.06933, 0.0, -0.11666, 0.993172, -0.0, 0.0, 0.0, 0.0, 1.0],
                [1.0, -0.0, -0.0, 0.0, 0.0, 0.993172, 0.11666, 0.06933, 0.0, -0.11666, 0.993172, 0.0, 0.0, 0.0, 0.0, 1.0],
                [1.0, 0.0, -0.0, 0.0, 0.0, 0.993172, 0.11666, 0.06933, 0.0, -0.11666, 0.993172, -0.0, 0.0, 0.0, 0.0, 1.0],
                [1.0, -0.0, -0.0, 0.0, 0.0, 0.993172, 0.11666, 0.06933, 0.0, -0.11666, 0.993172, 0.0, 0.0, 0.0, 0.0, 1.0],
                [1.0, 0.0, -0.0, -0.0, 0.0, 0.993172, 0.11666, 0.06933, 0.0, -0.11666, 0.993172, -0.0, 0.0, 0.0, 0.0, 1.0],
                [1.0, -0.0, -0.0, -0.0, 0.0, 0.993172, 0.11666, 0.06933, 0.0, -0.11666, 0.993172, -0.0, 0.0, 0.0, 0.0, 1.0],
                [1.0, 0.0, -0.0, -0.0, 0.0, 0.993172, 0.11666, 0.06933, 0.0, -0.11666, 0.993172, 0.0, 0.0, 0.0, 0.0, 1.0],
                [1.0, -0.0, -0.0, -0.0, 0.0, 0.993172, 0.11666, 0.06933, 0.0, -0.11666, 0.993172, -0.0, 0.0, 0.0, 0.0, 1.0],
                [1.0, 0.0, -0.0, 0.0, 0.0, 0.993172, 0.11666, 0.06933, 0.0, -0.11666, 0.993172, -0.0, 0.0, 0.0, 0.0, 1.0],
                [1.0, -0.0, -0.0, -0.0, 0.0, 0.993172, 0.11666, 0.06933, 0.0, -0.11666, 0.993172, -0.0, 0.0, 0.0, 0.0, 1.0],
                [1.0, 0.0, -0.0, 0.0, 0.0, 0.993172, 0.11666, 0.06933, 0.0, -0.11666, 0.993172, -0.0, 0.0, 0.0, 0.0, 1.0],
                [1.0, -0.0, -0.0, -0.0, 0.0, 0.993172, 0.11666, 0.06933, 0.0, -0.11666, 0.993172, -0.0, 0.0, 0.0, 0.0, 1.0],
                [1.0, 0.0, -0.0, 0.0, 0.0, 0.993172, 0.11666, 0.06933, 0.0, -0.11666, 0.993172, -0.0, 0.0, 0.0, 0.0, 1.0],
                [1.0, -0.0, -0.0, -0.0, 0.0, 0.993172, 0.11666, 0.06933, 0.0, -0.11666, 0.993172, -0.0, 0.0, 0.0, 0.0, 1.0],
                [1.0, 0.0, -0.0, -0.0, 0.0, 0.993172, 0.11666, 0.06933, 0.0, -0.11666, 0.993172, -0.0, 0.0, 0.0, 0.0, 1.0],
                [1.0, -0.0, -0.0, -0.0, 0.0, 0.993172, 0.11666, 0.06933, 0.0, -0.11666, 0.993172, -0.0, 0.0, 0.0, 0.0, 1.0],
                [1.0, 0.0, -0.0, 0.0, 0.0, 0.993172, 0.11666, 0.06933, 0.0, -0.11666, 0.993172, -0.0, 0.0, 0.0, 0.0, 1.0],
                [1.0, -0.0, -0.0, -0.0, 0.0, 0.993172, 0.11666, 0.06933, 0.0, -0.11666, 0.993172, -0.0, 0.0, 0.0, 0.0, 1.0],
                [1.0, 0.0, -0.0, 0.0, 0.0, 0.993172, 0.11666, 0.06933, 0.0, -0.11666, 0.993172, 0.0, 0.0, 0.0, 0.0, 1.0],
                [1.0, -0.0, -0.0, -0.0, 0.0, 0.993172, 0.11666, 0.06933, 0.0, -0.11666, 0.993172, -0.0, 0.0, 0.0, 0.0, 1.0],
                [1.0, 0.0, -0.0, 0.0, 0.0, 0.993172, 0.11666, 0.06933, 0.0, -0.11666, 0.993172, -0.0, 0.0, 0.0, 0.0, 1.0],
                [1.0, -0.0, -0.0, -0.0, 0.0, 0.993172, 0.11666, 0.06933, 0.0, -0.11666, 0.993172, -0.0, 0.0, 0.0, 0.0, 1.0],
                [1.0, 0.0, -0.0, 0.0, 0.0, 0.993172, 0.11666, 0.06933, 0.0, -0.11666, 0.993172, -0.0, 0.0, 0.0, 0.0, 1.0],
                [1.0, -0.0, -0.0, -0.0, 0.0, 0.993172, 0.11666, 0.06933, 0.0, -0.11666, 0.993172, -0.0, 0.0, 0.0, 0.0, 1.0],
                [1.0, 0.0, -0.0, 0.0, 0.0, 0.993172, 0.11666, 0.06933, 0.0, -0.11666, 0.993172, -0.0, 0.0, 0.0, 0.0, 1.0],
                [1.0, -0.0, -0.0, -0.0, 0.0, 0.993172, 0.11666, 0.06933, 0.0, -0.11666, 0.993172, -0.0, 0.0, 0.0, 0.0, 1.0],
                [1.0, 0.0, -0.0, 0.0, 0.0, 0.993172, 0.11666, 0.06933, 0.0, -0.11666, 0.993172, 0.0, 0.0, 0.0, 0.0, 1.0],
                [1.0, -0.0, -0.0, -0.0, 0.0, 0.993172, 0.11666, 0.06933, 0.0, -0.11666, 0.993172, -0.0, 0.0, 0.0, 0.0, 1.0],
                [1.0, 0.0, -0.0, 0.0, 0.0, 0.993172, 0.11666, 0.06933, 0.0, -0.11666, 0.993172, -0.0, 0.0, 0.0, 0.0, 1.0],
                [1.0, -0.0, -0.0, 0.0, 0.0, 0.993172, 0.11666, 0.06933, 0.0, -0.11666, 0.993172, -0.0, 0.0, 0.0, 0.0, 1.0],
                [1.0, 0.0, -0.0, -0.0, 0.0, 0.993172, 0.11666, 0.06933, 0.0, -0.11666, 0.993172, -0.0, 0.0, 0.0, 0.0, 1.0],
                [1.0, -0.0, -0.0, -0.0, 0.0, 0.993172, 0.11666, 0.06933, 0.0, -0.11666, 0.993172, 0.0, 0.0, 0.0, 0.0, 1.0],
                [1.0, 0.0, -0.0, -0.0, 0.0, 0.993172, 0.11666, 0.06933, 0.0, -0.11666, 0.993172, -0.0, 0.0, 0.0, 0.0, 1.0],
                [1.0, -0.0, -0.0, -0.0, 0.0, 0.993172, 0.11666, 0.06933, 0.0, -0.11666, 0.993172, -0.0, 0.0, 0.0, 0.0, 1.0],
                [1.0, 0.0, -0.0, -0.0, 0.0, 0.993172, 0.11666, 0.06933, 0.0, -0.11666, 0.993172, 0.0, 0.0, 0.0, 0.0, 1.0],
                [1.0, -0.0, -0.0, 0.0, 0.0, 0.993172, 0.11666, 0.06933, 0.0, -0.11666, 0.993172, -0.0, 0.0, 0.0, 0.0, 1.0],
                [1.0, 0.0, -0.0, -0.0, 0.0, 0.993172, 0.11666, 0.06933, 0.0, -0.11666, 0.993172, -0.0, 0.0, 0.0, 0.0, 1.0],
                [1.0, -0.0, -0.0, 0.0, 0.0, 0.993172, 0.11666, 0.06933, 0.0, -0.11666, 0.993172, -0.0, 0.0, 0.0, 0.0, 1.0],
                [1.0, 0.0, -0.0, 0.0, 0.0, 0.993172, 0.11666, 0.06933, 0.0, -0.11666, 0.993172, -0.0, 0.0, 0.0, 0.0, 1.0],
                [1.0, -0.0, -0.0, 0.0, 0.0, 0.993172, 0.11666, 0.06933, 0.0, -0.11666, 0.993172, -0.0, 0.0, 0.0, 0.0, 1.0],
                [1.0, 0.0, -0.0, 0.0, 0.0, 0.993172, 0.11666, 0.06933, 0.0, -0.11666, 0.993172, -0.0, 0.0, 0.0, 0.0, 1.0],
                [1.0, -0.0, -0.0, 0.0, 0.0, 0.993172, 0.11666, 0.06933, 0.0, -0.11666, 0.993172, -0.0, 0.0, 0.0, 0.0, 1.0],
                [1.0, 0.0, -0.0, -0.0, 0.0, 0.993172, 0.11666, 0.06933, 0.0, -0.11666, 0.993172, -0.0, 0.0, 0.0, 0.0, 1.0],
                [1.0, -0.0, -0.0, 0.0, 0.0, 0.993172, 0.11666, 0.06933, 0.0, -0.11666, 0.993172, -0.0, 0.0, 0.0, 0.0, 1.0],
                [1.0, 0.0, -0.0, -0.0, 0.0, 0.993172, 0.11666, 0.06933, 0.0, -0.11666, 0.993172, -0.0, 0.0, 0.0, 0.0, 1.0],
                [1.0, -0.0, -0.0, 0.0, 0.0, 0.993172, 0.11666, 0.06933, 0.0, -0.11666, 0.993172, -0.0, 0.0, 0.0, 0.0, 1.0],
                [1.0, 0.0, -0.0, -0.0, 0.0, 0.993172, 0.11666, 0.06933, 0.0, -0.11666, 0.993172, -0.0, 0.0, 0.0, 0.0, 1.0],
                [1.0, -0.0, -0.0, 0.0, 0.0, 0.993172, 0.11666, 0.06933, 0.0, -0.11666, 0.993172, -0.0, 0.0, 0.0, 0.0, 1.0],
                [1.0, 0.0, -0.0, 0.0, 0.0, 0.993172, 0.11666, 0.069331, 0.0, -0.11666, 0.993172, -0.0, 0.0, 0.0, 0.0, 1.0],
                [1.0, -0.0, -0.0, 0.0, 0.0, 0.993172, 0.11666, 0.06933, 0.0, -0.11666, 0.993172, -0.0, 0.0, 0.0, 0.0, 1.0],
                [1.0, 0.0, -0.0, -0.0, 0.0, 0.993172, 0.11666, 0.06933, 0.0, -0.11666, 0.993172, 0.0, 0.0, 0.0, 0.0, 1.0],
                [1.0, -0.0, -0.0, -0.0, 0.0, 0.993172, 0.11666, 0.06933, 0.0, -0.11666, 0.993172, -0.0, 0.0, 0.0, 0.0, 1.0],
                [1.0, 0.0, -0.0, -0.0, 0.0, 0.993172, 0.11666, 0.069331, 0.0, -0.11666, 0.993172, -0.0, 0.0, 0.0, 0.0, 1.0],
                [1.0, -0.0, -0.0, 0.0, 0.0, 0.993172, 0.11666, 0.069331, 0.0, -0.11666, 0.993172, -0.0, 0.0, 0.0, 0.0, 1.0],
                [1.0, 0.0, -0.0, -0.0, 0.0, 0.993172, 0.11666, 0.06933, 0.0, -0.11666, 0.993172, 0.0, 0.0, 0.0, 0.0, 1.0],
                [1.0, -0.0, -0.0, 0.0, 0.0, 0.993172, 0.11666, 0.069331, 0.0, -0.11666, 0.993172, -0.0, 0.0, 0.0, 0.0, 1.0],
                [1.0, 0.0, -0.0, 0.0, 0.0, 0.993172, 0.11666, 0.06933, 0.0, -0.11666, 0.993172, -0.0, 0.0, 0.0, 0.0, 1.0],
                [1.0, -0.0, -0.0, -0.0, 0.0, 0.993172, 0.11666, 0.069331, 0.0, -0.11666, 0.993172, -0.0, 0.0, 0.0, 0.0, 1.0],
                [1.0, 0.0, -0.0, -0.0, 0.0, 0.993172, 0.11666, 0.06933, 0.0, -0.11666, 0.993172, 0.0, 0.0, 0.0, 0.0, 1.0],
                [1.0, -0.0, -0.0, -0.0, 0.0, 0.993172, 0.11666, 0.06933, 0.0, -0.11666, 0.993172, -0.0, 0.0, 0.0, 0.0, 1.0]
            ]
        },
        {
            "name": "chest",
            "time": [0.0, 0.0167, 0.0333, 0.05, 0.0667, 0.0833, 0.1, 0.1167, 0.1333, 0.15, 0.1667, 0.1833, 0.2, 0.2167, 0.2333, 0.25, 0.2667, 0.2833, 0.3, 0.3167, 0.3333, 0.35, 0.3667, 0.3833, 0.4, 0.4167, 0.4333, 0.45, 0.4667, 0.4833, 0.5, 0.5167, 0.5333, 0.55, 0.5667, 0.5833, 0.6, 0.6167, 0.6333, 0.65, 0.6667, 0.6833, 0.7, 0.7167, 0.7333, 0.75, 0.7667, 0.7833, 0.8, 0.8167, 0.8333, 0.85, 0.8667, 0.8833, 0.9, 0.9167, 0.9333, 0.95, 0.9667, 0.9833, 1.0, 1.0167, 1.0333, 1.05, 1.0667, 1.0833, 1.1, 1.1167, 1.1333, 1.15, 1.1667, 1.1833, 1.2, 1.2167, 1.2333, 1.25, 1.2667, 1.2833, 1.3, 1.3167, 1.3333, 1.35, 1.3667, 1.3833, 1.4, 1.4167, 1.4333, 1.45, 1.4667, 1.4833, 1.5, 1.5167, 1.5333, 1.55, 1.5667, 1.5833, 1.6, 1.6167, 1.6333, 1.65, 1.6667, 1.6833, 1.7, 1.7167, 1.7333, 1.75, 1.7667, 1.7833, 1.8, 1.8167, 1.8333, 1.85, 1.8667, 1.8833, 1.9, 1.9167, 1.9333, 1.95, 1.9667, 1.9833, 2.0],
            "transform": [
                [1.0, 0.0, 0.0, 0.0, 0.0, 0.950644, 0.310283, 0.546315, 0.0, -0.310283, 0.950644, 0.0, 0.0, 0.0, 0.0, 1.0],
                [1.0, -0.0, 0.0, -0.0, 0.0, 0.950643, 0.310286, 0.546315, 0.0, -0.310286, 0.950643, -0.0, 0.0, 0.0, 0.0, 1.0],
                [1.0, -0.0, 0.0, -0.0, 0.0, 0.950637, 0.310305, 0.546315, -0.0, -0.310305, 0.950637, -0.0, 0.0, 0.0, 0.0, 1.0],
                [1.0, 0.0, -0.0, -0.0, 0.0, 0.950621, 0.310354, 0.546315, 0.0, -0.310354, 0.950621, -0.0, 0.0, 0.0, 0.0, 1.0],
                [1.0, 0.0, -0.0, 0.0, -0.0, 0.950589, 0.310451, 0.546315, 0.0, -0.310451, 0.950589, 0.0, 0.0, 0.0, 0.0, 1.0],
                [1.0, -0.0, -0.0, 0.0, 0.0, 0.950537, 0.310612, 0.546315, 0.0, -0.310611, 0.950537, -0.0, 0.0, 0.0, 0.0, 1.0],
                [1.0, -0.0, -0.0, 0.0, 0.0, 0.950459, 0.31085, 0.546315, -0.0, -0.31085, 0.950459, 0.0, 0.0, 0.0, 0.0, 1.0],
                [1.0, -0.0, 0.0, 0.0, 0.0, 0.95035, 0.311184, 0.546315, -0.0, -0.311184, 0.95035, -0.0, 0.0, 0.0, 0.0, 1.0],
                [1.0, -0.0, 0.0, 0.0, 0.0, 0.950205, 0.311627, 0.546315, -0.0, -0.311627, 0.950205, 0.0, 0.0, 0.0, 0.0, 1.0],
                [1.0, 0.0, -0.0, -0.0, -0.0, 0.950018, 0.312196, 0.546315, -0.0, -0.312196, 0.950018, -0.0, 0.0, 0.0, 0.0, 1.0],
                [1.0, -0.0, 0.0, -0.0, -0.0, 0.949784, 0.312907, 0.546315, -0.0, -0.312907, 0.949784, -0.0, 0.0, 0.0, 0.0, 1.0],
                [1.0, -0.0, -0.0, -0.0, -0.0, 0.949498, 0.313775, 0.546315, -0.0, -0.313775, 0.949498, -0.0, 0.0, 0.0, 0.0, 1.0],
                [1.0, 0.0, 0.0, -0.0, 0.0, 0.949153, 0.314815, 0.546315, -0.0, -0.314815, 0.949153, 0.0, 0.0, 0.0, 0.0, 1.0],
                [1.0, 0.0, 0.0, 0.0, 0.0, 0.948745, 0.316044, 0.546315, 0.0, -0.316044, 0.948745, -0.0, 0.0, 0.0, 0.0, 1.0],
                [1.0, 0.0, -0.0, -0.0, 0.0, 0.948266, 0.317476, 0.546315, 0.0, -0.317476, 0.948266, 0.0, 0.0, 0.0, 0.0, 1.0],
                [1.0, 0.0, 0.0, 0.0, 0.0, 0.947712, 0.319128, 0.546315, 0.0, -0.319128, 0.947711, 0.0, 0.0, 0.0, 0.0, 1.0],
                [1.0, -0.0, 0.0, -0.0, -0.0, 0.947074, 0.321014, 0.546315, 0.0, -0.321014, 0.947074, 0.0, 0.0, 0.0, 0.0, 1.0],
                [1.0, -0.0, 0.0, 0.0, -0.0, 0.946348, 0.32315, 0.546315, 0.0, -0.32315, 0.946348, -0.0, 0.0, 0.0, 0.0, 1.0],
                [1.0, -0.0, 0.0, -0.0, 0.0, 0.945525, 0.325551, 0.546315, 0.0, -0.325551, 0.945525, -0.0, 0.0, 0.0, 0.0, 1.0],
                [1.0, -0.0, -0.0, 0.0, 0.0, 0.944597, 0.328231, 0.546315, 0.0, -0.328231, 0.944597, -0.0, 0.0, 0.0, 0.0, 1.0],
                [1.0, 0.0, -0.0, -0.0, -0.0, 0.943558, 0.331207, 0.546315, -0.0, -0.331207, 0.943558, -0.0, 0.0, 0.0, 0.0, 1.0],
                [1.0, 0.0, -0.0, -0.0, -0.0, 0.942399, 0.334491, 0.546315, 0.0, -0.334491, 0.942399, 0.0, 0.0, 0.0, 0.0, 1.0],
                [1.0, 0.0, 0.0, -0.0, 0.0, 0.941111, 0.338099, 0.546315, -0.0, -0.338099, 0.941111, 0.0, 0.0, 0.0, 0.0, 1.0],
                [1.0, 0.0, 0.0, 0.0, 0.0, 0.939683, 0.342045, 0.546315, 0.0, -0.342045, 0.939683, -0.0, 0.0, 0.0, 0.0, 1.0],
                [1.0, 0.0, 0.0, 0.0, 0.0, 0.938108, 0.346343, 0.546315, 0.0, -0.346343, 0.938108, -0.0, 0.0, 0.0, 0.0, 1.0],
                [1.0, -0.0, -0.0, 0.0, 0.0, 0.936373, 0.351006, 0.546315, -0.0, -0.351006, 0.936373, -0.0, 0.0, 0.0, 0.0, 1.0],
                [1.0, -0.0, 0.0, -0.0, -0.0, 0.934467, 0.356049, 0.546315, -0.0, -0.356049, 0.934467, 0.0, 0.0, 0.0, 0.0, 1.0],
