{
    "animation": [
        {
            "name": "Root",
            "time": [0.0, 0.0167, 0.0333, 0.05, 0.0667, 0.0833, 0.1, 0.1167, 0.1333, 0.15, 0.1667, 0.1833, 0.2, 0.2167, 0.2333, 0.25, 0.2667, 0.2833, 0.3, 0.3167, 0.3333, 0.35, 0.3667, 0.3833, 0.4, 0.4167, 0.4333, 0.45, 0.4667, 0.4833, 0.5, 0.5167, 0.5333, 0.55, 0.5667, 0.5833, 0.6, 0.6167, 0.6333, 0.65, 0.6667, 0.6833, 0.7, 0.7167, 0.7333, 0.75, 0.7667, 0.7833, 0.8, 0.8167, 0.8333, 0.85, 0.8667, 0.8833, 0.9, 0.9167, 0.9333, 0.95, 0.9667, 0.9833, 1.0, 1.0167, 1.0333, 1.05, 1.0667, 1.0833, 1.1, 1.1167, 1.1333, 1.15, 1.1667, 1.1833, 1.2, 1.2167, 1.2333, 1.25, 1.2667, 1.2833, 1.3, 1.3167, 1.3333, 1.35, 1.3667, 1.3833, 1.4, 1.4167, 1.4333, 1.45, 1.4667, 1.4833, 1.5, 1.5167, 1.5333, 1.55, 1.5667, 1.5833, 1.6, 1.6167, 1.6333, 1.65, 1.6667, 1.6833, 1.7, 1.7167, 1.7333, 1.75, 1.7667, 1.7833, 1.8, 1.8167, 1.8333, 1.85, 1.8667, 1.8833, 1.9, 1.9167, 1.9333, 1.95, 1.9667, 1.9833, 2.0, 2.0167, 2.0333, 2.05, 2.0667, 2.0833, 2.1, 2.1167, 2.1333, 2.15, 2.1667, 2.1833, 2.2, 2.2167, 2.2333, 2.25, 2.2667, 2.2833, 2.3, 2.3167, 2.3333],
            "transform": [
                [0.876048, 0.107262, 0.470144, 0.0, 0.455761, 0.134365, -0.879902, 0.0, -0.157551, 0.98511, 0.068824, 0.656267, 0.0, 0.0, 0.0, 1.0],
                [0.875237, 0.107001, 0.471711, 0.0, 0.457288, 0.134772, -0.879047, 0.000505, -0.157632, 0.985082, 0.069027, 0.656267, 0.0, 0.0, 0.0, 1.0],
                [0.872931, 0.106255, 0.476131, 0.0, 0.461595, 0.135928, -0.876615, 0.001938, -0.157864, 0.985004, 0.069609, 0.656267, 0.0, 0.0, 0.0, 1.0],
                [0.869305, 0.105081, 0.482977, 0.0, 0.468264, 0.137731, -0.872788, 0.004176, -0.158234, 0.98488, 0.070525, 0.656267, 0.0, 0.0, 0.0, 1.0],
                [0.864523, 0.103529, 0.491814, 0.0, 0.476869, 0.140079, -0.867741, 0.007097, -0.158729, 0.984713, 0.071732, 0.656267, 0.0, 0.0, 0.0, 1.0],
                [0.858753, 0.101652, 0.502205, 0.0, 0.486985, 0.142868, -0.861646, 0.010579, -0.159337, 0.984508, 0.073185, 0.656267, 0.0, 0.0, 0.0, 1.0],
                [0.85217, 0.099505, 0.513716, 0.0, 0.498188, 0.145995, -0.85469, 0.014498, -0.160046, 0.984268, 0.074841, 0.656267, 0.0, 0.0, 0.0, 1.0],
                [0.844964, 0.097143, 0.525926, 0.0, 0.510064, 0.14936, -0.847069, 0.018733, -0.16084, 0.983999, 0.076655, 0.656267, 0.0, 0.0, 0.0, 1.0],
                [0.837345, 0.09463, 0.538422, 0.0, 0.522212, 0.152868, -0.839003, 0.02316, -0.161703, 0.983706, 0.078586, 0.656267, 0.0, 0.0, 0.0, 1.0],
                [0.829542, 0.092034, 0.550808, 0.0, 0.534243, 0.156425, -0.830732, 0.027657, -0.162616, 0.983393, 0.080593, 0.656267, 0.0, 0.0, 0.0, 1.0],
                [0.821806, 0.089427, 0.562706, 0.0, 0.545788, 0.159945, -0.822517, 0.032102, -0.163557, 0.983067, 0.082636, 0.656267, 0.0, 0.0, 0.0, 1.0],
                [0.814405, 0.086886, 0.573755, 0.0, 0.556492, 0.163347, -0.814638, 0.036371, -0.164502, 0.982735, 0.084679, 0.656267, 0.0, 0.0, 0.0, 1.0],
                [0.807625, 0.084495, 0.583611, 0.0, 0.566018, 0.166553, -0.807393, 0.040343, -0.165423, 0.982406, 0.086687, 0.656267, 0.0, 0.0, 0.0, 1.0],
                [0.801763, 0.082339, 0.591943, 0.0, 0.574042, 0.169493, -0.801092, 0.043895, -0.166291, 0.982086, 0.088627, 0.656267, 0.0, 0.0, 0.0, 1.0],
                [0.79712, 0.080506, 0.59843, 0.0, 0.580246, 0.172096, -0.796051, 0.046904, -0.167075, 0.981785, 0.090468, 0.656267, 0.0, 0.0, 0.0, 1.0],
                [0.794, 0.079088, 0.602751, 0.0, 0.584317, 0.174296, -0.792587, 0.049247, -0.167741, 0.981512, 0.092178, 0.656267, 0.0, 0.0, 0.0, 1.0],
                [0.791972, 0.07803, 0.605551, 0.0, 0.586907, 0.176076, -0.790277, 0.050879, -0.168289, 0.981279, 0.093651, 0.656267, 0.0, 0.0, 0.0, 1.0],
                [0.790357, 0.077161, 0.607768, 0.0, 0.588943, 0.177582, -0.788423, 0.052055, -0.168765, 0.981076, 0.09491, 0.656267, 0.0, 0.0, 0.0, 1.0],
                [0.789084, 0.076389, 0.609517, 0.0, 0.590521, 0.178986, -0.786924, 0.053111, -0.169207, 0.980882, 0.096126, 0.656267, 0.0, 0.0, 0.0, 1.0],
                [0.788079, 0.075619, 0.610911, 0.0, 0.591733, 0.180459, -0.785676, 0.054378, -0.169657, 0.980671, 0.09747, 0.656267, 0.0, 0.0, 0.0, 1.0],
                [0.787268, 0.074758, 0.612063, 0.0, 0.59267, 0.182172, -0.784574, 0.056191, -0.170154, 0.980421, 0.099111, 0.656267, 0.0, 0.0, 0.0, 1.0],
                [0.786573, 0.07371, 0.613083, 0.0, 0.593423, 0.184295, -0.783508, 0.058882, -0.17074, 0.980103, 0.101221, 0.656267, 0.0, 0.0, 0.0, 1.0],
                [0.785918, 0.072376, 0.61408, 0.0, 0.594083, 0.187002, -0.782366, 0.062785, -0.171458, 0.97969, 0.103971, 0.656267, 0.0, 0.0, 0.0, 1.0],
                [0.785227, 0.070657, 0.615164, 0.0, 0.594738, 0.190465, -0.781031, 0.068234, -0.172353, 0.979148, 0.107536, 0.656267, 0.0, 0.0, 0.0, 1.0],
                [0.784421, 0.068449, 0.61644, 0.0, 0.595477, 0.194861, -0.779382, 0.07556, -0.173469, 0.978439, 0.112093, 0.656267, 0.0, 0.0, 0.0, 1.0],
                [0.783421, 0.065644, 0.618014, 0.0, 0.596386, 0.200369, -0.777287, 0.085099, -0.174856, 0.977519, 0.117824, 0.656267, 0.0, 0.0, 0.0, 1.0],
                [0.821415, 0.063144, 0.566824, 0.001317, 0.545099, 0.205422, -0.812816, 0.114912, -0.167763, 0.976634, 0.134317, 0.654093, 0.0, 0.0, 0.0, 1.0],
                [0.908118, 0.062166, 0.414074, 0.004965, 0.393866, 0.208777, -0.895143, 0.178516, -0.142097, 0.975985, 0.165109, 0.648067, 0.0, 0.0, 0.0, 1.0],
                [0.983456, 0.062635, 0.169972, 0.010493, 0.15346, 0.210474, -0.965479, 0.269426, -0.096247, 0.975591, 0.19738, 0.638936, 0.0, 0.0, 0.0, 1.0],
                [0.990934, 0.063865, -0.118196, 0.017448, -0.12914, 0.210268, -0.969077, 0.381159, -0.037037, 0.975556, 0.216609, 0.627448, 0.0, 0.0, 0.0, 1.0],
                [0.926273, 0.064879, -0.371226, 0.025379, -0.376385, 0.208353, -0.902731, 0.507228, 0.018777, 0.975899, 0.217411, 0.614349, 0.0, 0.0, 0.0, 1.0],
                [0.839795, 0.065346, -0.538957, 0.0337, -0.539846, 0.205737, -0.816235, 0.638971, 0.057546, 0.976423, 0.208053, 0.600606, 0.0, 0.0, 0.0, 1.0],
                [0.769366, 0.065517, -0.63544, 0.041297, -0.63374, 0.203336, -0.746343, 0.759016, 0.080309, 0.976915, 0.197961, 0.588057, 0.0, 0.0, 0.0, 1.0],
                [0.72696, 0.065566, -0.683542, 0.046925, -0.680543, 0.20157, -0.704436, 0.847811, 0.091594, 0.977277, 0.191154, 0.578762, 0.0, 0.0, 0.0, 1.0],
                [0.712739, 0.06559, -0.698356, 0.049336, -0.694972, 0.200813, -0.690426, 0.885804, 0.094954, 0.977431, 0.188711, 0.574779, 0.0, 0.0, 0.0, 1.0],
                [0.711478, 0.065605, -0.699639, 0.04969, -0.696229, 0.200704, -0.68919, 0.891302, 0.095206, 0.977453, 0.188473, 0.574195, 0.0, 0.0, 0.0, 1.0],
                [0.710434, 0.06562, -0.700698, 0.049979, -0.697266, 0.200618, -0.688166, 0.895728, 0.095415, 0.977469, 0.188281, 0.573717, 0.0, 0.0, 0.0, 1.0],
                [0.709588, 0.065635, -0.701553, 0.050211, -0.698103, 0.200552, -0.687336, 0.899209, 0.095585, 0.977482, 0.188129, 0.573335, 0.0, 0.0, 0.0, 1.0],
                [0.708922, 0.065648, -0.702225, 0.050391, -0.698761, 0.200503, -0.686681, 0.901869, 0.095719, 0.977491, 0.188013, 0.573036, 0.0, 0.0, 0.0, 1.0],
                [0.708417, 0.065659, -0.702734, 0.050527, -0.69926, 0.200467, -0.686184, 0.903835, 0.095821, 0.977498, 0.187927, 0.572812, 0.0, 0.0, 0.0, 1.0],
                [0.708053, 0.065667, -0.703099, 0.050624, -0.699618, 0.200442, -0.685827, 0.905232, 0.095895, 0.977502, 0.187865, 0.572652, 0.0, 0.0, 0.0, 1.0],
                [0.707812, 0.065672, -0.703342, 0.050689, -0.699855, 0.200425, -0.685589, 0.906185, 0.095943, 0.977506, 0.187824, 0.572544, 0.0, 0.0, 0.0, 1.0],
                [0.707673, 0.065672, -0.703481, 0.050729, -0.699991, 0.200412, -0.685454, 0.906822, 0.09597, 0.977508, 0.187796, 0.572479, 0.0, 0.0, 0.0, 1.0],
                [0.707619, 0.065669, -0.703536, 0.050749, -0.700045, 0.2004, -0.685402, 0.907266, 0.095979, 0.977511, 0.187778, 0.572446, 0.0, 0.0, 0.0, 1.0],
                [0.707629, 0.065659, -0.703526, 0.050756, -0.700036, 0.200387, -0.685416, 0.907644, 0.095973, 0.977514, 0.187764, 0.572433, 0.0, 0.0, 0.0, 1.0],
                [0.707685, 0.065644, -0.703472, 0.050758, -0.699982, 0.200369, -0.685476, 0.908082, 0.095956, 0.977519, 0.187748, 0.572432, 0.0, 0.0, 0.0, 1.0],
                [0.707933, 0.065581, -0.703229, 0.05071, -0.699741, 0.200297, -0.685743, 0.908683, 0.095883, 0.977538, 0.187687, 0.57248, 0.0, 0.0, 0.0, 1.0],
                [0.708526, 0.06543, -0.702645, 0.05057, -0.699164, 0.200124, -0.686382, 0.909465, 0.095706, 0.977583, 0.187539, 0.572625, 0.0, 0.0, 0.0, 1.0],
                [0.709457, 0.065192, -0.701727, 0.050339, -0.698257, 0.199851, -0.687383, 0.910425, 0.095429, 0.977655, 0.187307, 0.572863, 0.0, 0.0, 0.0, 1.0],
                [0.710717, 0.06487, -0.70048, 0.050019, -0.697026, 0.199481, -0.688739, 0.911558, 0.095054, 0.977752, 0.186991, 0.573192, 0.0, 0.0, 0.0, 1.0],
                [0.712298, 0.064467, -0.698911, 0.049612, -0.695475, 0.199016, -0.69044, 0.91286, 0.094584, 0.977874, 0.186594, 0.573612, 0.0, 0.0, 0.0, 1.0],
                [0.714189, 0.063985, -0.697023, 0.04912, -0.69361, 0.198456, -0.692474, 0.914327, 0.09402, 0.978019, 0.186116, 0.574119, 0.0, 0.0, 0.0, 1.0],
                [0.716381, 0.063426, -0.69482, 0.048545, -0.691434, 0.197803, -0.694834, 0.915955, 0.093367, 0.978188, 0.185558, 0.574711, 0.0, 0.0, 0.0, 1.0],
                [0.718865, 0.062794, -0.692307, 0.047888, -0.688951, 0.197059, -0.697506, 0.917741, 0.092626, 0.978379, 0.18492, 0.575387, 0.0, 0.0, 0.0, 1.0],
                [0.721631, 0.06209, -0.689487, 0.047153, -0.686164, 0.196224, -0.700482, 0.919679, 0.091801, 0.978591, 0.184205, 0.576144, 0.0, 0.0, 0.0, 1.0],
                [0.724669, 0.061317, -0.686364, 0.046341, -0.683077, 0.1953, -0.70375, 0.921767, 0.090895, 0.978825, 0.183412, 0.576981, 0.0, 0.0, 0.0, 1.0],
                [0.727967, 0.060479, -0.68294, 0.045454, -0.679692, 0.194287, -0.707299, 0.923999, 0.08991, 0.979079, 0.182542, 0.577894, 0.0, 0.0, 0.0, 1.0],
                [0.731515, 0.059578, -0.679218, 0.044494, -0.676012, 0.193187, -0.711117, 0.926373, 0.088849, 0.979351, 0.181595, 0.578883, 0.0, 0.0, 0.0, 1.0],
                [0.735302, 0.058618, -0.6752, 0.043463, -0.672039, 0.192, -0.715192, 0.928884, 0.087716, 0.979643, 0.180571, 0.579945, 0.0, 0.0, 0.0, 1.0],
                [0.739318, 0.0576, -0.670889, 0.042363, -0.667776, 0.190728, -0.719512, 0.931528, 0.086513, 0.979952, 0.179473, 0.581079, 0.0, 0.0, 0.0, 1.0],
                [0.74355, 0.056529, -0.666287, 0.041196, -0.663225, 0.189371, -0.724066, 0.934301, 0.085244, 0.980277, 0.178298, 0.582281, 0.0, 0.0, 0.0, 1.0],
                [0.747987, 0.055408, -0.661396, 0.039964, -0.658387, 0.18793, -0.72884, 0.937199, 0.083913, 0.980618, 0.177049, 0.58355, 0.0, 0.0, 0.0, 1.0],
                [0.752618, 0.054239, -0.65622, 0.038669, -0.653266, 0.186406, -0.733823, 0.940217, 0.082522, 0.980974, 0.175725, 0.584884, 0.0, 0.0, 0.0, 1.0],
                [0.757431, 0.053026, -0.650759, 0.037313, -0.647862, 0.1848, -0.739001, 0.943353, 0.081074, 0.981345, 0.174327, 0.586281, 0.0, 0.0, 0.0, 1.0],
                [0.762413, 0.051772, -0.645016, 0.035897, -0.64218, 0.183113, -0.744362, 0.946602, 0.079573, 0.981728, 0.172854, 0.587738, 0.0, 0.0, 0.0, 1.0],
                [0.767553, 0.050481, -0.638995, 0.034425, -0.636219, 0.181345, -0.749893, 0.94996, 0.078023, 0.982123, 0.171309, 0.589255, 0.0, 0.0, 0.0, 1.0],
                [0.772838, 0.049155, -0.632697, 0.032898, -0.629984, 0.179498, -0.755579, 0.953423, 0.076427, 0.98253, 0.16969, 0.590828, 0.0, 0.0, 0.0, 1.0],
                [0.778256, 0.047799, -0.626125, 0.031318, -0.623477, 0.177572, -0.76141, 0.956987, 0.074788, 0.982946, 0.167998, 0.592455, 0.0, 0.0, 0.0, 1.0],
                [0.783796, 0.046415, -0.619282, 0.029687, -0.616701, 0.17557, -0.767369, 0.960648, 0.07311, 0.983372, 0.166235, 0.594135, 0.0, 0.0, 0.0, 1.0],
                [0.789443, 0.045007, -0.612172, 0.028007, -0.609658, 0.173491, -0.773446, 0.964401, 0.071396, 0.983806, 0.1644, 0.595866, 0.0, 0.0, 0.0, 1.0],
                [0.795185, 0.043578, -0.604798, 0.02628, -0.602353, 0.171337, -0.779625, 0.968244, 0.06965, 0.984248, 0.162494, 0.597645, 0.0, 0.0, 0.0, 1.0],
                [0.801012, 0.042131, -0.597165, 0.024508, -0.594789, 0.16911, -0.785893, 0.972172, 0.067876, 0.984696, 0.160518, 0.59947, 0.0, 0.0, 0.0, 1.0],
                [0.806908, 0.040671, -0.589275, 0.022693, -0.58697, 0.16681, -0.792238, 0.97618, 0.066076, 0.98515, 0.158473, 0.60134, 0.0, 0.0, 0.0, 1.0],
                [0.812863, 0.0392, -0.581134, 0.020837, -0.5789, 0.16444, -0.798645, 0.980265, 0.064255, 0.985608, 0.156361, 0.603251, 0.0, 0.0, 0.0, 1.0],
                [0.818864, 0.037722, -0.572747, 0.018942, -0.570584, 0.162001, -0.805102, 0.984424, 0.062416, 0.986069, 0.154181, 0.605203, 0.0, 0.0, 0.0, 1.0],
                [0.824898, 0.03624, -0.564119, 0.01701, -0.562028, 0.159495, -0.811594, 0.988651, 0.060562, 0.986533, 0.151935, 0.607194, 0.0, 0.0, 0.0, 1.0],
                [0.830953, 0.034756, -0.555256, 0.015043, -0.553237, 0.156923, -0.81811, 0.992943, 0.058698, 0.986999, 0.149624, 0.60922, 0.0, 0.0, 0.0, 1.0],
                [0.837018, 0.033276, -0.546163, 0.013043, -0.544217, 0.154288, -0.824635, 0.997295, 0.056826, 0.987465, 0.147251, 0.61128, 0.0, 0.0, 0.0, 1.0],
                [0.84308, 0.031801, -0.536848, 0.011012, -0.534974, 0.151591, -0.831157, 1.001705, 0.05495, 0.987932, 0.144816, 0.613372, 0.0, 0.0, 0.0, 1.0],
                [0.849127, 0.030334, -0.527318, 0.008952, -0.525516, 0.148835, -0.837664, 1.006167, 0.053073, 0.988397, 0.142321, 0.615494, 0.0, 0.0, 0.0, 1.0],
                [0.855148, 0.028879, -0.517579, 0.006865, -0.51585, 0.146022, -0.844143, 1.010678, 0.0512, 0.98886, 0.139767, 0.617644, 0.0, 0.0, 0.0, 1.0],
                [0.861132, 0.027439, -0.507641, 0.004753, -0.505983, 0.143154, -0.850581, 1.015234, 0.049332, 0.98932, 0.137158, 0.619819, 0.0, 0.0, 0.0, 1.0],
                [0.867067, 0.026016, -0.497511, 0.002618, -0.495924, 0.140234, -0.856968, 1.019831, 0.047473, 0.989776, 0.134495, 0.622018, 0.0, 0.0, 0.0, 1.0],
                [0.872944, 0.024614, -0.487199, 0.000462, -0.485682, 0.137265, -0.863291, 1.024465, 0.045627, 0.990228, 0.13178, 0.624239, 0.0, 0.0, 0.0, 1.0],
                [0.878752, 0.023234, -0.476713, -0.001713, -0.475266, 0.13425, -0.86954, 1.029131, 0.043795, 0.990675, 0.129015, 0.626479, 0.0, 0.0, 0.0, 1.0],
                [0.88448, 0.02188, -0.466064, -0.003905, -0.464685, 0.131191, -0.875704, 1.033826, 0.041983, 0.991116, 0.126203, 0.628737, 0.0, 0.0, 0.0, 1.0],
                [0.89012, 0.020554, -0.455262, -0.006112, -0.45395, 0.128091, -0.881772, 1.038546, 0.040191, 0.991549, 0.123347, 0.631011, 0.0, 0.0, 0.0, 1.0],
                [0.895662, 0.019257, -0.444317, -0.008332, -0.443071, 0.124954, -0.887735, 1.043286, 0.038424, 0.991976, 0.120449, 0.633297, 0.0, 0.0, 0.0, 1.0],
                [0.901098, 0.017993, -0.433241, -0.010563, -0.43206, 0.121782, -0.893584, 1.048043, 0.036682, 0.992394, 0.117512, 0.635596, 0.0, 0.0, 0.0, 1.0],
                [0.90642, 0.016764, -0.422045, -0.012803, -0.420927, 0.11858, -0.89931, 1.052813, 0.03497, 0.992803, 0.114539, 0.637903, 0.0, 0.0, 0.0, 1.0],
                [0.91162, 0.01557, -0.41074, -0.01505, -0.409685, 0.11535, -0.904905, 1.057592, 0.03329, 0.993203, 0.111534, 0.640217, 0.0, 0.0, 0.0, 1.0],
                [0.91669, 0.014414, -0.39934, -0.017302, -0.398345, 0.112096, -0.91036, 1.062375, 0.031643, 0.993593, 0.108499, 0.642537, 0.0, 0.0, 0.0, 1.0],
                [0.921624, 0.013297, -0.387856, -0.019557, -0.38692, 0.108822, -0.915669, 1.067159, 0.030031, 0.993972, 0.105438, 0.64486, 0.0, 0.0, 0.0, 1.0],
                [0.926417, 0.012222, -0.376301, -0.021813, -0.375423, 0.105531, -0.920826, 1.071939, 0.028458, 0.994341, 0.102354, 0.647184, 0.0, 0.0, 0.0, 1.0],
                [0.931062, 0.011188, -0.36469, -0.024068, -0.363867, 0.102227, -0.925824, 1.076712, 0.026923, 0.994698, 0.099251, 0.649506, 0.0, 0.0, 0.0, 1.0],
                [0.935555, 0.010197, -0.353033, -0.02632, -0.352264, 0.098914, -0.930659, 1.081474, 0.02543, 0.995044, 0.096132, 0.651826, 0.0, 0.0, 0.0, 1.0],
                [0.939892, 0.00925, -0.341347, -0.028567, -0.340629, 0.095596, -0.935325, 1.08622, 0.02398, 0.995377, 0.093001, 0.654141, 0.0, 0.0, 0.0, 1.0],
                [0.944069, 0.008348, -0.329643, -0.030807, -0.328975, 0.092276, -0.939819, 1.090947, 0.022573, 0.995698, 0.089861, 0.656448, 0.0, 0.0, 0.0, 1.0],
                [0.948082, 0.007491, -0.317937, -0.033038, -0.317317, 0.088959, -0.944138, 1.095651, 0.021211, 0.996007, 0.086717, 0.658746, 0.0, 0.0, 0.0, 1.0],
                [0.95193, 0.006679, -0.306242, -0.035258, -0.305668, 0.085648, -0.948278, 1.100327, 0.019895, 0.996303, 0.083572, 0.661033, 0.0, 0.0, 0.0, 1.0],
                [0.955611, 0.005913, -0.294572, -0.037465, -0.294042, 0.082347, -0.952239, 1.104972, 0.018626, 0.996586, 0.080431, 0.663306, 0.0, 0.0, 0.0, 1.0],
                [0.959123, 0.005193, -0.282942, -0.039657, -0.282454, 0.079061, -0.956017, 1.109581, 0.017405, 0.996856, 0.077296, 0.665564, 0.0, 0.0, 0.0, 1.0],
                [0.962466, 0.004519, -0.271365, -0.041832, -0.270917, 0.075793, -0.959614, 1.114151, 0.016231, 0.997113, 0.074172, 0.667804, 0.0, 0.0, 0.0, 1.0],
                [0.965639, 0.00389, -0.259857, -0.043988, -0.259447, 0.072547, -0.963029, 1.118677, 0.015106, 0.997357, 0.071063, 0.670025, 0.0, 0.0, 0.0, 1.0],
                [0.968644, 0.003306, -0.248431, -0.046123, -0.248056, 0.069327, -0.966262, 1.123156, 0.014029, 0.997589, 0.067973, 0.672225, 0.0, 0.0, 0.0, 1.0],
                [0.971481, 0.002766, -0.237101, -0.048235, -0.236761, 0.066138, -0.969314, 1.127583, 0.013, 0.997807, 0.064906, 0.6744, 0.0, 0.0, 0.0, 1.0],
                [0.974152, 0.002269, -0.225882, -0.050322, -0.225574, 0.062982, -0.972188, 1.131955, 0.01202, 0.998012, 0.061866, 0.67655, 0.0, 0.0, 0.0, 1.0],
                [0.976659, 0.001816, -0.214788, -0.052382, -0.214509, 0.059864, -0.974886, 1.136267, 0.011088, 0.998205, 0.058856, 0.678672, 0.0, 0.0, 0.0, 1.0],
                [0.979005, 0.001404, -0.203832, -0.054413, -0.203581, 0.056787, -0.97741, 1.140516, 0.010203, 0.998385, 0.055881, 0.680764, 0.0, 0.0, 0.0, 1.0],
                [0.981192, 0.001032, -0.193029, -0.056413, -0.192804, 0.053756, -0.979764, 1.144697, 0.009365, 0.998554, 0.052944, 0.682824, 0.0, 0.0, 0.0, 1.0],
                [0.983226, 0.000699, -0.182391, -0.05838, -0.182191, 0.050774, -0.981951, 1.148807, 0.008574, 0.99871, 0.050049, 0.68485, 0.0, 0.0, 0.0, 1.0],
                [0.985108, 0.000405, -0.171933, -0.060312, -0.171755, 0.047844, -0.983977, 1.152841, 0.007828, 0.998855, 0.047201, 0.68684, 0.0, 0.0, 0.0, 1.0],
                [0.986845, 0.000146, -0.161668, -0.062207, -0.161511, 0.044971, -0.985846, 1.156795, 0.007126, 0.998988, 0.044403, 0.688792, 0.0, 0.0, 0.0, 1.0],
                [0.988441, -7.8e-05, -0.151609, -0.064063, -0.151471, 0.042157, -0.987562, 1.160666, 0.006468, 0.999111, 0.041658, 0.690704, 0.0, 0.0, 0.0, 1.0],
                [0.9899, -0.000269, -0.141767, -0.065878, -0.141647, 0.039406, -0.989133, 1.164449, 0.005852, 0.999223, 0.03897, 0.692574, 0.0, 0.0, 0.0, 1.0],
                [0.991229, -0.000429, -0.132158, -0.06765, -0.132053, 0.036722, -0.990562, 1.168141, 0.005278, 0.999325, 0.036344, 0.694399, 0.0, 0.0, 0.0, 1.0],
                [0.992432, -0.000559, -0.122791, -0.069377, -0.122701, 0.034108, -0.991857, 1.171737, 0.004743, 0.999418, 0.033781, 0.696178, 0.0, 0.0, 0.0, 1.0],
                [0.993517, -0.000662, -0.113681, -0.071057, -0.113604, 0.031567, -0.993024, 1.175233, 0.004246, 0.999501, 0.031287, 0.697908, 0.0, 0.0, 0.0, 1.0],
                [0.994489, -0.00074, -0.104838, -0.072689, -0.104773, 0.029102, -0.99407, 1.178626, 0.003787, 0.999576, 0.028864, 0.699588, 0.0, 0.0, 0.0, 1.0],
                [0.995354, -0.000795, -0.096275, -0.074269, -0.09622, 0.026717, -0.995001, 1.181911, 0.003363, 0.999643, 0.026516, 0.701216, 0.0, 0.0, 0.0, 1.0],
                [0.99612, -0.000828, -0.088003, -0.075796, -0.087956, 0.024414, -0.995825, 1.185084, 0.002973, 0.999702, 0.024247, 0.702789, 0.0, 0.0, 0.0, 1.0],
                [0.996792, -0.000841, -0.080033, -0.077268, -0.079994, 0.022197, -0.996548, 1.188142, 0.002615, 0.999753, 0.022058, 0.704305, 0.0, 0.0, 0.0, 1.0],
                [0.997377, -0.000838, -0.072376, -0.078683, -0.072345, 0.020068, -0.997178, 1.19108, 0.002288, 0.999798, 0.019954, 0.705763, 0.0, 0.0, 0.0, 1.0],
                [0.997882, -0.000819, -0.065044, -0.080039, -0.065019, 0.01803, -0.997721, 1.193895, 0.00199, 0.999837, 0.017938, 0.70716, 0.0, 0.0, 0.0, 1.0],
                [0.998314, -0.000787, -0.058047, -0.081334, -0.058027, 0.016086, -0.998185, 1.196581, 0.00172, 0.99987, 0.016013, 0.708494, 0.0, 0.0, 0.0, 1.0],
                [0.998678, -0.000744, -0.051395, -0.082566, -0.051379, 0.014239, -0.998578, 1.199136, 0.001475, 0.999898, 0.014182, 0.709763, 0.0, 0.0, 0.0, 1.0],
                [0.998982, -0.000693, -0.0451, -0.083733, -0.045088, 0.012492, -0.998905, 1.201555, 0.001255, 0.999922, 0.012448, 0.710965, 0.0, 0.0, 0.0, 1.0],
                [0.999232, -0.000634, -0.03917, -0.084833, -0.039161, 0.010848, -0.999174, 1.203834, 0.001058, 0.999941, 0.010815, 0.712098, 0.0, 0.0, 0.0, 1.0],
                [0.999435, -0.00057, -0.033618, -0.085864, -0.033611, 0.009308, -0.999392, 1.20597, 0.000882, 0.999956, 0.009284, 0.71316, 0.0, 0.0, 0.0, 1.0],
                [0.999595, -0.000503, -0.028452, -0.086824, -0.028447, 0.007876, -0.999564, 1.207958, 0.000726, 0.999969, 0.007859, 0.714149, 0.0, 0.0, 0.0, 1.0],
                [0.999719, -0.000434, -0.023682, -0.087711, -0.023679, 0.006555, -0.999698, 1.209793, 0.000589, 0.999978, 0.006543, 0.715063, 0.0, 0.0, 0.0, 1.0],
                [0.999813, -0.000366, -0.01932, -0.088524, -0.019318, 0.005346, -0.999799, 1.211474, 0.000469, 0.999986, 0.005338, 0.715899, 0.0, 0.0, 0.0, 1.0],
                [0.999882, -0.000299, -0.015373, -0.089259, -0.015372, 0.004254, -0.999873, 1.212994, 0.000365, 0.999991, 0.004249, 0.716657, 0.0, 0.0, 0.0, 1.0],
                [0.99993, -0.000237, -0.011854, -0.089915, -0.011853, 0.00328, -0.999924, 1.21435, 0.000275, 0.999995, 0.003276, 0.717332, 0.0, 0.0, 0.0, 1.0],
                [0.999961, -0.000179, -0.00877, -0.09049, -0.00877, 0.002426, -0.999959, 1.215539, 0.0002, 0.999997, 0.002425, 0.717925, 0.0, 0.0, 0.0, 1.0],
                [0.999981, -0.000127, -0.006134, -0.090982, -0.006133, 0.001697, -0.99998, 1.216556, 0.000138, 0.999999, 0.001696, 0.718432, 0.0, 0.0, 0.0, 1.0],
                [0.999992, -8.3e-05, -0.003953, -0.091389, -0.003953, 0.001093, -0.999992, 1.217396, 8.8e-05, 0.999999, 0.001093, 0.718851, 0.0, 0.0, 0.0, 1.0],
                [0.999997, -4.8e-05, -0.002239, -0.091709, -0.002239, 0.000619, -0.999997, 1.218058, 4.9e-05, 1.0, 0.000619, 0.719181, 0.0, 0.0, 0.0, 1.0],
                [1.0, -2.2e-05, -0.001002, -0.09194, -0.001002, 0.000277, -0.999999, 1.218535, 2.2e-05, 1.0, 0.000277, 0.719419, 0.0, 0.0, 0.0, 1.0],
                [1.0, -5e-06, -0.000252, -0.092081, -0.000252, 7e-05, -1.0, 1.218824, 5e-06, 1.0, 7e-05, 0.719563, 0.0, 0.0, 0.0, 1.0],
                [1.0, -0.0, 0.0, -0.092128, -0.0, -0.0, -1.0, 1.218921, 0.0, 1.0, -0.0, 0.719612, 0.0, 0.0, 0.0, 1.0]
            ]
        },
        {
            "name": "body",
            "time": [0.0, 0.0167, 0.0333, 0.05, 0.0667, 0.0833, 0.1, 0.1167, 0.1333, 0.15, 0.1667, 0.1833, 0.2, 0.2167, 0.2333, 0.25, 0.2667, 0.2833, 0.3, 0.3167, 0.3333, 0.35, 0.3667, 0.3833, 0.4, 0.4167, 0.4333, 0.45, 0.4667, 0.4833, 0.5, 0.5167, 0.5333, 0.55, 0.5667, 0.5833, 0.6, 0.6167, 0.6333, 0.65, 0.6667, 0.6833, 0.7, 0.7167, 0.7333, 0.75, 0.7667, 0.7833, 0.8, 0.8167, 0.8333, 0.85, 0.8667, 0.8833, 0.9, 0.9167, 0.9333, 0.95, 0.9667, 0.9833, 1.0, 1.0167, 1.0333, 1.05, 1.0667, 1.0833, 1.1, 1.1167, 1.1333, 1.15, 1.1667, 1.1833, 1.2, 1.2167, 1.2333, 1.25, 1.2667, 1.2833, 1.3, 1.3167, 1.3333, 1.35, 1.3667, 1.3833, 1.4, 1.4167, 1.4333, 1.45, 1.4667, 1.4833, 1.5, 1.5167, 1.5333, 1.55, 1.5667, 1.5833, 1.6, 1.6167, 1.6333, 1.65, 1.6667, 1.6833, 1.7, 1.7167, 1.7333, 1.75, 1.7667, 1.7833, 1.8, 1.8167, 1.8333, 1.85, 1.8667, 1.8833, 1.9, 1.9167, 1.9333, 1.95, 1.9667, 1.9833, 2.0, 2.0167, 2.0333, 2.05, 2.0667, 2.0833, 2.1, 2.1167, 2.1333, 2.15, 2.1667, 2.1833, 2.2, 2.2167, 2.2333, 2.25, 2.2667, 2.2833, 2.3, 2.3167, 2.3333],
            "transform": [
                [0.941764, -0.144179, 0.303796, -0.0, 0.028721, 0.934607, 0.35452, 0.069331, -0.335045, -0.325149, 0.884321, 0.0, 0.0, 0.0, 0.0, 1.0],
                [0.941503, -0.144017, 0.304682, 0.0, 0.02873, 0.935098, 0.353222, 0.06933, -0.335777, -0.323806, 0.884536, -0.0, 0.0, 0.0, 0.0, 1.0],
                [0.940762, -0.143551, 0.307182, 0.0, 0.028761, 0.936477, 0.349549, 0.06933, -0.337847, -0.320007, 0.88513, -0.0, 0.0, 0.0, 0.0, 1.0],
                [0.939599, -0.142805, 0.311064, -0.0, 0.028825, 0.938591, 0.343826, 0.06933, -0.341062, -0.314092, 0.886015, -0.0, 0.0, 0.0, 0.0, 1.0],
                [0.938073, -0.141798, 0.31609, -0.0, 0.028938, 0.941282, 0.336379, 0.06933, -0.345227, -0.306401, 0.887095, -0.0, 0.0, 0.0, 0.0, 1.0],
                [0.936241, -0.140547, 0.322024, -0.0, 0.029115, 0.944392, 0.327531, 0.06933, -0.35015, -0.297272, 0.88827, 0.0, 0.0, 0.0, 0.0, 1.0],
                [0.934163, -0.139076, 0.328629, -0.0, 0.029368, 0.947766, 0.317611, 0.06933, -0.355636, -0.28705, 0.889453, 0.0, 0.0, 0.0, 0.0, 1.0],
                [0.931902, -0.137414, 0.335671, 0.0, 0.029704, 0.951261, 0.306953, 0.06933, -0.36149, -0.27608, 0.890564, 0.0, 0.0, 0.0, 0.0, 1.0],
                [0.929527, -0.135603, 0.342918, -0.0, 0.030121, 0.954745, 0.295896, 0.06933, -0.367523, -0.264714, 0.891546, 0.0, 0.0, 0.0, 0.0, 1.0],
                [0.927108, -0.133691, 0.350139, 0.0, 0.030608, 0.958104, 0.284782, 0.06933, -0.373543, -0.253306, 0.892357, 0.0, 0.0, 0.0, 0.0, 1.0],
                [0.924724, -0.131743, 0.357112, -0.0, 0.031145, 0.961236, 0.273961, 0.06933, -0.379362, -0.242216, 0.892982, 0.0, 0.0, 0.0, 0.0, 1.0],
                [0.922457, -0.129829, 0.363618, -0.0, 0.031704, 0.96406, 0.263786, 0.06933, -0.384797, -0.231803, 0.89342, 0.0, 0.0, 0.0, 0.0, 1.0],
                [0.920392, -0.128033, 0.369441, -0.0, 0.032248, 0.966506, 0.254611, 0.06933, -0.389665, -0.222428, 0.893693, 0.0, 0.0, 0.0, 0.0, 1.0],
                [0.918617, -0.126443, 0.374371, -0.0, 0.032735, 0.968515, 0.246792, 0.06933, -0.39379, -0.214452, 0.893834, 0.0, 0.0, 0.0, 0.0, 1.0],
                [0.917224, -0.125153, 0.378202, 0.0, 0.033117, 0.970038, 0.240685, 0.069331, -0.396993, -0.208237, 0.893887, -0.0, 0.0, 0.0, 0.0, 1.0],
                [0.916301, -0.124256, 0.380726, 0.0, 0.03335, 0.971023, 0.236646, 0.06933, -0.399098, -0.204142, 0.893894, -0.0, 0.0, 0.0, 0.0, 1.0],
                [0.915706, -0.123648, 0.382352, -0.0, 0.03348, 0.971651, 0.234037, 0.06933, -0.400451, -0.201508, 0.893887, 0.0, 0.0, 0.0, 0.0, 1.0],
                [0.915229, -0.123158, 0.383652, -0.0, 0.033588, 0.972148, 0.231947, 0.06933, -0.401533, -0.199398, 0.893875, -0.0, 0.0, 0.0, 0.0, 1.0],
                [0.914856, -0.122774, 0.384663, 0.0, 0.033674, 0.972533, 0.230319, 0.069331, -0.402375, -0.197755, 0.893861, 0.0, 0.0, 0.0, 0.0, 1.0],
                [0.914575, -0.122484, 0.385422, -0.0, 0.033739, 0.972819, 0.229095, 0.06933, -0.403007, -0.196521, 0.893848, -0.0, 0.0, 0.0, 0.0, 1.0],
                [0.914374, -0.122276, 0.385966, -0.0, 0.033786, 0.973024, 0.228218, 0.06933, -0.40346, -0.195636, 0.893838, -0.0, 0.0, 0.0, 0.0, 1.0],
                [0.914238, -0.122136, 0.386331, -0.0, 0.033818, 0.97316, 0.22763, 0.06933, -0.403763, -0.195043, 0.893831, -0.0, 0.0, 0.0, 0.0, 1.0],
                [0.914156, -0.122051, 0.386551, -0.0, 0.033837, 0.973243, 0.227273, 0.069331, -0.403947, -0.194683, 0.893826, -0.0, 0.0, 0.0, 0.0, 1.0],
                [0.914114, -0.122008, 0.386665, 0.0, 0.033848, 0.973285, 0.22709, 0.069331, -0.404042, -0.194498, 0.893824, -0.0, 0.0, 0.0, 0.0, 1.0],
                [0.914099, -0.121991, 0.386707, -0.0, 0.033851, 0.973301, 0.227022, 0.06933, -0.404077, -0.19443, 0.893823, 0.0, 0.0, 0.0, 0.0, 1.0],
                [0.914096, -0.121989, 0.386712, 0.0, 0.033852, 0.973303, 0.227013, 0.06933, -0.404082, -0.194421, 0.893822, -0.0, 0.0, 0.0, 0.0, 1.0],
                [0.939733, -0.119886, 0.320201, 0.0, 0.038305, 0.96753, 0.249835, 0.06933, -0.339756, -0.222513, 0.913813, -0.0, 0.0, 0.0, 0.0, 1.0],
                [0.983772, -0.104941, 0.145537, 0.0, 0.056571, 0.951166, 0.303451, 0.06933, -0.170274, -0.290293, 0.941667, -0.0, 0.0, 0.0, 0.0, 1.0],
                [0.994022, -0.066444, -0.086638, 0.0, 0.09353, 0.927581, 0.361724, 0.06933, 0.056329, -0.367665, 0.928251, -0.0, 0.0, 0.0, 0.0, 1.0],
                [0.953611, -0.012886, -0.300764, -0.0, 0.138319, 0.906134, 0.399735, 0.06933, 0.267382, -0.422794, 0.865882, -0.0, 0.0, 0.0, 0.0, 1.0],
                [0.901898, 0.028131, -0.431032, 0.0, 0.166164, 0.898493, 0.406324, 0.06933, 0.39871, -0.438085, 0.805675, -0.0, 0.0, 0.0, 0.0, 1.0],
                [0.873019, 0.050438, -0.485071, -0.0, 0.165682, 0.904805, 0.392272, 0.06933, 0.45868, -0.422828, 0.781556, 0.0, 0.0, 0.0, 0.0, 1.0],
                [0.858487, 0.067026, -0.508436, 0.0, 0.150356, 0.914959, 0.37449, 0.069331, 0.490299, -0.397942, 0.775402, 0.0, 0.0, 0.0, 0.0, 1.0],
                [0.854139, 0.077654, -0.514215, 0.0, 0.132112, 0.92395, 0.358975, 0.06933, 0.502985, -0.374548, 0.778922, -0.0, 0.0, 0.0, 0.0, 1.0],
                [0.854139, 0.081865, -0.513562, 0.0, 0.122404, 0.928141, 0.351529, 0.06933, 0.505435, -0.363116, 0.78274, 0.0, 0.0, 0.0, 0.0, 1.0],
                [0.854259, 0.082487, -0.513262, -0.0, 0.120824, 0.928788, 0.350362, 0.06933, 0.505612, -0.361314, 0.783459, -0.0, 0.0, 0.0, 0.0, 1.0],
                [0.854338, 0.08303, -0.513043, 0.0, 0.119571, 0.929274, 0.349505, 0.06933, 0.505776, -0.35994, 0.783985, 0.0, 0.0, 0.0, 0.0, 1.0],
                [0.854382, 0.083493, -0.512894, 0.0, 0.118603, 0.929624, 0.348902, 0.06933, 0.505929, -0.358926, 0.784352, 0.0, 0.0, 0.0, 0.0, 1.0],
                [0.854399, 0.083878, -0.512804, -0.0, 0.117878, 0.929868, 0.348496, 0.06933, 0.506071, -0.358203, 0.784591, 0.0, 0.0, 0.0, 0.0, 1.0],
                [0.854393, 0.084185, -0.512762, 0.0, 0.117354, 0.930033, 0.348234, 0.06933, 0.506202, -0.357703, 0.784735, -0.0, 0.0, 0.0, 0.0, 1.0],
                [0.854373, 0.084414, -0.512759, -0.0, 0.116989, 0.930145, 0.348058, 0.06933, 0.506321, -0.357358, 0.784815, 0.0, 0.0, 0.0, 0.0, 1.0],
                [0.854343, 0.084567, -0.512783, 0.0, 0.116741, 0.93023, 0.347913, 0.06933, 0.506429, -0.3571, 0.784863, 0.0, 0.0, 0.0, 0.0, 1.0],
                [0.854309, 0.084644, -0.512826, -0.0, 0.116569, 0.930315, 0.347744, 0.06933, 0.506524, -0.356861, 0.78491, 0.0, 0.0, 0.0, 0.0, 1.0],
                [0.85428, 0.084646, -0.512876, -0.0, 0.116432, 0.930425, 0.347495, 0.06933, 0.506607, -0.356572, 0.784988, -0.0, 0.0, 0.0, 0.0, 1.0],
                [0.854259, 0.084572, -0.512923, 0.0, 0.116286, 0.930588, 0.347109, 0.06933, 0.506675, -0.356166, 0.785128, -0.0, 0.0, 0.0, 0.0, 1.0],
                [0.854253, 0.084425, -0.512956, 0.0, 0.11609, 0.930827, 0.346532, 0.06933, 0.506729, -0.355575, 0.785361, -0.0, 0.0, 0.0, 0.0, 1.0],
                [0.854347, 0.084178, -0.51284, -0.0, 0.115787, 0.931162, 0.345733, 0.06933, 0.50664, -0.354756, 0.785789, 0.0, 0.0, 0.0, 0.0, 1.0],
                [0.854618, 0.08381, -0.512449, 0.0, 0.115346, 0.931591, 0.344723, 0.06933, 0.506284, -0.353715, 0.786487, 0.0, 0.0, 0.0, 0.0, 1.0],
                [0.855062, 0.083322, -0.511787, 0.0, 0.114772, 0.932111, 0.343506, 0.06933, 0.505664, -0.352458, 0.78745, 0.0, 0.0, 0.0, 0.0, 1.0],
                [0.855675, 0.082718, -0.51086, -0.0, 0.114067, 0.93272, 0.342085, 0.06933, 0.504786, -0.350986, 0.78867, -0.0, 0.0, 0.0, 0.0, 1.0],
                [0.856452, 0.082003, -0.509672, 0.0, 0.113237, 0.933414, 0.340464, 0.06933, 0.503654, -0.349305, 0.790138, -0.0, 0.0, 0.0, 0.0, 1.0],
                [0.857388, 0.081179, -0.508228, -0.0, 0.112286, 0.93419, 0.338646, 0.06933, 0.502273, -0.347417, 0.791848, 0.0, 0.0, 0.0, 0.0, 1.0],
                [0.858479, 0.080252, -0.506532, -0.0, 0.111216, 0.935045, 0.336633, 0.06933, 0.500645, -0.345327, 0.793791, -0.0, 0.0, 0.0, 0.0, 1.0],
                [0.859719, 0.079224, -0.504586, 0.0, 0.110033, 0.935975, 0.33443, 0.069331, 0.498775, -0.343037, 0.795958, 0.0, 0.0, 0.0, 0.0, 1.0],
                [0.861103, 0.0781, -0.502397, 0.0, 0.108741, 0.936977, 0.332039, 0.069331, 0.496667, -0.34055, 0.798341, -0.0, 0.0, 0.0, 0.0, 1.0],
                [0.862626, 0.076885, -0.499966, 0.0, 0.107344, 0.938047, 0.329462, 0.06933, 0.494322, -0.33787, 0.80093, -0.0, 0.0, 0.0, 0.0, 1.0],
                [0.864282, 0.075583, -0.497297, -0.0, 0.105847, 0.939182, 0.326702, 0.06933, 0.491745, -0.335, 0.803717, 0.0, 0.0, 0.0, 0.0, 1.0],
                [0.866065, 0.074198, -0.494394, -0.0, 0.104255, 0.940377, 0.323762, 0.06933, 0.488939, -0.331942, 0.806693, -0.0, 0.0, 0.0, 0.0, 1.0],
                [0.867971, 0.072735, -0.49126, 0.0, 0.102572, 0.94163, 0.320643, 0.06933, 0.485907, -0.328699, 0.809847, 0.0, 0.0, 0.0, 0.0, 1.0],
                [0.869992, 0.071198, -0.487898, -0.0, 0.100804, 0.942936, 0.31735, 0.06933, 0.482651, -0.325274, 0.81317, -0.0, 0.0, 0.0, 0.0, 1.0],
                [0.872124, 0.069593, -0.484311, -0.0, 0.098955, 0.944291, 0.313883, 0.06933, 0.479175, -0.32167, 0.816652, 0.0, 0.0, 0.0, 0.0, 1.0],
                [0.874359, 0.067925, -0.480503, 0.0, 0.09703, 0.945691, 0.310247, 0.06933, 0.475481, -0.31789, 0.820283, -0.0, 0.0, 0.0, 0.0, 1.0],
                [0.876692, 0.066197, -0.476477, 0.0, 0.095034, 0.947133, 0.306442, 0.06933, 0.471572, -0.313937, 0.824053, 0.0, 0.0, 0.0, 0.0, 1.0],
                [0.879116, 0.064415, -0.472235, 0.0, 0.092972, 0.948613, 0.302473, 0.06933, 0.467452, -0.309813, 0.827952, 0.0, 0.0, 0.0, 0.0, 1.0],
                [0.881625, 0.062584, -0.467782, 0.0, 0.09085, 0.950126, 0.29834, 0.06933, 0.463123, -0.305522, 0.831969, -0.0, 0.0, 0.0, 0.0, 1.0],
                [0.884214, 0.060709, -0.463121, -0.0, 0.088672, 0.951669, 0.294048, 0.06933, 0.458589, -0.301067, 0.836095, 0.0, 0.0, 0.0, 0.0, 1.0],
                [0.886874, 0.058795, -0.458255, -0.0, 0.086444, 0.953237, 0.289599, 0.06933, 0.453852, -0.296451, 0.840319, -0.0, 0.0, 0.0, 0.0, 1.0],
                [0.889601, 0.056846, -0.453187, -0.0, 0.08417, 0.954826, 0.284996, 0.06933, 0.448916, -0.291677, 0.844629, 0.0, 0.0, 0.0, 0.0, 1.0],
                [0.892387, 0.054869, -0.447923, -0.0, 0.081857, 0.956433, 0.280241, 0.06933, 0.443785, -0.286749, 0.849017, 0.0, 0.0, 0.0, 0.0, 1.0],
                [0.895226, 0.052867, -0.442465, 0.0, 0.079509, 0.958054, 0.275339, 0.06933, 0.438461, -0.281671, 0.853471, -0.0, 0.0, 0.0, 0.0, 1.0],
                [0.898112, 0.050846, -0.436817, -0.0, 0.077131, 0.959683, 0.270293, 0.069331, 0.43295, -0.276445, 0.857982, 0.0, 0.0, 0.0, 0.0, 1.0],
                [0.901038, 0.048811, -0.430985, 0.0, 0.074729, 0.961319, 0.265105, 0.06933, 0.427254, -0.271077, 0.862538, -0.0, 0.0, 0.0, 0.0, 1.0],
                [0.903998, 0.046766, -0.424972, -0.0, 0.072307, 0.962957, 0.25978, 0.069331, 0.421379, -0.265569, 0.867129, 0.0, 0.0, 0.0, 0.0, 1.0],
                [0.906985, 0.044717, -0.418783, -0.0, 0.069872, 0.964592, 0.254322, 0.06933, 0.415327, -0.259927, 0.871746, -0.0, 0.0, 0.0, 0.0, 1.0],
                [0.909993, 0.042667, -0.412423, 0.0, 0.067426, 0.966222, 0.248734, 0.06933, 0.409105, -0.254154, 0.876378, 0.0, 0.0, 0.0, 0.0, 1.0],
                [0.913015, 0.040623, -0.405897, -0.0, 0.064977, 0.967842, 0.243021, 0.06933, 0.402716, -0.248256, 0.881016, 0.0, 0.0, 0.0, 0.0, 1.0],
                [0.916047, 0.038587, -0.39921, 0.0, 0.062528, 0.96945, 0.237187, 0.069331, 0.396167, -0.242236, 0.885649, 0.0, 0.0, 0.0, 0.0, 1.0],
                [0.919081, 0.036566, -0.392369, -0.0, 0.060085, 0.97104, 0.231236, 0.06933, 0.389461, -0.2361, 0.890268, -0.0, 0.0, 0.0, 0.0, 1.0],
                [0.922111, 0.034563, -0.385378, -0.0, 0.057651, 0.972611, 0.225174, 0.069331, 0.382606, -0.229853, 0.894863, 0.0, 0.0, 0.0, 0.0, 1.0],
                [0.925132, 0.032582, -0.378244, -0.0, 0.055232, 0.974159, 0.219005, 0.06933, 0.375606, -0.2235, 0.899427, 0.0, 0.0, 0.0, 0.0, 1.0],
                [0.928138, 0.030628, -0.370973, -0.0, 0.052833, 0.97568, 0.212735, 0.06933, 0.368467, -0.217047, 0.903948, -0.0, 0.0, 0.0, 0.0, 1.0],
                [0.931124, 0.028704, -0.363572, 0.0, 0.050456, 0.977173, 0.206369, 0.06933, 0.361196, -0.210499, 0.90842, 0.0, 0.0, 0.0, 0.0, 1.0],
                [0.934083, 0.026815, -0.356047, 0.0, 0.048107, 0.978632, 0.199912, 0.06933, 0.3538, -0.203863, 0.912834, -0.0, 0.0, 0.0, 0.0, 1.0],
                [0.937011, 0.024963, -0.348406, -0.0, 0.04579, 0.980057, 0.193371, 0.06933, 0.346285, -0.197144, 0.917181, 0.0, 0.0, 0.0, 0.0, 1.0],
                [0.939903, 0.023153, -0.340656, 0.0, 0.043509, 0.981444, 0.18675, 0.069331, 0.338658, -0.190348, 0.921454, 0.0, 0.0, 0.0, 0.0, 1.0],
                [0.942754, 0.021388, -0.332804, 0.0, 0.041266, 0.98279, 0.180057, 0.069331, 0.330927, -0.183483, 0.925647, -0.0, 0.0, 0.0, 0.0, 1.0],
                [0.945558, 0.01967, -0.324857, -0.0, 0.039066, 0.984094, 0.173297, 0.069331, 0.323099, -0.176554, 0.929751, -0.0, 0.0, 0.0, 0.0, 1.0],
                [0.948313, 0.018003, -0.316825, -0.0, 0.036913, 0.985354, 0.166477, 0.06933, 0.315182, -0.169568, 0.93376, -0.0, 0.0, 0.0, 0.0, 1.0],
                [0.951014, 0.016389, -0.308714, -0.0, 0.034808, 0.986567, 0.159604, 0.069331, 0.307183, -0.162532, 0.937668, 0.0, 0.0, 0.0, 0.0, 1.0],
                [0.953656, 0.014831, -0.300534, -0.0, 0.032756, 0.987732, 0.152684, 0.06933, 0.299112, -0.155453, 0.941471, 0.0, 0.0, 0.0, 0.0, 1.0],
                [0.956236, 0.013331, -0.292293, -0.0, 0.030758, 0.988847, 0.145725, 0.06933, 0.290976, -0.148337, 0.945161, -0.0, 0.0, 0.0, 0.0, 1.0],
                [0.958751, 0.011891, -0.283999, -0.0, 0.028818, 0.989911, 0.138732, 0.06933, 0.282783, -0.141194, 0.948735, 0.0, 0.0, 0.0, 0.0, 1.0],
                [0.961197, 0.010512, -0.275661, 0.0, 0.026937, 0.990922, 0.131714, 0.06933, 0.274543, -0.134028, 0.952188, 0.0, 0.0, 0.0, 0.0, 1.0],
                [0.963573, 0.009197, -0.267289, 0.0, 0.025118, 0.991879, 0.124677, 0.069331, 0.266265, -0.126849, 0.955517, 0.0, 0.0, 0.0, 0.0, 1.0],
                [0.965874, 0.007946, -0.258891, -0.0, 0.023362, 0.992783, 0.117629, 0.06933, 0.257957, -0.119663, 0.958717, -0.0, 0.0, 0.0, 0.0, 1.0],
                [0.968099, 0.00676, -0.250476, -0.0, 0.021671, 0.993631, 0.110577, 0.06933, 0.249628, -0.112478, 0.961787, 0.0, 0.0, 0.0, 0.0, 1.0],
                [0.970246, 0.005641, -0.242054, -0.0, 0.020046, 0.994424, 0.103529, 0.06933, 0.241289, -0.105301, 0.964723, 0.0, 0.0, 0.0, 0.0, 1.0],
                [0.972314, 0.004589, -0.233634, -0.0, 0.018489, 0.995162, 0.096492, 0.069331, 0.232947, -0.09814, 0.967525, -0.0, 0.0, 0.0, 0.0, 1.0],
                [0.9743, 0.003604, -0.225226, -0.0, 0.017, 0.995844, 0.089474, 0.069331, 0.224612, -0.091004, 0.970189, 0.0, 0.0, 0.0, 0.0, 1.0],
                [0.976204, 0.002686, -0.216838, -0.0, 0.01558, 0.996471, 0.082482, 0.06933, 0.216294, -0.083898, 0.972717, -0.0, 0.0, 0.0, 0.0, 1.0],
                [0.978025, 0.001835, -0.208481, -0.0, 0.014228, 0.997042, 0.075524, 0.06933, 0.208003, -0.076831, 0.975106, 0.0, 0.0, 0.0, 0.0, 1.0],
                [0.979762, 0.001051, -0.200164, -0.0, 0.012947, 0.99756, 0.068607, 0.06933, 0.199748, -0.06981, 0.977357, -0.0, 0.0, 0.0, 0.0, 1.0],
