{
    "animation": [
        {
            "name": "Root",
            "time": [0.0, 0.0167, 0.0333, 0.05, 0.0667, 0.0833, 0.1, 0.1167, 0.1333, 0.15, 0.1667, 0.1833, 0.2, 0.2167, 0.2333, 0.25, 0.2667, 0.2833, 0.3, 0.3167, 0.3333, 0.35, 0.3667, 0.3833, 0.4, 0.4167, 0.4333, 0.45, 0.4667, 0.4833, 0.5, 0.5167, 0.5333, 0.55, 0.5667, 0.5833, 0.6, 0.6167, 0.6333, 0.65, 0.6667, 0.6833, 0.7, 0.7167, 0.7333, 0.75, 0.7667, 0.7833, 0.8, 0.8167, 0.8333, 0.85, 0.8667, 0.8833, 0.9, 0.9167, 0.9333, 0.95, 0.9667, 0.9833, 1.0, 1.0167, 1.0333, 1.05, 1.0667, 1.0833, 1.1, 1.1167, 1.1333, 1.15, 1.1667, 1.1833, 1.2, 1.2167, 1.2333, 1.25, 1.2667, 1.2833, 1.3, 1.3167, 1.3333, 1.35, 1.3667, 1.3833, 1.4, 1.4167, 1.4333, 1.45, 1.4667, 1.4833, 1.5, 1.5167, 1.5333, 1.55, 1.5667, 1.5833, 1.6, 1.6167, 1.6333, 1.65, 1.6667, 1.6833, 1.7, 1.7167, 1.7333, 1.75, 1.7667, 1.7833, 1.8, 1.8167, 1.8333, 1.85, 1.8667, 1.8833, 1.9, 1.9167, 1.9333, 1.95, 1.9667, 1.9833, 2.0],
            "transform": [
                [1.0, 0.0, 0.0, 0.0, 0.0, 0.0, -1.0, 0.0, 0.0, 1.0, 0.0, 0.719612, 0.0, 0.0, 0.0, 1.0],
                [1.0, 0.0, 0.0, 0.0, 0.0, 0.001554, -0.999999, 3.6e-05, 0.0, 0.999999, 0.001554, 0.719366, 0.0, 0.0, 0.0, 1.0],
                [1.0, 0.0, 0.0, 0.0, 0.0, 0.00606, -0.999982, 0.00014, 0.0, 0.999982, 0.00606, 0.718655, 0.0, 0.0, 0.0, 1.0],
                [1.0, 0.0, 0.0, 0.0, 0.0, 0.013286, -0.999912, 0.000307, 0.0, 0.999912, 0.013286, 0.717514, 0.0, 0.0, 0.0, 1.0],
                [1.0, 0.0, 0.0, 0.0, 0.0, 0.023001, -0.999735, 0.000532, 0.0, 0.999735, 0.023001, 0.715981, 0.0, 0.0, 0.0, 1.0],
                [1.0, 0.0, 0.0, 0.0, 0.0, 0.034973, -0.999388, 0.000809, 0.0, 0.999388, 0.034973, 0.714093, 0.0, 0.0, 0.0, 1.0],
                [1.0, 0.0, 0.0, 0.0, 0.0, 0.048969, -0.9988, 0.001134, 0.0, 0.9988, 0.048969, 0.711888, 0.0, 0.0, 0.0, 1.0],
                [1.0, 0.0, 0.0, 0.0, 0.0, 0.064751, -0.997901, 0.001501, 0.0, 0.997901, 0.064751, 0.709403, 0.0, 0.0, 0.0, 1.0],
                [1.0, 0.0, 0.0, 0.0, 0.0, 0.08208, -0.996626, 0.001905, 0.0, 0.996626, 0.08208, 0.706674, 0.0, 0.0, 0.0, 1.0],
                [1.0, 0.0, 0.0, 0.0, 0.0, 0.10071, -0.994916, 0.002341, 0.0, 0.994916, 0.10071, 0.703739, 0.0, 0.0, 0.0, 1.0],
                [1.0, 0.0, 0.0, 0.0, 0.0, 0.120394, -0.992726, 0.002804, 0.0, 0.992726, 0.120394, 0.700635, 0.0, 0.0, 0.0, 1.0],
                [1.0, 0.0, 0.0, 0.0, 0.0, 0.140881, -0.990027, 0.003288, 0.0, 0.990027, 0.140881, 0.6974, 0.0, 0.0, 0.0, 1.0],
                [1.0, 0.0, 0.0, 0.0, 0.0, 0.161917, -0.986804, 0.003789, 0.0, 0.986804, 0.161917, 0.69407, 0.0, 0.0, 0.0, 1.0],
                [1.0, 0.0, 0.0, 0.0, 0.0, 0.183252, -0.983066, 0.0043, 0.0, 0.983066, 0.183252, 0.690683, 0.0, 0.0, 0.0, 1.0],
                [1.0, 0.0, 0.0, 0.0, 0.0, 0.204631, -0.978839, 0.004817, 0.0, 0.978839, 0.204631, 0.687276, 0.0, 0.0, 0.0, 1.0],
                [1.0, 0.0, 0.0, 0.0, 0.0, 0.225808, -0.974172, 0.005335, 0.0, 0.974172, 0.225808, 0.683886, 0.0, 0.0, 0.0, 1.0],
                [1.0, 0.0, 0.0, 0.0, 0.0, 0.246538, -0.969133, 0.005849, 0.0, 0.969133, 0.246538, 0.68055, 0.0, 0.0, 0.0, 1.0],
                [1.0, 0.0, 0.0, 0.0, 0.0, 0.266584, -0.963812, 0.006353, 0.0, 0.963812, 0.266584, 0.677305, 0.0, 0.0, 0.0, 1.0],
                [1.0, 0.0, 0.0, 0.0, 0.0, 0.285717, -0.958314, 0.006842, 0.0, 0.958314, 0.285717, 0.674189, 0.0, 0.0, 0.0, 1.0],
                [1.0, 0.0, 0.0, 0.0, 0.0, 0.303713, -0.952764, 0.00731, 0.0, 0.952764, 0.303713, 0.671239, 0.0, 0.0, 0.0, 1.0],
                [1.0, 0.0, 0.0, 0.0, 0.0, 0.320359, -0.947296, 0.007754, 0.0, 0.947296, 0.320359, 0.668492, 0.0, 0.0, 0.0, 1.0],
                [1.0, 0.0, 0.0, 0.0, 0.0, 0.33545, -0.942058, 0.008167, 0.0, 0.942058, 0.33545, 0.665984, 0.0, 0.0, 0.0, 1.0],
                [1.0, 0.0, 0.0, 0.0, 0.0, 0.348787, -0.937202, 0.008544, 0.0, 0.937202, 0.348787, 0.663754, 0.0, 0.0, 0.0, 1.0],
                [1.0, 0.0, 0.0, 0.0, 0.0, 0.360176, -0.932884, 0.00888, 0.0, 0.932884, 0.360176, 0.661839, 0.0, 0.0, 0.0, 1.0],
                [1.0, 0.0, 0.0, 0.0, 0.0, 0.369426, -0.92926, 0.009171, 0.0, 0.92926, 0.369426, 0.660275, 0.0, 0.0, 0.0, 1.0],
                [1.0, 0.0, 0.0, 0.0, 0.0, 0.376348, -0.926479, 0.00941, 0.0, 0.926479, 0.376348, 0.6591, 0.0, 0.0, 0.0, 1.0],
                [1.0, 0.0, 0.0, 0.0, 0.0, 0.381662, -0.924302, 0.009596, 0.0, 0.924302, 0.381662, 0.658195, 0.0, 0.0, 0.0, 1.0],
                [1.0, 0.0, 0.0, 0.0, 0.0, 0.386256, -0.922392, 0.009744, 0.0, 0.922392, 0.386256, 0.65741, 0.0, 0.0, 0.0, 1.0],
                [1.0, 0.0, 0.0, 0.0, 0.0, 0.390186, -0.920736, 0.009871, 0.0, 0.920736, 0.390186, 0.656738, 0.0, 0.0, 0.0, 1.0],
                [1.0, 0.0, 0.0, 0.0, 0.0, 0.393505, -0.919322, 0.009995, 0.0, 0.919322, 0.393505, 0.656168, 0.0, 0.0, 0.0, 1.0],
                [1.0, 0.0, 0.0, 0.0, 0.0, 0.396268, -0.918135, 0.010134, 0.0, 0.918135, 0.396268, 0.655693, 0.0, 0.0, 0.0, 1.0],
                [1.0, 0.0, 0.0, 0.0, 0.0, 0.398527, -0.917157, 0.010306, 0.0, 0.917157, 0.398527, 0.655305, 0.0, 0.0, 0.0, 1.0],
                [1.0, 0.0, 0.0, 0.0, 0.0, 0.400334, -0.916369, 0.010528, 0.0, 0.916369, 0.400334, 0.654994, 0.0, 0.0, 0.0, 1.0],
                [1.0, 0.0, 0.0, 0.0, 0.0, 0.401739, -0.915754, 0.010818, 0.0, 0.915754, 0.401739, 0.654751, 0.0, 0.0, 0.0, 1.0],
                [1.0, 0.0, 0.0, 0.0, 0.0, 0.402795, -0.91529, 0.011194, 0.0, 0.91529, 0.402795, 0.654569, 0.0, 0.0, 0.0, 1.0],
                [1.0, 0.0, 0.0, 0.0, 0.0, 0.403551, -0.914957, 0.011675, 0.0, 0.914957, 0.403551, 0.654438, 0.0, 0.0, 0.0, 1.0],
                [1.0, 0.0, 0.0, 0.0, 0.0, 0.404057, -0.914734, 0.012277, 0.0, 0.914734, 0.404057, 0.654351, 0.0, 0.0, 0.0, 1.0],
                [1.0, 0.0, 0.0, 0.0, 0.0, 0.404365, -0.914598, 0.013019, 0.0, 0.914598, 0.404365, 0.654298, 0.0, 0.0, 0.0, 1.0],
                [1.0, 0.0, 0.0, 0.0, 0.0, 0.404522, -0.914528, 0.013918, 0.0, 0.914528, 0.404522, 0.654271, 0.0, 0.0, 0.0, 1.0],
                [1.0, 0.0, 0.0, 0.0, 0.0, 0.40458, -0.914502, 0.014993, 0.0, 0.914502, 0.40458, 0.654261, 0.0, 0.0, 0.0, 1.0],
                [1.0, 0.0, 0.0, 0.0, 0.0, 0.404589, -0.914499, 0.01626, 0.0, 0.914499, 0.404589, 0.654259, 0.0, 0.0, 0.0, 1.0],
                [1.0, 0.0, 0.0, 0.0, 0.0, 0.394057, -0.919086, 0.021327, 0.0, 0.919086, 0.394057, 0.654259, 0.0, 0.0, 0.0, 1.0],
                [1.0, 0.0, 0.0, 0.0, 0.0, 0.365156, -0.930947, 0.032711, 0.0, 0.930947, 0.365156, 0.654259, 0.0, 0.0, 0.0, 1.0],
                [1.0, 0.0, 0.0, 0.0, 0.0, 0.321788, -0.946812, 0.048798, 0.0, 0.946812, 0.321788, 0.654259, 0.0, 0.0, 0.0, 1.0],
                [1.0, 0.0, 0.0, 0.0, 0.0, 0.268055, -0.963404, 0.067976, 0.0, 0.963404, 0.268055, 0.654259, 0.0, 0.0, 0.0, 1.0],
                [1.0, 0.0, 0.0, 0.0, 0.0, 0.208518, -0.978018, 0.08863, 0.0, 0.978018, 0.208518, 0.654259, 0.0, 0.0, 0.0, 1.0],
                [1.0, 0.0, 0.0, 0.0, 0.0, 0.148198, -0.988958, 0.109147, 0.0, 0.988958, 0.148198, 0.654259, 0.0, 0.0, 0.0, 1.0],
                [1.0, 0.0, 0.0, 0.0, 0.0, 0.092371, -0.995725, 0.127914, 0.0, 0.995725, 0.092371, 0.654259, 0.0, 0.0, 0.0, 1.0],
                [1.0, 0.0, 0.0, 0.0, 0.0, 0.046303, -0.998927, 0.143316, 0.0, 0.998927, 0.046303, 0.654259, 0.0, 0.0, 0.0, 1.0],
                [1.0, 0.0, 0.0, 0.0, 0.0, 0.015077, -0.999886, 0.153741, 0.0, 0.999886, 0.015077, 0.654259, 0.0, 0.0, 0.0, 1.0],
                [1.0, 0.0, 0.0, 0.0, 0.0, 0.003591, -0.999994, 0.157575, 0.0, 0.999994, 0.003591, 0.654259, 0.0, 0.0, 0.0, 1.0],
                [1.0, 0.0, 0.0, 0.0, 0.0, 0.003591, -0.999994, 0.157575, 0.0, 0.999994, 0.003591, 0.654259, 0.0, 0.0, 0.0, 1.0],
                [1.0, 0.0, 0.0, 0.0, 0.0, 0.003591, -0.999994, 0.157575, 0.0, 0.999994, 0.003591, 0.654259, 0.0, 0.0, 0.0, 1.0],
                [1.0, 0.0, 0.0, 0.0, 0.0, 0.003591, -0.999994, 0.157575, 0.0, 0.999994, 0.003591, 0.654259, 0.0, 0.0, 0.0, 1.0],
                [1.0, 0.0, 0.0, 0.0, 0.0, 0.003591, -0.999994, 0.157575, 0.0, 0.999994, 0.003591, 0.654259, 0.0, 0.0, 0.0, 1.0],
                [1.0, 0.0, 0.0, 0.0, 0.0, 0.003591, -0.999994, 0.157575, 0.0, 0.999994, 0.003591, 0.654259, 0.0, 0.0, 0.0, 1.0],
                [1.0, 0.0, 0.0, 0.0, 0.0, 0.003591, -0.999994, 0.157575, 0.0, 0.999994, 0.003591, 0.654259, 0.0, 0.0, 0.0, 1.0],
                [1.0, 0.0, 0.0, 0.0, 0.0, 0.003591, -0.999994, 0.157575, 0.0, 0.999994, 0.003591, 0.654259, 0.0, 0.0, 0.0, 1.0],
                [1.0, 0.0, 0.0, 0.0, 0.0, 0.003591, -0.999994, 0.157575, 0.0, 0.999994, 0.003591, 0.654259, 0.0, 0.0, 0.0, 1.0],
                [1.0, 0.0, 0.0, 0.0, 0.0, 0.003591, -0.999994, 0.157575, 0.0, 0.999994, 0.003591, 0.654259, 0.0, 0.0, 0.0, 1.0],
                [1.0, 0.0, 0.0, 0.0, 0.0, 0.003591, -0.999994, 0.157575, 0.0, 0.999994, 0.003591, 0.654259, 0.0, 0.0, 0.0, 1.0],
                [1.0, 0.0, 0.0, 0.0, 0.0, 0.003591, -0.999994, 0.157575, 0.0, 0.999994, 0.003591, 0.654259, 0.0, 0.0, 0.0, 1.0],
                [1.0, 0.0, 0.0, 0.0, 0.0, 0.003591, -0.999994, 0.157575, 0.0, 0.999994, 0.003591, 0.654259, 0.0, 0.0, 0.0, 1.0],
                [1.0, 0.0, 0.0, 0.0, 0.0, 0.003591, -0.999994, 0.157575, 0.0, 0.999994, 0.003591, 0.654259, 0.0, 0.0, 0.0, 1.0],
                [1.0, 0.0, 0.0, 0.0, 0.0, 0.003591, -0.999994, 0.157575, 0.0, 0.999994, 0.003591, 0.654259, 0.0, 0.0, 0.0, 1.0],
                [1.0, 0.0, 0.0, 0.0, 0.0, 0.003591, -0.999994, 0.157575, 0.0, 0.999994, 0.003591, 0.654259, 0.0, 0.0, 0.0, 1.0],
                [1.0, 0.0, 0.0, 0.0, 0.0, 0.003587, -0.999994, 0.15742, 0.0, 0.999994, 0.003587, 0.654323, 0.0, 0.0, 0.0, 1.0],
                [1.0, 0.0, 0.0, 0.0, 0.0, 0.003577, -0.999994, 0.156965, 0.0, 0.999994, 0.003577, 0.654512, 0.0, 0.0, 0.0, 1.0],
                [1.0, 0.0, 0.0, 0.0, 0.0, 0.00356, -0.999994, 0.156219, 0.0, 0.999994, 0.00356, 0.654821, 0.0, 0.0, 0.0, 1.0],
                [1.0, 0.0, 0.0, 0.0, 0.0, 0.003536, -0.999994, 0.155195, 0.0, 0.999994, 0.003536, 0.655246, 0.0, 0.0, 0.0, 1.0],
                [1.0, 0.0, 0.0, 0.0, 0.0, 0.003507, -0.999994, 0.153905, 0.0, 0.999994, 0.003507, 0.655781, 0.0, 0.0, 0.0, 1.0],
                [1.0, 0.0, 0.0, 0.0, 0.0, 0.003472, -0.999994, 0.152358, 0.0, 0.999994, 0.003472, 0.656423, 0.0, 0.0, 0.0, 1.0],
                [1.0, 0.0, 0.0, 0.0, 0.0, 0.003431, -0.999994, 0.150567, 0.0, 0.999994, 0.003431, 0.657166, 0.0, 0.0, 0.0, 1.0],
                [1.0, 0.0, 0.0, 0.0, 0.0, 0.003385, -0.999994, 0.148543, 0.0, 0.999994, 0.003385, 0.658005, 0.0, 0.0, 0.0, 1.0],
                [1.0, 0.0, 0.0, 0.0, 0.0, 0.003334, -0.999994, 0.146297, 0.0, 0.999994, 0.003334, 0.658936, 0.0, 0.0, 0.0, 1.0],
                [1.0, 0.0, 0.0, 0.0, 0.0, 0.003278, -0.999995, 0.143842, 0.0, 0.999995, 0.003278, 0.659955, 0.0, 0.0, 0.0, 1.0],
                [1.0, 0.0, 0.0, 0.0, 0.0, 0.003217, -0.999995, 0.141187, 0.0, 0.999995, 0.003217, 0.661056, 0.0, 0.0, 0.0, 1.0],
                [1.0, 0.0, 0.0, 0.0, 0.0, 0.003152, -0.999995, 0.138345, 0.0, 0.999995, 0.003152, 0.662235, 0.0, 0.0, 0.0, 1.0],
                [1.0, 0.0, 0.0, 0.0, 0.0, 0.003084, -0.999995, 0.135326, 0.0, 0.999995, 0.003084, 0.663486, 0.0, 0.0, 0.0, 1.0],
                [1.0, 0.0, 0.0, 0.0, 0.0, 0.003011, -0.999995, 0.132143, 0.0, 0.999995, 0.003011, 0.664807, 0.0, 0.0, 0.0, 1.0],
                [1.0, 0.0, 0.0, 0.0, 0.0, 0.002935, -0.999996, 0.128806, 0.0, 0.999996, 0.002935, 0.666191, 0.0, 0.0, 0.0, 1.0],
                [1.0, 0.0, 0.0, 0.0, 0.0, 0.002856, -0.999996, 0.125328, 0.0, 0.999996, 0.002856, 0.667633, 0.0, 0.0, 0.0, 1.0],
                [1.0, 0.0, 0.0, 0.0, 0.0, 0.002774, -0.999996, 0.121718, 0.0, 0.999996, 0.002774, 0.66913, 0.0, 0.0, 0.0, 1.0],
                [1.0, 0.0, 0.0, 0.0, 0.0, 0.002689, -0.999996, 0.117989, 0.0, 0.999996, 0.002689, 0.670677, 0.0, 0.0, 0.0, 1.0],
                [1.0, 0.0, 0.0, 0.0, 0.0, 0.002601, -0.999997, 0.114153, 0.0, 0.999997, 0.002601, 0.672268, 0.0, 0.0, 0.0, 1.0],
                [1.0, 0.0, 0.0, 0.0, 0.0, 0.002512, -0.999997, 0.110219, 0.0, 0.999997, 0.002512, 0.673899, 0.0, 0.0, 0.0, 1.0],
                [1.0, 0.0, 0.0, 0.0, 0.0, 0.00242, -0.999997, 0.106201, 0.0, 0.999997, 0.00242, 0.675566, 0.0, 0.0, 0.0, 1.0],
                [1.0, 0.0, 0.0, 0.0, 0.0, 0.002327, -0.999997, 0.102108, 0.0, 0.999997, 0.002327, 0.677263, 0.0, 0.0, 0.0, 1.0],
                [1.0, 0.0, 0.0, 0.0, 0.0, 0.002232, -0.999997, 0.097953, 0.0, 0.999997, 0.002232, 0.678987, 0.0, 0.0, 0.0, 1.0],
                [1.0, 0.0, 0.0, 0.0, 0.0, 0.002136, -0.999998, 0.093747, 0.0, 0.999998, 0.002136, 0.680731, 0.0, 0.0, 0.0, 1.0],
                [1.0, 0.0, 0.0, 0.0, 0.0, 0.002039, -0.999998, 0.089501, 0.0, 0.999998, 0.002039, 0.682492, 0.0, 0.0, 0.0, 1.0],
                [1.0, 0.0, 0.0, 0.0, 0.0, 0.001942, -0.999998, 0.085227, 0.0, 0.999998, 0.001942, 0.684265, 0.0, 0.0, 0.0, 1.0],
                [1.0, 0.0, 0.0, 0.0, 0.0, 0.001844, -0.999998, 0.080936, 0.0, 0.999998, 0.001844, 0.686045, 0.0, 0.0, 0.0, 1.0],
                [1.0, 0.0, 0.0, 0.0, 0.0, 0.001746, -0.999998, 0.076639, 0.0, 0.999998, 0.001746, 0.687827, 0.0, 0.0, 0.0, 1.0],
                [1.0, 0.0, 0.0, 0.0, 0.0, 0.001649, -0.999999, 0.072347, 0.0, 0.999999, 0.001649, 0.689606, 0.0, 0.0, 0.0, 1.0],
                [1.0, 0.0, 0.0, 0.0, 0.0, 0.001551, -0.999999, 0.068073, 0.0, 0.999999, 0.001551, 0.691379, 0.0, 0.0, 0.0, 1.0],
                [1.0, 0.0, 0.0, 0.0, 0.0, 0.001454, -0.999999, 0.063827, 0.0, 0.999999, 0.001454, 0.69314, 0.0, 0.0, 0.0, 1.0],
                [1.0, 0.0, 0.0, 0.0, 0.0, 0.001359, -0.999999, 0.059621, 0.0, 0.999999, 0.001359, 0.694885, 0.0, 0.0, 0.0, 1.0],
                [1.0, 0.0, 0.0, 0.0, 0.0, 0.001264, -0.999999, 0.055466, 0.0, 0.999999, 0.001264, 0.696608, 0.0, 0.0, 0.0, 1.0],
                [1.0, 0.0, 0.0, 0.0, 0.0, 0.001171, -0.999999, 0.051374, 0.0, 0.999999, 0.001171, 0.698305, 0.0, 0.0, 0.0, 1.0],
                [1.0, 0.0, 0.0, 0.0, 0.0, 0.001079, -0.999999, 0.047355, 0.0, 0.999999, 0.001079, 0.699972, 0.0, 0.0, 0.0, 1.0],
                [1.0, 0.0, 0.0, 0.0, 0.0, 0.000989, -1.0, 0.043422, 0.0, 1.0, 0.000989, 0.701603, 0.0, 0.0, 0.0, 1.0],
                [1.0, 0.0, 0.0, 0.0, 0.0, 0.000902, -1.0, 0.039585, 0.0, 1.0, 0.000902, 0.703194, 0.0, 0.0, 0.0, 1.0],
                [1.0, 0.0, 0.0, 0.0, 0.0, 0.000817, -1.0, 0.035856, 0.0, 1.0, 0.000817, 0.704741, 0.0, 0.0, 0.0, 1.0],
                [1.0, 0.0, 0.0, 0.0, 0.0, 0.000735, -1.0, 0.032247, 0.0, 1.0, 0.000735, 0.706238, 0.0, 0.0, 0.0, 1.0],
                [1.0, 0.0, 0.0, 0.0, 0.0, 0.000656, -1.0, 0.028768, 0.0, 1.0, 0.000656, 0.707681, 0.0, 0.0, 0.0, 1.0],
                [1.0, 0.0, 0.0, 0.0, 0.0, 0.00058, -1.0, 0.025432, 0.0, 1.0, 0.00058, 0.709064, 0.0, 0.0, 0.0, 1.0],
                [1.0, 0.0, 0.0, 0.0, 0.0, 0.000507, -1.0, 0.022248, 0.0, 1.0, 0.000507, 0.710385, 0.0, 0.0, 0.0, 1.0],
                [1.0, 0.0, 0.0, 0.0, 0.0, 0.000438, -1.0, 0.01923, 0.0, 1.0, 0.000438, 0.711637, 0.0, 0.0, 0.0, 1.0],
                [1.0, 0.0, 0.0, 0.0, 0.0, 0.000373, -1.0, 0.016388, 0.0, 1.0, 0.000373, 0.712815, 0.0, 0.0, 0.0, 1.0],
                [1.0, 0.0, 0.0, 0.0, 0.0, 0.000313, -1.0, 0.013733, 0.0, 1.0, 0.000313, 0.713916, 0.0, 0.0, 0.0, 1.0],
                [1.0, 0.0, 0.0, 0.0, 0.0, 0.000257, -1.0, 0.011277, 0.0, 1.0, 0.000257, 0.714935, 0.0, 0.0, 0.0, 1.0],
                [1.0, 0.0, 0.0, 0.0, 0.0, 0.000206, -1.0, 0.009032, 0.0, 1.0, 0.000206, 0.715866, 0.0, 0.0, 0.0, 1.0],
                [1.0, 0.0, 0.0, 0.0, 0.0, 0.00016, -1.0, 0.007008, 0.0, 1.0, 0.00016, 0.716706, 0.0, 0.0, 0.0, 1.0],
                [1.0, 0.0, 0.0, 0.0, 0.0, 0.000119, -1.0, 0.005217, 0.0, 1.0, 0.000119, 0.717448, 0.0, 0.0, 0.0, 1.0],
                [1.0, 0.0, 0.0, 0.0, 0.0, 8.4e-05, -1.0, 0.00367, 0.0, 1.0, 8.4e-05, 0.71809, 0.0, 0.0, 0.0, 1.0],
                [1.0, 0.0, 0.0, 0.0, 0.0, 5.4e-05, -1.0, 0.002379, 0.0, 1.0, 5.4e-05, 0.718625, 0.0, 0.0, 0.0, 1.0],
                [1.0, 0.0, 0.0, 0.0, 0.0, 3.1e-05, -1.0, 0.001355, 0.0, 1.0, 3.1e-05, 0.71905, 0.0, 0.0, 0.0, 1.0],
                [1.0, 0.0, 0.0, 0.0, 0.0, 1.4e-05, -1.0, 0.00061, 0.0, 1.0, 1.4e-05, 0.719359, 0.0, 0.0, 0.0, 1.0],
                [1.0, 0.0, 0.0, 0.0, 0.0, 4e-06, -1.0, 0.000154, 0.0, 1.0, 4e-06, 0.719548, 0.0, 0.0, 0.0, 1.0],
                [1.0, 0.0, 0.0, 0.0, 0.0, -0.0, -1.0, 0.0, 0.0, 1.0, -0.0, 0.719612, 0.0, 0.0, 0.0, 1.0]
            ]
        },
        {
            "name": "body",
            "time": [0.0, 0.0167, 0.0333, 0.05, 0.0667, 0.0833, 0.1, 0.1167, 0.1333, 0.15, 0.1667, 0.1833, 0.2, 0.2167, 0.2333, 0.25, 0.2667, 0.2833, 0.3, 0.3167, 0.3333, 0.35, 0.3667, 0.3833, 0.4, 0.4167, 0.4333, 0.45, 0.4667, 0.4833, 0.5, 0.5167, 0.5333, 0.55, 0.5667, 0.5833, 0.6, 0.6167, 0.6333, 0.65, 0.6667, 0.6833, 0.7, 0.7167, 0.7333, 0.75, 0.7667, 0.7833, 0.8, 0.8167, 0.8333, 0.85, 0.8667, 0.8833, 0.9, 0.9167, 0.9333, 0.95, 0.9667, 0.9833, 1.0, 1.0167, 1.0333, 1.05, 1.0667, 1.0833, 1.1, 1.1167, 1.1333, 1.15, 1.1667, 1.1833, 1.2, 1.2167, 1.2333, 1.25, 1.2667, 1.2833, 1.3, 1.3167, 1.3333, 1.35, 1.3667, 1.3833, 1.4, 1.4167, 1.4333, 1.45, 1.4667, 1.4833, 1.5, 1.5167, 1.5333, 1.55, 1.5667, 1.5833, 1.6, 1.6167, 1.6333, 1.65, 1.6667, 1.6833, 1.7, 1.7167, 1.7333, 1.75, 1.7667, 1.7833, 1.8, 1.8167, 1.8333, 1.85, 1.8667, 1.8833, 1.9, 1.9167, 1.9333, 1.95, 1.9667, 1.9833, 2.0],
            "transform": [
                [1.0, 0.0, 0.0, 0.0, 0.0, 0.995409, -0.095708, 0.06933, 0.0, 0.095708, 0.995409, 0.0, 0.0, 0.0, 0.0, 1.0],
                [1.0, 0.0, 0.0, 0.0, 0.0, 0.995426, -0.095534, 0.06933, 0.0, 0.095534, 0.995426, 0.0, 0.0, 0.0, 0.0, 1.0],
                [1.0, 0.0, 0.0, 0.0, 0.0, 0.995475, -0.095029, 0.06933, 0.0, 0.095029, 0.995475, 0.0, 0.0, 0.0, 0.0, 1.0],
                [1.0, 0.0, 0.0, 0.0, 0.0, 0.995552, -0.094218, 0.06933, 0.0, 0.094218, 0.995552, -0.0, 0.0, 0.0, 0.0, 1.0],
                [1.0, 0.0, 0.0, 0.0, 0.0, 0.995654, -0.093126, 0.06933, 0.0, 0.093126, 0.995654, 0.0, 0.0, 0.0, 0.0, 1.0],
                [1.0, 0.0, 0.0, 0.0, 0.0, 0.995779, -0.091779, 0.06933, 0.0, 0.091779, 0.995779, -0.0, 0.0, 0.0, 0.0, 1.0],
                [1.0, 0.0, 0.0, 0.0, 0.0, 0.995924, -0.090201, 0.06933, 0.0, 0.090201, 0.995924, 0.0, 0.0, 0.0, 0.0, 1.0],
                [1.0, 0.0, 0.0, 0.0, 0.0, 0.996083, -0.088418, 0.06933, 0.0, 0.088418, 0.996083, -0.0, 0.0, 0.0, 0.0, 1.0],
                [1.0, 0.0, 0.0, 0.0, 0.0, 0.996256, -0.086455, 0.06933, 0.0, 0.086455, 0.996256, 0.0, 0.0, 0.0, 0.0, 1.0],
                [1.0, 0.0, 0.0, 0.0, 0.0, 0.996437, -0.084337, 0.06933, 0.0, 0.084337, 0.996437, 0.0, 0.0, 0.0, 0.0, 1.0],
                [1.0, 0.0, 0.0, 0.0, 0.0, 0.996625, -0.082089, 0.06933, 0.0, 0.082089, 0.996625, 0.0, 0.0, 0.0, 0.0, 1.0],
                [1.0, 0.0, 0.0, 0.0, 0.0, 0.996816, -0.079736, 0.06933, 0.0, 0.079736, 0.996816, 0.0, 0.0, 0.0, 0.0, 1.0],
                [1.0, 0.0, 0.0, 0.0, 0.0, 0.997008, -0.077304, 0.06933, 0.0, 0.077304, 0.997008, -0.0, 0.0, 0.0, 0.0, 1.0],
                [1.0, 0.0, 0.0, 0.0, 0.0, 0.997197, -0.074817, 0.069331, 0.0, 0.074817, 0.997197, -0.0, 0.0, 0.0, 0.0, 1.0],
                [1.0, 0.0, 0.0, 0.0, 0.0, 0.997383, -0.072302, 0.06933, 0.0, 0.072302, 0.997383, -0.0, 0.0, 0.0, 0.0, 1.0],
                [1.0, 0.0, 0.0, 0.0, 0.0, 0.997562, -0.069783, 0.06933, 0.0, 0.069783, 0.997562, 0.0, 0.0, 0.0, 0.0, 1.0],
                [1.0, 0.0, 0.0, 0.0, 0.0, 0.997734, -0.067286, 0.06933, 0.0, 0.067286, 0.997734, -0.0, 0.0, 0.0, 0.0, 1.0],
                [1.0, 0.0, 0.0, 0.0, 0.0, 0.997896, -0.064835, 0.06933, 0.0, 0.064835, 0.997896, 0.0, 0.0, 0.0, 0.0, 1.0],
                [1.0, 0.0, 0.0, 0.0, 0.0, 0.998048, -0.062457, 0.06933, 0.0, 0.062457, 0.998048, -0.0, 0.0, 0.0, 0.0, 1.0],
                [1.0, 0.0, 0.0, 0.0, 0.0, 0.998188, -0.060177, 0.06933, 0.0, 0.060177, 0.998188, 0.0, 0.0, 0.0, 0.0, 1.0],
                [1.0, 0.0, 0.0, 0.0, 0.0, 0.998316, -0.058019, 0.06933, 0.0, 0.058019, 0.998316, -0.0, 0.0, 0.0, 0.0, 1.0],
                [1.0, 0.0, 0.0, 0.0, 0.0, 0.99843, -0.056009, 0.06933, 0.0, 0.056009, 0.99843, -0.0, 0.0, 0.0, 0.0, 1.0],
                [1.0, 0.0, 0.0, 0.0, 0.0, 0.998532, -0.054173, 0.06933, 0.0, 0.054173, 0.998532, -0.0, 0.0, 0.0, 0.0, 1.0],
                [1.0, 0.0, 0.0, 0.0, 0.0, 0.998619, -0.052536, 0.06933, 0.0, 0.052536, 0.998619, -0.0, 0.0, 0.0, 0.0, 1.0],
                [1.0, 0.0, 0.0, 0.0, 0.0, 0.998692, -0.051123, 0.06933, 0.0, 0.051123, 0.998692, -0.0, 0.0, 0.0, 0.0, 1.0],
                [1.0, 0.0, 0.0, 0.0, 0.0, 0.998751, -0.04996, 0.06933, 0.0, 0.04996, 0.998751, -0.0, 0.0, 0.0, 0.0, 1.0],
                [1.0, 0.0, 0.0, 0.0, 0.0, 0.998796, -0.049052, 0.06933, 0.0, 0.049052, 0.998796, 0.0, 0.0, 0.0, 0.0, 1.0],
                [1.0, 0.0, 0.0, 0.0, 0.0, 0.998831, -0.048333, 0.06933, 0.0, 0.048333, 0.998831, -0.0, 0.0, 0.0, 0.0, 1.0],
                [1.0, 0.0, 0.0, 0.0, 0.0, 0.998861, -0.047715, 0.06933, 0.0, 0.047715, 0.998861, 0.0, 0.0, 0.0, 0.0, 1.0],
                [1.0, 0.0, 0.0, 0.0, 0.0, 0.99889, -0.047111, 0.06933, 0.0, 0.047111, 0.99889, 0.0, 0.0, 0.0, 0.0, 1.0],
                [1.0, 0.0, 0.0, 0.0, 0.0, 0.998921, -0.046435, 0.06933, 0.0, 0.046435, 0.998921, 0.0, 0.0, 0.0, 0.0, 1.0],
                [1.0, 0.0, 0.0, 0.0, 0.0, 0.99896, -0.045601, 0.06933, 0.0, 0.045601, 0.99896, 0.0, 0.0, 0.0, 0.0, 1.0],
                [1.0, 0.0, 0.0, 0.0, 0.0, 0.999008, -0.044521, 0.06933, 0.0, 0.044521, 0.999008, 0.0, 0.0, 0.0, 0.0, 1.0],
                [1.0, 0.0, 0.0, 0.0, 0.0, 0.99907, -0.043108, 0.06933, 0.0, 0.043108, 0.99907, -0.0, 0.0, 0.0, 0.0, 1.0],
                [1.0, 0.0, 0.0, 0.0, 0.0, 0.999148, -0.041277, 0.06933, 0.0, 0.041277, 0.999148, 0.0, 0.0, 0.0, 0.0, 1.0],
                [1.0, 0.0, 0.0, 0.0, 0.0, 0.999242, -0.03894, 0.06933, 0.0, 0.03894, 0.999242, 0.0, 0.0, 0.0, 0.0, 1.0],
                [1.0, 0.0, 0.0, 0.0, 0.0, 0.999352, -0.036009, 0.06933, 0.0, 0.036009, 0.999352, -0.0, 0.0, 0.0, 0.0, 1.0],
                [1.0, 0.0, 0.0, 0.0, 0.0, 0.999475, -0.032399, 0.069331, 0.0, 0.032399, 0.999475, -0.0, 0.0, 0.0, 0.0, 1.0],
                [1.0, 0.0, 0.0, 0.0, 0.0, 0.999607, -0.028022, 0.06933, 0.0, 0.028022, 0.999607, 0.0, 0.0, 0.0, 0.0, 1.0],
                [1.0, 0.0, 0.0, 0.0, 0.0, 0.99974, -0.022791, 0.06933, 0.0, 0.022791, 0.99974, -0.0, 0.0, 0.0, 0.0, 1.0],
                [1.0, 0.0, 0.0, 0.0, 0.0, 0.999862, -0.016618, 0.06933, 0.0, 0.016618, 0.999862, -0.0, 0.0, 0.0, 0.0, 1.0],
                [1.0, 0.0, 0.0, 0.0, 0.0, 0.999958, -0.009147, 0.06933, 0.0, 0.009147, 0.999958, 0.0, 0.0, 0.0, 0.0, 1.0],
                [1.0, 0.0, 0.0, 0.0, 0.0, 1.0, -0.000402, 0.069331, 0.0, 0.000402, 1.0, -0.0, 0.0, 0.0, 0.0, 1.0],
                [1.0, 0.0, 0.0, 0.0, 0.0, 0.999958, 0.009133, 0.06933, 0.0, -0.009133, 0.999958, 0.0, 0.0, 0.0, 0.0, 1.0],
                [1.0, 0.0, 0.0, 0.0, 0.0, 0.99982, 0.01897, 0.06933, 0.0, -0.01897, 0.99982, 0.0, 0.0, 0.0, 0.0, 1.0],
                [1.0, 0.0, 0.0, 0.0, 0.0, 0.99959, 0.028623, 0.069331, 0.0, -0.028623, 0.99959, 0.0, 0.0, 0.0, 0.0, 1.0],
                [1.0, 0.0, 0.0, 0.0, 0.0, 0.999292, 0.037607, 0.06933, 0.0, -0.037607, 0.999292, 0.0, 0.0, 0.0, 0.0, 1.0],
                [1.0, 0.0, 0.0, 0.0, 0.0, 0.998967, 0.045436, 0.06933, 0.0, -0.045436, 0.998967, -0.0, 0.0, 0.0, 0.0, 1.0],
                [1.0, 0.0, 0.0, 0.0, 0.0, 0.998666, 0.051626, 0.06933, 0.0, -0.051626, 0.998666, 0.0, 0.0, 0.0, 0.0, 1.0],
                [1.0, 0.0, 0.0, 0.0, 0.0, 0.998448, 0.055695, 0.06933, 0.0, -0.055695, 0.998448, 0.0, 0.0, 0.0, 0.0, 1.0],
                [1.0, 0.0, 0.0, 0.0, 0.0, 0.998365, 0.057158, 0.06933, 0.0, -0.057158, 0.998365, 0.0, 0.0, 0.0, 0.0, 1.0],
                [1.0, 0.0, 0.0, 0.0, 0.0, 0.998365, 0.057158, 0.06933, 0.0, -0.057158, 0.998365, 0.0, 0.0, 0.0, 0.0, 1.0],
                [1.0, 0.0, 0.0, 0.0, 0.0, 0.998365, 0.057158, 0.06933, 0.0, -0.057158, 0.998365, 0.0, 0.0, 0.0, 0.0, 1.0],
                [1.0, 0.0, 0.0, 0.0, 0.0, 0.998365, 0.057158, 0.06933, 0.0, -0.057158, 0.998365, 0.0, 0.0, 0.0, 0.0, 1.0],
                [1.0, 0.0, 0.0, 0.0, 0.0, 0.998365, 0.057158, 0.06933, 0.0, -0.057158, 0.998365, 0.0, 0.0, 0.0, 0.0, 1.0],
                [1.0, 0.0, 0.0, 0.0, 0.0, 0.998365, 0.057158, 0.06933, 0.0, -0.057158, 0.998365, 0.0, 0.0, 0.0, 0.0, 1.0],
                [1.0, 0.0, 0.0, 0.0, 0.0, 0.998365, 0.057158, 0.06933, 0.0, -0.057158, 0.998365, 0.0, 0.0, 0.0, 0.0, 1.0],
                [1.0, 0.0, 0.0, 0.0, 0.0, 0.998365, 0.057158, 0.06933, 0.0, -0.057158, 0.998365, 0.0, 0.0, 0.0, 0.0, 1.0],
                [1.0, 0.0, 0.0, 0.0, 0.0, 0.998365, 0.057158, 0.06933, 0.0, -0.057158, 0.998365, 0.0, 0.0, 0.0, 0.0, 1.0],
                [1.0, 0.0, 0.0, 0.0, 0.0, 0.998365, 0.057158, 0.06933, 0.0, -0.057158, 0.998365, 0.0, 0.0, 0.0, 0.0, 1.0],
                [1.0, 0.0, 0.0, 0.0, 0.0, 0.998365, 0.057158, 0.06933, 0.0, -0.057158, 0.998365, 0.0, 0.0, 0.0, 0.0, 1.0],
                [1.0, 0.0, 0.0, 0.0, 0.0, 0.998365, 0.057158, 0.06933, 0.0, -0.057158, 0.998365, 0.0, 0.0, 0.0, 0.0, 1.0],
                [1.0, 0.0, 0.0, 0.0, 0.0, 0.998365, 0.057158, 0.06933, 0.0, -0.057158, 0.998365, 0.0, 0.0, 0.0, 0.0, 1.0],
                [1.0, 0.0, 0.0, 0.0, 0.0, 0.998365, 0.057158, 0.06933, 0.0, -0.057158, 0.998365, 0.0, 0.0, 0.0, 0.0, 1.0],
                [1.0, 0.0, 0.0, 0.0, 0.0, 0.998365, 0.057158, 0.06933, 0.0, -0.057158, 0.998365, 0.0, 0.0, 0.0, 0.0, 1.0],
                [1.0, 0.0, 0.0, 0.0, 0.0, 0.998365, 0.057158, 0.06933, 0.0, -0.057158, 0.998365, 0.0, 0.0, 0.0, 0.0, 1.0],
                [1.0, 0.0, 0.0, 0.0, 0.0, 0.998374, 0.057008, 0.069331, 0.0, -0.057008, 0.998374, 0.0, 0.0, 0.0, 0.0, 1.0],
                [1.0, 0.0, 0.0, 0.0, 0.0, 0.998399, 0.056567, 0.069331, 0.0, -0.056567, 0.998399, -0.0, 0.0, 0.0, 0.0, 1.0],
                [1.0, 0.0, 0.0, 0.0, 0.0, 0.998439, 0.055845, 0.06933, 0.0, -0.055845, 0.998439, -0.0, 0.0, 0.0, 0.0, 1.0],
                [1.0, 0.0, 0.0, 0.0, 0.0, 0.998494, 0.054853, 0.06933, 0.0, -0.054853, 0.998494, 0.0, 0.0, 0.0, 0.0, 1.0],
                [1.0, 0.0, 0.0, 0.0, 0.0, 0.998562, 0.053602, 0.06933, 0.0, -0.053602, 0.998562, 0.0, 0.0, 0.0, 0.0, 1.0],
                [1.0, 0.0, 0.0, 0.0, 0.0, 0.998642, 0.052103, 0.06933, 0.0, -0.052103, 0.998642, 0.0, 0.0, 0.0, 0.0, 1.0],
                [1.0, 0.0, 0.0, 0.0, 0.0, 0.998731, 0.050368, 0.06933, 0.0, -0.050368, 0.998731, 0.0, 0.0, 0.0, 0.0, 1.0],
                [1.0, 0.0, 0.0, 0.0, 0.0, 0.998828, 0.048406, 0.06933, 0.0, -0.048406, 0.998828, -0.0, 0.0, 0.0, 0.0, 1.0],
                [1.0, 0.0, 0.0, 0.0, 0.0, 0.998931, 0.046228, 0.06933, 0.0, -0.046228, 0.998931, 0.0, 0.0, 0.0, 0.0, 1.0],
                [1.0, 0.0, 0.0, 0.0, 0.0, 0.999038, 0.043847, 0.06933, 0.0, -0.043847, 0.999038, 0.0, 0.0, 0.0, 0.0, 1.0],
                [1.0, 0.0, 0.0, 0.0, 0.0, 0.999148, 0.041272, 0.06933, 0.0, -0.041272, 0.999148, -0.0, 0.0, 0.0, 0.0, 1.0],
                [1.0, 0.0, 0.0, 0.0, 0.0, 0.999258, 0.038515, 0.06933, 0.0, -0.038515, 0.999258, -0.0, 0.0, 0.0, 0.0, 1.0],
                [1.0, 0.0, 0.0, 0.0, 0.0, 0.999367, 0.035586, 0.06933, 0.0, -0.035586, 0.999367, -0.0, 0.0, 0.0, 0.0, 1.0],
                [1.0, 0.0, 0.0, 0.0, 0.0, 0.999472, 0.032497, 0.06933, 0.0, -0.032497, 0.999472, 0.0, 0.0, 0.0, 0.0, 1.0],
                [1.0, 0.0, 0.0, 0.0, 0.0, 0.999572, 0.029258, 0.06933, 0.0, -0.029258, 0.999572, -0.0, 0.0, 0.0, 0.0, 1.0],
                [1.0, 0.0, 0.0, 0.0, 0.0, 0.999665, 0.025881, 0.06933, 0.0, -0.025881, 0.999665, -0.0, 0.0, 0.0, 0.0, 1.0],
                [1.0, 0.0, 0.0, 0.0, 0.0, 0.99975, 0.022376, 0.06933, 0.0, -0.022376, 0.99975, -0.0, 0.0, 0.0, 0.0, 1.0],
                [1.0, 0.0, 0.0, 0.0, 0.0, 0.999824, 0.018755, 0.06933, 0.0, -0.018755, 0.999824, 0.0, 0.0, 0.0, 0.0, 1.0],
                [1.0, 0.0, 0.0, 0.0, 0.0, 0.999887, 0.015029, 0.06933, 0.0, -0.015029, 0.999887, 0.0, 0.0, 0.0, 0.0, 1.0],
                [1.0, 0.0, 0.0, 0.0, 0.0, 0.999937, 0.011208, 0.06933, 0.0, -0.011208, 0.999937, -0.0, 0.0, 0.0, 0.0, 1.0],
                [1.0, 0.0, 0.0, 0.0, 0.0, 0.999973, 0.007304, 0.06933, 0.0, -0.007304, 0.999973, 0.0, 0.0, 0.0, 0.0, 1.0],
                [1.0, 0.0, 0.0, 0.0, 0.0, 0.999995, 0.003328, 0.06933, 0.0, -0.003328, 0.999995, -0.0, 0.0, 0.0, 0.0, 1.0],
                [1.0, 0.0, 0.0, 0.0, 0.0, 1.0, -0.000709, 0.069331, 0.0, 0.000709, 1.0, 0.0, 0.0, 0.0, 0.0, 1.0],
                [1.0, 0.0, 0.0, 0.0, 0.0, 0.999989, -0.004796, 0.06933, 0.0, 0.004796, 0.999989, 0.0, 0.0, 0.0, 0.0, 1.0],
                [1.0, 0.0, 0.0, 0.0, 0.0, 0.99996, -0.008921, 0.069331, 0.0, 0.008921, 0.99996, 0.0, 0.0, 0.0, 0.0, 1.0],
                [1.0, 0.0, 0.0, 0.0, 0.0, 0.999915, -0.013075, 0.06933, 0.0, 0.013075, 0.999915, 0.0, 0.0, 0.0, 0.0, 1.0],
                [1.0, 0.0, 0.0, 0.0, 0.0, 0.999851, -0.017244, 0.069331, 0.0, 0.017244, 0.999851, 0.0, 0.0, 0.0, 0.0, 1.0],
                [1.0, 0.0, 0.0, 0.0, 0.0, 0.999771, -0.021419, 0.069331, 0.0, 0.021419, 0.999771, 0.0, 0.0, 0.0, 0.0, 1.0],
                [1.0, 0.0, 0.0, 0.0, 0.0, 0.999673, -0.025588, 0.06933, 0.0, 0.025588, 0.999673, -0.0, 0.0, 0.0, 0.0, 1.0],
                [1.0, 0.0, 0.0, 0.0, 0.0, 0.999558, -0.029739, 0.06933, 0.0, 0.029739, 0.999558, -0.0, 0.0, 0.0, 0.0, 1.0],
                [1.0, 0.0, 0.0, 0.0, 0.0, 0.999426, -0.033863, 0.069331, 0.0, 0.033863, 0.999426, 0.0, 0.0, 0.0, 0.0, 1.0],
                [1.0, 0.0, 0.0, 0.0, 0.0, 0.99928, -0.037947, 0.06933, 0.0, 0.037947, 0.99928, 0.0, 0.0, 0.0, 0.0, 1.0],
                [1.0, 0.0, 0.0, 0.0, 0.0, 0.999118, -0.041981, 0.06933, 0.0, 0.041981, 0.999118, -0.0, 0.0, 0.0, 0.0, 1.0],
                [1.0, 0.0, 0.0, 0.0, 0.0, 0.998944, -0.045953, 0.06933, 0.0, 0.045953, 0.998944, 0.0, 0.0, 0.0, 0.0, 1.0],
                [1.0, 0.0, 0.0, 0.0, 0.0, 0.998757, -0.049853, 0.06933, 0.0, 0.049853, 0.998757, -0.0, 0.0, 0.0, 0.0, 1.0],
                [1.0, 0.0, 0.0, 0.0, 0.0, 0.998559, -0.053669, 0.06933, 0.0, 0.053669, 0.998559, -0.0, 0.0, 0.0, 0.0, 1.0],
                [1.0, 0.0, 0.0, 0.0, 0.0, 0.998352, -0.05739, 0.069331, 0.0, 0.05739, 0.998352, 0.0, 0.0, 0.0, 0.0, 1.0],
                [1.0, 0.0, 0.0, 0.0, 0.0, 0.998137, -0.061005, 0.06933, 0.0, 0.061005, 0.998137, 0.0, 0.0, 0.0, 0.0, 1.0],
                [1.0, 0.0, 0.0, 0.0, 0.0, 0.997917, -0.064504, 0.06933, 0.0, 0.064504, 0.997917, 0.0, 0.0, 0.0, 0.0, 1.0],
                [1.0, 0.0, 0.0, 0.0, 0.0, 0.997694, -0.067875, 0.069331, 0.0, 0.067875, 0.997694, -0.0, 0.0, 0.0, 0.0, 1.0],
                [1.0, 0.0, 0.0, 0.0, 0.0, 0.997469, -0.071108, 0.06933, 0.0, 0.071108, 0.997469, -0.0, 0.0, 0.0, 0.0, 1.0],
                [1.0, 0.0, 0.0, 0.0, 0.0, 0.997244, -0.074191, 0.06933, 0.0, 0.074191, 0.997244, 0.0, 0.0, 0.0, 0.0, 1.0],
                [1.0, 0.0, 0.0, 0.0, 0.0, 0.997022, -0.077113, 0.06933, 0.0, 0.077113, 0.997022, 0.0, 0.0, 0.0, 0.0, 1.0],
                [1.0, 0.0, 0.0, 0.0, 0.0, 0.996806, -0.079864, 0.06933, 0.0, 0.079864, 0.996806, -0.0, 0.0, 0.0, 0.0, 1.0],
                [1.0, 0.0, 0.0, 0.0, 0.0, 0.996597, -0.082432, 0.06933, 0.0, 0.082432, 0.996597, 0.0, 0.0, 0.0, 0.0, 1.0],
                [1.0, 0.0, 0.0, 0.0, 0.0, 0.996397, -0.084808, 0.06933, 0.0, 0.084808, 0.996397, 0.0, 0.0, 0.0, 0.0, 1.0],
                [1.0, 0.0, 0.0, 0.0, 0.0, 0.99621, -0.08698, 0.06933, 0.0, 0.08698, 0.99621, -0.0, 0.0, 0.0, 0.0, 1.0],
                [1.0, 0.0, 0.0, 0.0, 0.0, 0.996037, -0.088936, 0.06933, 0.0, 0.088936, 0.996037, -0.0, 0.0, 0.0, 0.0, 1.0],
                [1.0, 0.0, 0.0, 0.0, 0.0, 0.995881, -0.090668, 0.06933, 0.0, 0.090668, 0.995881, -0.0, 0.0, 0.0, 0.0, 1.0],
                [1.0, 0.0, 0.0, 0.0, 0.0, 0.995744, -0.092162, 0.06933, 0.0, 0.092162, 0.995744, -0.0, 0.0, 0.0, 0.0, 1.0],
                [1.0, 0.0, 0.0, 0.0, 0.0, 0.995628, -0.09341, 0.06933, 0.0, 0.09341, 0.995628, 0.0, 0.0, 0.0, 0.0, 1.0],
                [1.0, 0.0, 0.0, 0.0, 0.0, 0.995534, -0.094399, 0.06933, 0.0, 0.094399, 0.995534, -0.0, 0.0, 0.0, 0.0, 1.0],
                [1.0, 0.0, 0.0, 0.0, 0.0, 0.995466, -0.095119, 0.06933, 0.0, 0.095119, 0.995466, 0.0, 0.0, 0.0, 0.0, 1.0],
                [1.0, 0.0, 0.0, 0.0, 0.0, 0.995424, -0.095559, 0.06933, 0.0, 0.095559, 0.995424, 0.0, 0.0, 0.0, 0.0, 1.0],
                [1.0, 0.0, 0.0, 0.0, 0.0, 0.995409, -0.095708, 0.06933, 0.0, 0.095708, 0.995409, 0.0, 0.0, 0.0, 0.0, 1.0]
            ]
        },
        {
            "name": "chest",
            "time": [0.0, 0.0167, 0.0333, 0.05, 0.0667, 0.0833, 0.1, 0.1167, 0.1333, 0.15, 0.1667, 0.1833, 0.2, 0.2167, 0.2333, 0.25, 0.2667, 0.2833, 0.3, 0.3167, 0.3333, 0.35, 0.3667, 0.3833, 0.4, 0.4167, 0.4333, 0.45, 0.4667, 0.4833, 0.5, 0.5167, 0.5333, 0.55, 0.5667, 0.5833, 0.6, 0.6167, 0.6333, 0.65, 0.6667, 0.6833, 0.7, 0.7167, 0.7333, 0.75, 0.7667, 0.7833, 0.8, 0.8167, 0.8333, 0.85, 0.8667, 0.8833, 0.9, 0.9167, 0.9333, 0.95, 0.9667, 0.9833, 1.0, 1.0167, 1.0333, 1.05, 1.0667, 1.0833, 1.1, 1.1167, 1.1333, 1.15, 1.1667, 1.1833, 1.2, 1.2167, 1.2333, 1.25, 1.2667, 1.2833, 1.3, 1.3167, 1.3333, 1.35, 1.3667, 1.3833, 1.4, 1.4167, 1.4333, 1.45, 1.4667, 1.4833, 1.5, 1.5167, 1.5333, 1.55, 1.5667, 1.5833, 1.6, 1.6167, 1.6333, 1.65, 1.6667, 1.6833, 1.7, 1.7167, 1.7333, 1.75, 1.7667, 1.7833, 1.8, 1.8167, 1.8333, 1.85, 1.8667, 1.8833, 1.9, 1.9167, 1.9333, 1.95, 1.9667, 1.9833, 2.0],
            "transform": [
                [1.0, 0.0, 0.0, 0.0, 0.0, 0.950644, 0.310283, 0.546315, 0.0, -0.310283, 0.950644, 0.0, 0.0, 0.0, 0.0, 1.0],
                [1.0, 0.0, 0.0, 0.0, 0.0, 0.95026, 0.311457, 0.546315, 0.0, -0.311457, 0.95026, 0.0, 0.0, 0.0, 0.0, 1.0],
                [1.0, 0.0, 0.0, 0.0, 0.0, 0.949139, 0.314857, 0.546315, 0.0, -0.314857, 0.949139, -0.0, 0.0, 0.0, 0.0, 1.0],
                [1.0, 0.0, 0.0, 0.0, 0.0, 0.947316, 0.320301, 0.546315, 0.0, -0.320301, 0.947316, 0.0, 0.0, 0.0, 0.0, 1.0],
                [1.0, 0.0, 0.0, 0.0, 0.0, 0.944816, 0.327601, 0.546315, 0.0, -0.327601, 0.944816, -0.0, 0.0, 0.0, 0.0, 1.0],
                [1.0, 0.0, 0.0, 0.0, 0.0, 0.941659, 0.33657, 0.546315, 0.0, -0.33657, 0.941659, -0.0, 0.0, 0.0, 0.0, 1.0],
                [1.0, 0.0, 0.0, 0.0, 0.0, 0.937859, 0.347016, 0.546315, 0.0, -0.347016, 0.937859, -0.0, 0.0, 0.0, 0.0, 1.0],
                [1.0, 0.0, 0.0, 0.0, 0.0, 0.933435, 0.358748, 0.546315, 0.0, -0.358748, 0.933435, -0.0, 0.0, 0.0, 0.0, 1.0],
                [1.0, 0.0, 0.0, 0.0, 0.0, 0.928404, 0.371572, 0.546315, 0.0, -0.371572, 0.928404, -0.0, 0.0, 0.0, 0.0, 1.0],
                [1.0, 0.0, 0.0, 0.0, 0.0, 0.922793, 0.385296, 0.546315, 0.0, -0.385296, 0.922793, -0.0, 0.0, 0.0, 0.0, 1.0],
                [1.0, 0.0, 0.0, 0.0, 0.0, 0.916634, 0.399726, 0.546315, 0.0, -0.399726, 0.916634, -0.0, 0.0, 0.0, 0.0, 1.0],
                [1.0, 0.0, 0.0, 0.0, 0.0, 0.909971, 0.414672, 0.546315, 0.0, -0.414672, 0.909971, 0.0, 0.0, 0.0, 0.0, 1.0],
                [1.0, 0.0, 0.0, 0.0, 0.0, 0.902855, 0.429946, 0.546315, 0.0, -0.429946, 0.902855, -0.0, 0.0, 0.0, 0.0, 1.0],
                [1.0, 0.0, 0.0, 0.0, 0.0, 0.895351, 0.445361, 0.546315, 0.0, -0.445361, 0.895351, 0.0, 0.0, 0.0, 0.0, 1.0],
                [1.0, 0.0, 0.0, 0.0, 0.0, 0.887536, 0.460739, 0.546315, 0.0, -0.460739, 0.887536, 0.0, 0.0, 0.0, 0.0, 1.0],
                [1.0, 0.0, 0.0, 0.0, 0.0, 0.879497, 0.475904, 0.546315, 0.0, -0.475904, 0.879497, 0.0, 0.0, 0.0, 0.0, 1.0],
                [1.0, 0.0, 0.0, 0.0, 0.0, 0.871336, 0.490687, 0.546315, 0.0, -0.490687, 0.871336, 0.0, 0.0, 0.0, 0.0, 1.0],
                [1.0, 0.0, 0.0, 0.0, 0.0, 0.863162, 0.504928, 0.546315, 0.0, -0.504928, 0.863162, 0.0, 0.0, 0.0, 0.0, 1.0],
                [1.0, 0.0, 0.0, 0.0, 0.0, 0.855096, 0.518471, 0.546315, 0.0, -0.518471, 0.855096, 0.0, 0.0, 0.0, 0.0, 1.0],
                [1.0, 0.0, 0.0, 0.0, 0.0, 0.847266, 0.531168, 0.546315, 0.0, -0.531168, 0.847266, 0.0, 0.0, 0.0, 0.0, 1.0],
                [1.0, 0.0, 0.0, 0.0, 0.0, 0.839811, 0.54288, 0.546315, 0.0, -0.54288, 0.839811, -0.0, 0.0, 0.0, 0.0, 1.0],
                [1.0, 0.0, 0.0, 0.0, 0.0, 0.832869, 0.55347, 0.546315, 0.0, -0.55347, 0.832869, 0.0, 0.0, 0.0, 0.0, 1.0],
                [1.0, 0.0, 0.0, 0.0, 0.0, 0.826587, 0.562808, 0.546315, 0.0, -0.562808, 0.826587, 0.0, 0.0, 0.0, 0.0, 1.0],
                [1.0, 0.0, 0.0, 0.0, 0.0, 0.821111, 0.570768, 0.546315, 0.0, -0.570768, 0.821111, -0.0, 0.0, 0.0, 0.0, 1.0],
                [1.0, 0.0, 0.0, 0.0, 0.0, 0.816586, 0.577223, 0.546315, 0.0, -0.577223, 0.816586, 0.0, 0.0, 0.0, 0.0, 1.0],
                [1.0, 0.0, 0.0, 0.0, 0.0, 0.813155, 0.582048, 0.546315, 0.0, -0.582048, 0.813155, -0.0, 0.0, 0.0, 0.0, 1.0],
                [1.0, 0.0, 0.0, 0.0, 0.0, 0.810493, 0.585749, 0.546315, 0.0, -0.585749, 0.810493, 0.0, 0.0, 0.0, 0.0, 1.0],
                [1.0, 0.0, 0.0, 0.0, 0.0, 0.808172, 0.588946, 0.546315, 0.0, -0.588946, 0.808172, -0.0, 0.0, 0.0, 0.0, 1.0],
                [1.0, 0.0, 0.0, 0.0, 0.0, 0.806173, 0.59168, 0.546315, 0.0, -0.59168, 0.806173, 0.0, 0.0, 0.0, 0.0, 1.0],
                [1.0, 0.0, 0.0, 0.0, 0.0, 0.804474, 0.593988, 0.546315, 0.0, -0.593988, 0.804474, 0.0, 0.0, 0.0, 0.0, 1.0],
                [1.0, 0.0, 0.0, 0.0, 0.0, 0.803053, 0.595908, 0.546315, 0.0, -0.595908, 0.803053, 0.0, 0.0, 0.0, 0.0, 1.0],
                [1.0, 0.0, 0.0, 0.0, 0.0, 0.801886, 0.597477, 0.546315, 0.0, -0.597477, 0.801886, 0.0, 0.0, 0.0, 0.0, 1.0],
                [1.0, 0.0, 0.0, 0.0, 0.0, 0.800949, 0.598732, 0.546315, 0.0, -0.598732, 0.800949, 0.0, 0.0, 0.0, 0.0, 1.0],
                [1.0, 0.0, 0.0, 0.0, 0.0, 0.800219, 0.599708, 0.546315, 0.0, -0.599708, 0.800219, 0.0, 0.0, 0.0, 0.0, 1.0],
                [1.0, 0.0, 0.0, 0.0, 0.0, 0.799669, 0.600441, 0.546315, 0.0, -0.600441, 0.799669, -0.0, 0.0, 0.0, 0.0, 1.0],
                [1.0, 0.0, 0.0, 0.0, 0.0, 0.799275, 0.600966, 0.546315, 0.0, -0.600966, 0.799275, 0.0, 0.0, 0.0, 0.0, 1.0],
                [1.0, 0.0, 0.0, 0.0, 0.0, 0.79901, 0.601318, 0.546315, 0.0, -0.601318, 0.79901, 0.0, 0.0, 0.0, 0.0, 1.0],
                [1.0, 0.0, 0.0, 0.0, 0.0, 0.798849, 0.601531, 0.546315, 0.0, -0.601531, 0.798849, -0.0, 0.0, 0.0, 0.0, 1.0],
                [1.0, 0.0, 0.0, 0.0, 0.0, 0.798767, 0.60164, 0.546315, 0.0, -0.60164, 0.798767, -0.0, 0.0, 0.0, 0.0, 1.0],
                [1.0, 0.0, 0.0, 0.0, 0.0, 0.798737, 0.601681, 0.546315, 0.0, -0.601681, 0.798737, 0.0, 0.0, 0.0, 0.0, 1.0],
                [1.0, 0.0, 0.0, 0.0, 0.0, 0.798733, 0.601686, 0.546315, 0.0, -0.601686, 0.798733, 0.0, 0.0, 0.0, 0.0, 1.0],
                [1.0, 0.0, 0.0, 0.0, 0.0, 0.814817, 0.579718, 0.546315, 0.0, -0.579718, 0.814817, 0.0, 0.0, 0.0, 0.0, 1.0],
                [1.0, 0.0, 0.0, 0.0, 0.0, 0.855861, 0.517206, 0.546315, 0.0, -0.517206, 0.855861, 0.0, 0.0, 0.0, 0.0, 1.0],
                [1.0, 0.0, 0.0, 0.0, 0.0, 0.908428, 0.418042, 0.546315, 0.0, -0.418042, 0.908428, 0.0, 0.0, 0.0, 0.0, 1.0],
                [1.0, 0.0, 0.0, 0.0, 0.0, 0.957534, 0.28832, 0.546315, 0.0, -0.28832, 0.957534, -0.0, 0.0, 0.0, 0.0, 1.0],
                [1.0, 0.0, 0.0, 0.0, 0.0, 0.990249, 0.139307, 0.546315, 0.0, -0.139307, 0.990249, -0.0, 0.0, 0.0, 0.0, 1.0],
                [1.0, 0.0, 0.0, 0.0, 0.0, 0.999916, -0.012948, 0.546315, 0.0, 0.012948, 0.999916, -0.0, 0.0, 0.0, 0.0, 1.0],
                [1.0, 0.0, 0.0, 0.0, 0.0, 0.988506, -0.151184, 0.546315, 0.0, 0.151184, 0.988506, 0.0, 0.0, 0.0, 0.0, 1.0],
                [1.0, 0.0, 0.0, 0.0, 0.0, 0.965338, -0.261001, 0.546315, 0.0, 0.261001, 0.965338, 0.0, 0.0, 0.0, 0.0, 1.0],
                [1.0, 0.0, 0.0, 0.0, 0.0, 0.943135, -0.33241, 0.546315, 0.0, 0.33241, 0.943135, 0.0, 0.0, 0.0, 0.0, 1.0],
                [1.0, 0.0, 0.0, 0.0, 0.0, 0.933735, -0.357964, 0.546315, 0.0, 0.357964, 0.933735, -0.0, 0.0, 0.0, 0.0, 1.0],
                [1.0, 0.0, 0.0, 0.0, 0.0, 0.933735, -0.357964, 0.546315, 0.0, 0.357964, 0.933735, -0.0, 0.0, 0.0, 0.0, 1.0],
                [1.0, 0.0, 0.0, 0.0, 0.0, 0.933735, -0.357964, 0.546315, 0.0, 0.357964, 0.933735, -0.0, 0.0, 0.0, 0.0, 1.0],
                [1.0, 0.0, 0.0, 0.0, 0.0, 0.933735, -0.357964, 0.546315, 0.0, 0.357964, 0.933735, -0.0, 0.0, 0.0, 0.0, 1.0],
                [1.0, 0.0, 0.0, 0.0, 0.0, 0.933735, -0.357964, 0.546315, 0.0, 0.357964, 0.933735, -0.0, 0.0, 0.0, 0.0, 1.0],
