{
    "animation": [
        {
            "name": "Root",
            "time": [0.0, 0.0167, 0.0333, 0.05, 0.0667, 0.0833, 0.1, 0.1167, 0.1333, 0.15, 0.1667, 0.1833, 0.2, 0.2167, 0.2333, 0.25, 0.2667, 0.2833, 0.3, 0.3167, 0.3333, 0.35, 0.3667, 0.3833, 0.4, 0.4167, 0.4333, 0.45, 0.4667, 0.4833, 0.5, 0.5167, 0.5333, 0.55, 0.5667, 0.5833, 0.6, 0.6167, 0.6333, 0.65, 0.6667, 0.6833, 0.7, 0.7167, 0.7333, 0.75, 0.7667, 0.7833, 0.8, 0.8167, 0.8333, 0.85, 0.8667, 0.8833, 0.9, 0.9167, 0.9333, 0.95, 0.9667, 0.9833, 1.0, 1.0167, 1.0333, 1.05, 1.0667, 1.0833, 1.1, 1.1167, 1.1333, 1.15, 1.1667, 1.1833, 1.2, 1.2167, 1.2333, 1.25, 1.2667, 1.2833, 1.3, 1.3167, 1.3333, 1.35, 1.3667, 1.3833, 1.4, 1.4167, 1.4333, 1.45, 1.4667, 1.4833, 1.5, 1.5167, 1.5333, 1.55, 1.5667, 1.5833, 1.6, 1.6167, 1.6333, 1.65, 1.6667, 1.6833, 1.7, 1.7167, 1.7333, 1.75, 1.7667, 1.7833, 1.8, 1.8167, 1.8333, 1.85, 1.8667, 1.8833, 1.9, 1.9167, 1.9333, 1.95, 1.9667, 1.9833, 2.0, 2.0167, 2.0333, 2.05, 2.0667, 2.0833, 2.1, 2.1167, 2.1333, 2.15, 2.1667, 2.1833, 2.2, 2.2167, 2.2333, 2.25, 2.2667, 2.2833, 2.3, 2.3167, 2.3333, 2.35, 2.3667, 2.3833, 2.4, 2.4167, 2.4333, 2.45, 2.4667, 2.4833, 2.5, 2.5167, 2.5333, 2.55, 2.5667, 2.5833, 2.6, 2.6167, 2.6333, 2.65, 2.6667],
            "transform": [
                [0.901956, 0.002128, 0.431822, 0.0, 0.42817, 0.125457, -0.894947, 0.0, -0.05608, 0.992097, 0.112246, 0.467819, 0.0, 0.0, 0.0, 1.0],
                [0.902646, 0.00212, 0.430379, 0.000143, 0.426755, 0.125183, -0.895662, 0.00032, -0.055775, 0.992131, 0.112091, 0.468337, 0.0, 0.0, 0.0, 1.0],
                [0.904636, 0.002095, 0.426179, 0.000559, 0.422635, 0.124386, -0.897724, 0.001248, -0.054891, 0.992232, 0.111639, 0.469841, 0.0, 0.0, 0.0, 1.0],
                [0.907795, 0.002046, 0.419409, 0.001227, 0.415991, 0.123105, -0.900997, 0.002737, -0.053475, 0.992392, 0.110903, 0.472258, 0.0, 0.0, 0.0, 1.0],
                [0.911973, 0.001965, 0.410246, 0.002127, 0.406996, 0.121379, -0.905329, 0.004737, -0.051574, 0.992604, 0.109895, 0.475512, 0.0, 0.0, 0.0, 1.0],
                [0.917009, 0.00184, 0.398862, 0.003238, 0.395816, 0.119245, -0.910555, 0.007201, -0.049238, 0.992863, 0.108621, 0.47953, 0.0, 0.0, 0.0, 1.0],
                [0.922736, 0.00166, 0.385428, 0.00454, 0.382614, 0.116744, -0.916503, 0.01008, -0.046518, 0.993161, 0.107089, 0.484238, 0.0, 0.0, 0.0, 1.0],
                [0.928984, 0.001411, 0.370118, 0.006012, 0.36756, 0.113915, -0.922997, 0.013327, -0.043465, 0.99349, 0.105306, 0.489561, 0.0, 0.0, 0.0, 1.0],
                [0.935581, 0.001083, 0.353111, 0.007633, 0.350825, 0.110797, -0.929863, 0.016894, -0.04013, 0.993842, 0.10328, 0.495425, 0.0, 0.0, 0.0, 1.0],
                [0.942363, 0.000663, 0.334593, 0.009383, 0.332589, 0.107432, -0.936933, 0.020732, -0.036567, 0.994212, 0.10102, 0.501755, 0.0, 0.0, 0.0, 1.0],
                [0.949171, 0.000144, 0.314759, 0.011242, 0.313043, 0.103863, -0.944043, 0.024792, -0.032827, 0.994592, 0.098539, 0.508478, 0.0, 0.0, 0.0, 1.0],
                [0.955862, -0.000482, 0.293816, 0.013189, 0.292386, 0.100131, -0.951044, 0.029028, -0.028962, 0.994974, 0.095852, 0.515519, 0.0, 0.0, 0.0, 1.0],
                [0.962302, -0.001216, 0.27198, 0.015203, 0.270829, 0.09628, -0.957801, 0.033391, -0.025021, 0.995354, 0.09298, 0.522805, 0.0, 0.0, 0.0, 1.0],
                [0.968379, -0.002059, 0.249475, 0.017264, 0.248594, 0.092353, -0.964195, 0.037833, -0.021054, 0.995724, 0.089945, 0.530259, 0.0, 0.0, 0.0, 1.0],
                [0.973998, -0.003007, 0.226537, 0.019352, 0.22591, 0.088394, -0.97013, 0.042305, -0.017107, 0.996081, 0.086775, 0.53781, 0.0, 0.0, 0.0, 1.0],
                [0.979086, -0.004052, 0.203407, 0.021446, 0.203017, 0.084445, -0.975527, 0.046759, -0.013224, 0.99642, 0.083501, 0.545381, 0.0, 0.0, 0.0, 1.0],
                [0.983592, -0.005182, 0.180332, 0.023524, 0.180159, 0.080548, -0.980334, 0.051148, -0.009445, 0.996737, 0.080159, 0.5529, 0.0, 0.0, 0.0, 1.0],
                [0.987488, -0.006381, 0.157565, 0.025568, 0.157587, 0.076744, -0.984519, 0.055423, -0.00581, 0.99703, 0.076789, 0.560291, 0.0, 0.0, 0.0, 1.0],
                [0.990768, -0.007631, 0.135356, 0.027556, 0.13555, 0.073072, -0.988072, 0.059537, -0.00235, 0.997297, 0.073432, 0.567481, 0.0, 0.0, 0.0, 1.0],
                [0.993446, -0.00891, 0.113958, 0.029468, 0.114302, 0.06957, -0.991007, 0.06344, 0.000902, 0.997537, 0.070133, 0.574395, 0.0, 0.0, 0.0, 1.0],
                [0.995556, -0.010192, 0.09362, 0.031282, 0.094092, 0.066275, -0.993355, 0.067085, 0.00392, 0.997749, 0.066939, 0.580958, 0.0, 0.0, 0.0, 1.0],
                [0.997149, -0.011451, 0.074589, 0.03298, 0.075166, 0.06322, -0.995165, 0.070424, 0.00668, 0.997934, 0.0639, 0.587098, 0.0, 0.0, 0.0, 1.0],
                [0.998288, -0.012657, 0.057105, 0.03454, 0.057769, 0.060437, -0.996499, 0.073409, 0.009162, 0.998092, 0.061065, 0.592739, 0.0, 0.0, 0.0, 1.0],
                [0.999047, -0.013781, 0.041406, 0.035941, 0.042138, 0.057959, -0.997429, 0.075991, 0.011346, 0.998224, 0.058484, 0.597807, 0.0, 0.0, 0.0, 1.0],
                [0.999506, -0.014792, 0.027722, 0.037163, 0.028507, 0.055813, -0.998034, 0.078122, 0.013215, 0.998332, 0.056207, 0.602229, 0.0, 0.0, 0.0, 1.0],
                [0.999745, -0.015659, 0.016283, 0.038187, 0.017107, 0.054031, -0.998393, 0.079755, 0.014754, 0.998416, 0.054285, 0.605929, 0.0, 0.0, 0.0, 1.0],
                [0.999841, -0.016375, 0.007035, 0.039014, 0.007887, 0.052597, -0.998585, 0.080921, 0.015981, 0.998482, 0.052718, 0.608923, 0.0, 0.0, 0.0, 1.0],
                [0.999856, -0.016957, -0.000363, 0.039677, 0.00051, 0.051455, -0.998675, 0.08197, 0.016953, 0.998531, 0.051456, 0.611321, 0.0, 0.0, 0.0, 1.0],
                [0.99983, -0.017416, -0.00612, 0.040194, -0.005233, 0.050568, -0.998707, 0.083333, 0.017703, 0.998569, 0.050469, 0.613188, 0.0, 0.0, 0.0, 1.0],
                [0.999788, -0.017764, -0.010444, 0.040582, -0.009546, 0.049905, -0.998708, 0.08544, 0.018262, 0.998596, 0.049724, 0.614591, 0.0, 0.0, 0.0, 1.0],
                [0.999746, -0.018015, -0.01354, 0.04086, -0.012635, 0.04943, -0.998698, 0.088722, 0.018661, 0.998615, 0.04919, 0.615597, 0.0, 0.0, 0.0, 1.0],
                [0.999713, -0.018184, -0.015615, 0.041046, -0.014705, 0.049113, -0.998685, 0.093609, 0.018927, 0.998628, 0.048831, 0.61627, 0.0, 0.0, 0.0, 1.0],
                [0.99969, -0.018287, -0.016873, 0.041159, -0.015961, 0.04892, -0.998675, 0.100532, 0.019088, 0.998635, 0.048613, 0.616679, 0.0, 0.0, 0.0, 1.0],
                [0.999678, -0.01834, -0.017519, 0.041217, -0.016605, 0.048821, -0.99867, 0.10992, 0.019171, 0.998639, 0.048501, 0.616889, 0.0, 0.0, 0.0, 1.0],
                [0.999674, -0.018359, -0.017757, 0.041238, -0.016843, 0.048785, -0.998667, 0.122205, 0.019201, 0.99864, 0.04846, 0.616967, 0.0, 0.0, 0.0, 1.0],
                [0.999673, -0.018362, -0.017791, 0.041241, -0.016877, 0.04878, -0.998667, 0.137817, 0.019205, 0.998641, 0.048454, 0.616978, 0.0, 0.0, 0.0, 1.0],
                [0.999673, -0.018362, -0.017791, 0.041241, -0.016877, 0.04878, -0.998667, 0.167283, 0.019205, 0.998641, 0.048454, 0.597676, 0.0, 0.0, 0.0, 1.0],
                [0.999673, -0.018362, -0.017791, 0.041241, -0.016877, 0.04878, -0.998667, 0.21236, 0.019205, 0.998641, 0.048454, 0.55165, 0.0, 0.0, 0.0, 1.0],
                [0.999673, -0.018362, -0.017791, 0.041241, -0.016877, 0.04878, -0.998667, 0.260317, 0.019206, 0.998641, 0.048454, 0.496716, 0.0, 0.0, 0.0, 1.0],
                [0.999673, -0.018362, -0.017791, 0.041241, -0.016877, 0.04878, -0.998667, 0.298427, 0.019205, 0.998641, 0.048454, 0.45069, 0.0, 0.0, 0.0, 1.0],
                [0.999673, -0.018362, -0.017791, 0.041241, -0.016877, 0.04878, -0.998667, 0.313958, 0.019205, 0.998641, 0.048454, 0.431389, 0.0, 0.0, 0.0, 1.0],
                [0.999673, -0.018362, -0.017791, 0.041241, -0.016877, 0.04878, -0.998667, 0.313958, 0.019205, 0.998641, 0.048454, 0.431389, 0.0, 0.0, 0.0, 1.0],
                [0.999673, -0.018362, -0.017791, 0.041241, -0.016877, 0.04878, -0.998667, 0.313958, 0.019205, 0.998641, 0.048454, 0.431389, 0.0, 0.0, 0.0, 1.0],
                [0.999673, -0.018362, -0.017791, 0.041241, -0.016877, 0.04878, -0.998667, 0.313958, 0.019206, 0.998641, 0.048454, 0.431389, 0.0, 0.0, 0.0, 1.0],
                [0.999673, -0.018362, -0.017791, 0.041241, -0.016877, 0.04878, -0.998667, 0.313958, 0.019205, 0.998641, 0.048454, 0.431389, 0.0, 0.0, 0.0, 1.0],
                [0.999673, -0.018362, -0.017791, 0.041241, -0.016877, 0.04878, -0.998667, 0.313958, 0.019205, 0.998641, 0.048454, 0.431389, 0.0, 0.0, 0.0, 1.0],
                [0.999673, -0.018362, -0.017791, 0.041241, -0.016877, 0.04878, -0.998667, 0.313958, 0.019205, 0.998641, 0.048454, 0.431389, 0.0, 0.0, 0.0, 1.0],
                [0.999673, -0.018362, -0.017791, 0.041241, -0.016877, 0.04878, -0.998667, 0.313958, 0.019205, 0.998641, 0.048454, 0.431389, 0.0, 0.0, 0.0, 1.0],
                [0.999673, -0.018362, -0.017791, 0.041241, -0.016877, 0.04878, -0.998667, 0.313958, 0.019206, 0.998641, 0.048454, 0.431389, 0.0, 0.0, 0.0, 1.0],
                [0.999673, -0.018362, -0.017791, 0.041241, -0.016877, 0.04878, -0.998667, 0.313958, 0.019205, 0.998641, 0.048454, 0.431389, 0.0, 0.0, 0.0, 1.0],
                [0.999673, -0.018362, -0.017791, 0.041241, -0.016877, 0.04878, -0.998667, 0.313958, 0.019205, 0.998641, 0.048454, 0.431389, 0.0, 0.0, 0.0, 1.0],
                [0.999673, -0.018362, -0.017791, 0.041241, -0.016877, 0.04878, -0.998667, 0.313958, 0.019205, 0.998641, 0.048454, 0.431389, 0.0, 0.0, 0.0, 1.0],
                [0.999673, -0.018362, -0.017791, 0.041241, -0.016877, 0.04878, -0.998667, 0.313958, 0.019205, 0.998641, 0.048454, 0.431389, 0.0, 0.0, 0.0, 1.0],
                [0.999673, -0.018362, -0.017791, 0.041241, -0.016877, 0.04878, -0.998667, 0.313958, 0.019206, 0.998641, 0.048454, 0.431389, 0.0, 0.0, 0.0, 1.0],
                [0.999673, -0.018362, -0.017791, 0.041241, -0.016877, 0.04878, -0.998667, 0.313958, 0.019205, 0.998641, 0.048454, 0.431389, 0.0, 0.0, 0.0, 1.0],
                [0.999673, -0.018362, -0.017791, 0.041241, -0.016877, 0.04878, -0.998667, 0.313958, 0.019205, 0.998641, 0.048454, 0.431389, 0.0, 0.0, 0.0, 1.0],
                [0.999673, -0.018362, -0.017791, 0.041241, -0.016877, 0.04878, -0.998667, 0.313958, 0.019205, 0.998641, 0.048454, 0.431389, 0.0, 0.0, 0.0, 1.0],
                [0.999673, -0.018362, -0.017791, 0.041241, -0.016877, 0.04878, -0.998667, 0.313958, 0.019205, 0.998641, 0.048454, 0.431389, 0.0, 0.0, 0.0, 1.0],
                [0.999673, -0.018362, -0.017791, 0.041241, -0.016877, 0.04878, -0.998667, 0.313958, 0.019206, 0.998641, 0.048454, 0.431389, 0.0, 0.0, 0.0, 1.0],
                [0.999673, -0.018362, -0.017791, 0.041241, -0.016877, 0.04878, -0.998667, 0.313958, 0.019205, 0.998641, 0.048454, 0.431389, 0.0, 0.0, 0.0, 1.0],
                [0.999673, -0.018362, -0.017791, 0.041241, -0.016877, 0.04878, -0.998667, 0.313958, 0.019205, 0.998641, 0.048454, 0.431389, 0.0, 0.0, 0.0, 1.0],
                [0.999673, -0.018357, -0.017785, 0.041259, -0.016872, 0.048765, -0.998668, 0.314006, 0.0192, 0.998641, 0.04844, 0.431475, 0.0, 0.0, 0.0, 1.0],
                [0.999674, -0.018341, -0.017769, 0.04131, -0.016857, 0.048722, -0.99867, 0.314149, 0.019182, 0.998644, 0.048397, 0.43173, 0.0, 0.0, 0.0, 1.0],
                [0.999675, -0.018315, -0.017743, 0.041395, -0.016833, 0.04865, -0.998674, 0.314384, 0.019154, 0.998648, 0.048326, 0.432151, 0.0, 0.0, 0.0, 1.0],
                [0.999676, -0.018278, -0.017706, 0.041512, -0.0168, 0.048551, -0.998679, 0.31471, 0.019114, 0.998653, 0.048229, 0.432735, 0.0, 0.0, 0.0, 1.0],
                [0.999678, -0.018232, -0.017659, 0.041662, -0.016758, 0.048425, -0.998686, 0.315125, 0.019063, 0.99866, 0.048104, 0.433478, 0.0, 0.0, 0.0, 1.0],
                [0.99968, -0.018176, -0.017602, 0.041843, -0.016707, 0.048273, -0.998694, 0.315626, 0.019002, 0.998669, 0.047954, 0.434377, 0.0, 0.0, 0.0, 1.0],
                [0.999682, -0.018111, -0.017535, 0.042054, -0.016647, 0.048095, -0.998704, 0.316213, 0.018931, 0.998679, 0.047778, 0.435428, 0.0, 0.0, 0.0, 1.0],
                [0.999685, -0.018036, -0.01746, 0.042295, -0.016579, 0.047891, -0.998715, 0.316882, 0.018849, 0.99869, 0.047577, 0.436628, 0.0, 0.0, 0.0, 1.0],
                [0.999688, -0.017953, -0.017375, 0.042566, -0.016502, 0.047663, -0.998727, 0.317633, 0.018758, 0.998702, 0.047352, 0.437972, 0.0, 0.0, 0.0, 1.0],
                [0.999691, -0.01786, -0.017281, 0.042865, -0.016417, 0.047411, -0.998741, 0.318462, 0.018657, 0.998716, 0.047103, 0.439459, 0.0, 0.0, 0.0, 1.0],
                [0.999695, -0.017759, -0.017178, 0.043192, -0.016325, 0.047135, -0.998755, 0.319369, 0.018546, 0.998731, 0.046831, 0.441084, 0.0, 0.0, 0.0, 1.0],
                [0.999699, -0.017649, -0.017067, 0.043546, -0.016224, 0.046837, -0.998771, 0.320351, 0.018427, 0.998747, 0.046536, 0.442844, 0.0, 0.0, 0.0, 1.0],
                [0.999703, -0.017531, -0.016948, 0.043926, -0.016116, 0.046516, -0.998788, 0.321407, 0.018298, 0.998764, 0.04622, 0.444735, 0.0, 0.0, 0.0, 1.0],
                [0.999707, -0.017406, -0.01682, 0.044332, -0.016001, 0.046174, -0.998805, 0.322534, 0.018161, 0.998782, 0.045882, 0.446755, 0.0, 0.0, 0.0, 1.0],
                [0.999712, -0.017272, -0.016685, 0.044763, -0.015879, 0.04581, -0.998824, 0.32373, 0.018016, 0.998801, 0.045523, 0.448898, 0.0, 0.0, 0.0, 1.0],
                [0.999716, -0.017131, -0.016542, 0.045219, -0.015749, 0.045426, -0.998844, 0.324994, 0.017862, 0.998821, 0.045143, 0.451163, 0.0, 0.0, 0.0, 1.0],
                [0.999721, -0.016982, -0.016392, 0.045698, -0.015613, 0.045022, -0.998864, 0.326324, 0.017701, 0.998842, 0.044744, 0.453546, 0.0, 0.0, 0.0, 1.0],
                [0.999727, -0.016826, -0.016235, 0.0462, -0.01547, 0.044599, -0.998885, 0.327717, 0.017531, 0.998863, 0.044326, 0.456042, 0.0, 0.0, 0.0, 1.0],
                [0.999732, -0.016663, -0.016071, 0.046725, -0.015321, 0.044157, -0.998907, 0.329172, 0.017355, 0.998886, 0.043889, 0.458649, 0.0, 0.0, 0.0, 1.0],
                [0.999738, -0.016494, -0.0159, 0.047271, -0.015166, 0.043696, -0.99893, 0.330687, 0.017171, 0.998909, 0.043435, 0.461364, 0.0, 0.0, 0.0, 1.0],
                [0.999743, -0.016317, -0.015722, 0.047838, -0.015005, 0.043218, -0.998953, 0.33226, 0.01698, 0.998932, 0.042963, 0.464182, 0.0, 0.0, 0.0, 1.0],
                [0.999749, -0.016135, -0.015539, 0.048425, -0.014837, 0.042724, -0.998977, 0.333889, 0.016782, 0.998957, 0.042473, 0.467101, 0.0, 0.0, 0.0, 1.0],
                [0.999755, -0.015946, -0.015349, 0.049031, -0.014664, 0.042212, -0.999001, 0.335572, 0.016578, 0.998981, 0.041968, 0.470116, 0.0, 0.0, 0.0, 1.0],
                [0.999761, -0.015752, -0.015154, 0.049656, -0.014486, 0.041685, -0.999026, 0.337307, 0.016368, 0.999007, 0.041447, 0.473225, 0.0, 0.0, 0.0, 1.0],
                [0.999767, -0.015551, -0.014953, 0.0503, -0.014302, 0.041143, -0.999051, 0.339092, 0.016152, 0.999032, 0.040911, 0.476424, 0.0, 0.0, 0.0, 1.0],
                [0.999774, -0.015345, -0.014747, 0.050961, -0.014114, 0.040586, -0.999076, 0.340925, 0.01593, 0.999058, 0.04036, 0.479709, 0.0, 0.0, 0.0, 1.0],
                [0.99978, -0.015134, -0.014536, 0.051638, -0.01392, 0.040015, -0.999102, 0.342805, 0.015702, 0.999084, 0.039796, 0.483077, 0.0, 0.0, 0.0, 1.0],
                [0.999786, -0.014918, -0.014319, 0.052332, -0.013722, 0.039431, -0.999128, 0.344729, 0.015469, 0.999111, 0.039218, 0.486525, 0.0, 0.0, 0.0, 1.0],
                [0.999793, -0.014696, -0.014099, 0.05304, -0.013519, 0.038833, -0.999154, 0.346696, 0.015231, 0.999138, 0.038627, 0.490049, 0.0, 0.0, 0.0, 1.0],
                [0.999799, -0.01447, -0.013873, 0.053764, -0.013312, 0.038224, -0.999181, 0.348703, 0.014989, 0.999164, 0.038023, 0.493645, 0.0, 0.0, 0.0, 1.0],
                [0.999806, -0.01424, -0.013644, 0.054501, -0.0131, 0.037602, -0.999207, 0.350749, 0.014742, 0.999191, 0.037409, 0.497311, 0.0, 0.0, 0.0, 1.0],
                [0.999812, -0.014005, -0.013411, 0.055252, -0.012885, 0.03697, -0.999233, 0.352831, 0.01449, 0.999218, 0.036783, 0.501042, 0.0, 0.0, 0.0, 1.0],
                [0.999818, -0.013766, -0.013174, 0.056015, -0.012666, 0.036327, -0.99926, 0.354948, 0.014235, 0.999245, 0.036146, 0.504835, 0.0, 0.0, 0.0, 1.0],
                [0.999825, -0.013524, -0.012933, 0.056789, -0.012443, 0.035674, -0.999286, 0.357098, 0.013975, 0.999272, 0.0355, 0.508688, 0.0, 0.0, 0.0, 1.0],
                [0.999831, -0.013277, -0.012689, 0.057575, -0.012217, 0.035012, -0.999312, 0.359279, 0.013713, 0.999299, 0.034844, 0.512596, 0.0, 0.0, 0.0, 1.0],
                [0.999838, -0.013028, -0.012442, 0.058372, -0.011988, 0.034341, -0.999338, 0.361489, 0.013446, 0.999325, 0.03418, 0.516555, 0.0, 0.0, 0.0, 1.0],
                [0.999844, -0.012775, -0.012192, 0.059178, -0.011756, 0.033662, -0.999364, 0.363726, 0.013177, 0.999352, 0.033507, 0.520563, 0.0, 0.0, 0.0, 1.0],
                [0.99985, -0.012519, -0.01194, 0.059993, -0.011521, 0.032975, -0.99939, 0.365988, 0.012905, 0.999378, 0.032826, 0.524616, 0.0, 0.0, 0.0, 1.0],
                [0.999857, -0.01226, -0.011685, 0.060817, -0.011284, 0.032282, -0.999415, 0.368273, 0.01263, 0.999404, 0.032139, 0.528711, 0.0, 0.0, 0.0, 1.0],
                [0.999863, -0.011999, -0.011428, 0.061648, -0.011044, 0.031582, -0.99944, 0.370579, 0.012353, 0.999429, 0.031445, 0.532843, 0.0, 0.0, 0.0, 1.0],
                [0.999869, -0.011735, -0.011169, 0.062486, -0.010802, 0.030876, -0.999465, 0.372905, 0.012073, 0.999454, 0.030745, 0.53701, 0.0, 0.0, 0.0, 1.0],
                [0.999875, -0.011469, -0.010908, 0.063331, -0.010558, 0.030165, -0.999489, 0.375248, 0.011792, 0.999479, 0.03004, 0.541209, 0.0, 0.0, 0.0, 1.0],
                [0.999881, -0.011201, -0.010645, 0.064181, -0.010312, 0.029449, -0.999513, 0.377606, 0.011509, 0.999503, 0.02933, 0.545435, 0.0, 0.0, 0.0, 1.0],
                [0.999886, -0.010931, -0.010382, 0.065036, -0.010064, 0.028729, -0.999537, 0.379978, 0.011225, 0.999527, 0.028616, 0.549685, 0.0, 0.0, 0.0, 1.0],
                [0.999892, -0.01066, -0.010117, 0.065895, -0.009815, 0.028006, -0.99956, 0.382362, 0.010939, 0.999551, 0.027898, 0.553956, 0.0, 0.0, 0.0, 1.0],
                [0.999898, -0.010388, -0.009851, 0.066757, -0.009565, 0.02728, -0.999582, 0.384755, 0.010652, 0.999574, 0.027178, 0.558244, 0.0, 0.0, 0.0, 1.0],
                [0.999903, -0.010115, -0.009585, 0.067622, -0.009314, 0.026551, -0.999604, 0.387156, 0.010365, 0.999596, 0.026455, 0.562546, 0.0, 0.0, 0.0, 1.0],
                [0.999908, -0.00984, -0.009318, 0.06849, -0.009062, 0.025821, -0.999626, 0.389563, 0.010077, 0.999618, 0.02573, 0.566858, 0.0, 0.0, 0.0, 1.0],
                [0.999913, -0.009565, -0.009051, 0.069359, -0.008809, 0.02509, -0.999646, 0.391973, 0.009789, 0.999639, 0.025004, 0.571178, 0.0, 0.0, 0.0, 1.0],
                [0.999918, -0.00929, -0.008784, 0.070228, -0.008556, 0.024358, -0.999667, 0.394386, 0.009501, 0.99966, 0.024277, 0.5755, 0.0, 0.0, 0.0, 1.0],
                [0.999923, -0.009014, -0.008518, 0.071098, -0.008303, 0.023627, -0.999686, 0.396798, 0.009213, 0.99968, 0.02355, 0.579823, 0.0, 0.0, 0.0, 1.0],
                [0.999928, -0.008739, -0.008251, 0.071966, -0.008049, 0.022896, -0.999705, 0.399209, 0.008925, 0.9997, 0.022824, 0.584142, 0.0, 0.0, 0.0, 1.0],
                [0.999932, -0.008464, -0.007986, 0.072834, -0.007796, 0.022166, -0.999724, 0.401616, 0.008638, 0.999718, 0.022098, 0.588455, 0.0, 0.0, 0.0, 1.0],
                [0.999937, -0.008189, -0.007721, 0.073699, -0.007544, 0.021438, -0.999742, 0.404016, 0.008352, 0.999737, 0.021375, 0.592757, 0.0, 0.0, 0.0, 1.0],
                [0.999941, -0.007915, -0.007457, 0.074562, -0.007292, 0.020712, -0.999759, 0.40641, 0.008067, 0.999754, 0.020653, 0.597045, 0.0, 0.0, 0.0, 1.0],
                [0.999945, -0.007642, -0.007194, 0.075421, -0.00704, 0.019989, -0.999775, 0.408793, 0.007784, 0.999771, 0.019935, 0.601316, 0.0, 0.0, 0.0, 1.0],
                [0.999949, -0.00737, -0.006933, 0.076275, -0.00679, 0.01927, -0.999791, 0.411165, 0.007502, 0.999787, 0.019219, 0.605566, 0.0, 0.0, 0.0, 1.0],
                [0.999953, -0.007099, -0.006674, 0.077125, -0.006541, 0.018555, -0.999806, 0.413524, 0.007221, 0.999803, 0.018508, 0.609792, 0.0, 0.0, 0.0, 1.0],
                [0.999956, -0.00683, -0.006416, 0.07797, -0.006293, 0.017845, -0.999821, 0.415867, 0.006943, 0.999817, 0.017802, 0.61399, 0.0, 0.0, 0.0, 1.0],
                [0.999959, -0.006562, -0.006161, 0.078808, -0.006047, 0.01714, -0.999835, 0.418192, 0.006667, 0.999832, 0.0171, 0.618157, 0.0, 0.0, 0.0, 1.0],
                [0.999963, -0.006297, -0.005908, 0.079639, -0.005803, 0.016442, -0.999848, 0.420499, 0.006393, 0.999845, 0.016404, 0.62229, 0.0, 0.0, 0.0, 1.0],
                [0.999966, -0.006034, -0.005657, 0.080463, -0.005561, 0.015749, -0.999861, 0.422784, 0.006122, 0.999858, 0.015715, 0.626384, 0.0, 0.0, 0.0, 1.0],
                [0.999969, -0.005774, -0.005409, 0.081278, -0.005322, 0.015064, -0.999872, 0.425046, 0.005854, 0.99987, 0.015033, 0.630437, 0.0, 0.0, 0.0, 1.0],
                [0.999971, -0.005516, -0.005164, 0.082084, -0.005084, 0.014386, -0.999884, 0.427283, 0.00559, 0.999881, 0.014358, 0.634445, 0.0, 0.0, 0.0, 1.0],
                [0.999974, -0.005261, -0.004922, 0.082881, -0.00485, 0.013717, -0.999894, 0.429492, 0.005328, 0.999892, 0.013691, 0.638405, 0.0, 0.0, 0.0, 1.0],
                [0.999976, -0.005009, -0.004684, 0.083667, -0.004618, 0.013056, -0.999904, 0.431673, 0.00507, 0.999902, 0.013032, 0.642313, 0.0, 0.0, 0.0, 1.0],
                [0.999979, -0.004761, -0.004449, 0.084442, -0.004389, 0.012405, -0.999913, 0.433823, 0.004816, 0.999912, 0.012384, 0.646165, 0.0, 0.0, 0.0, 1.0],
                [0.999981, -0.004517, -0.004217, 0.085205, -0.004164, 0.011763, -0.999922, 0.43594, 0.004566, 0.999921, 0.011744, 0.649959, 0.0, 0.0, 0.0, 1.0],
                [0.999983, -0.004276, -0.00399, 0.085955, -0.003942, 0.011133, -0.99993, 0.438023, 0.00432, 0.999929, 0.011116, 0.65369, 0.0, 0.0, 0.0, 1.0],
                [0.999985, -0.004039, -0.003767, 0.086692, -0.003724, 0.010513, -0.999938, 0.440069, 0.004079, 0.999937, 0.010498, 0.657356, 0.0, 0.0, 0.0, 1.0],
                [0.999986, -0.003807, -0.003548, 0.087416, -0.00351, 0.009906, -0.999945, 0.442076, 0.003842, 0.999944, 0.009892, 0.660952, 0.0, 0.0, 0.0, 1.0],
                [0.999988, -0.003579, -0.003334, 0.088125, -0.003301, 0.00931, -0.999951, 0.444042, 0.00361, 0.99995, 0.009298, 0.664476, 0.0, 0.0, 0.0, 1.0],
                [0.99999, -0.003356, -0.003125, 0.088818, -0.003095, 0.008728, -0.999957, 0.445966, 0.003384, 0.999956, 0.008717, 0.667924, 0.0, 0.0, 0.0, 1.0],
                [0.999991, -0.003139, -0.00292, 0.089496, -0.002894, 0.008159, -0.999962, 0.447846, 0.003162, 0.999962, 0.008149, 0.671292, 0.0, 0.0, 0.0, 1.0],
                [0.999992, -0.002926, -0.002721, 0.090156, -0.002698, 0.007604, -0.999967, 0.44968, 0.002946, 0.999967, 0.007596, 0.674577, 0.0, 0.0, 0.0, 1.0],
                [0.999993, -0.002719, -0.002527, 0.0908, -0.002507, 0.007063, -0.999972, 0.451465, 0.002737, 0.999971, 0.007056, 0.677776, 0.0, 0.0, 0.0, 1.0],
                [0.999994, -0.002517, -0.002338, 0.091425, -0.002322, 0.006538, -0.999976, 0.4532, 0.002533, 0.999975, 0.006532, 0.680885, 0.0, 0.0, 0.0, 1.0],
                [0.999995, -0.002322, -0.002156, 0.092032, -0.002142, 0.006029, -0.99998, 0.454883, 0.002335, 0.999979, 0.006024, 0.6839, 0.0, 0.0, 0.0, 1.0],
                [0.999996, -0.002133, -0.001979, 0.092619, -0.001967, 0.005536, -0.999983, 0.456511, 0.002144, 0.999982, 0.005532, 0.686819, 0.0, 0.0, 0.0, 1.0],
                [0.999996, -0.00195, -0.001808, 0.093185, -0.001799, 0.00506, -0.999986, 0.458084, 0.001959, 0.999985, 0.005056, 0.689637, 0.0, 0.0, 0.0, 1.0],
                [0.999997, -0.001774, -0.001644, 0.093731, -0.001636, 0.004602, -0.999988, 0.459599, 0.001781, 0.999988, 0.004599, 0.692351, 0.0, 0.0, 0.0, 1.0],
                [0.999998, -0.001604, -0.001487, 0.094256, -0.00148, 0.004161, -0.99999, 0.461054, 0.00161, 0.99999, 0.004159, 0.694959, 0.0, 0.0, 0.0, 1.0],
                [0.999998, -0.001442, -0.001336, 0.094758, -0.00133, 0.00374, -0.999992, 0.462448, 0.001447, 0.999992, 0.003738, 0.697455, 0.0, 0.0, 0.0, 1.0],
                [0.999998, -0.001287, -0.001192, 0.095237, -0.001188, 0.003338, -0.999994, 0.463777, 0.001291, 0.999994, 0.003336, 0.699838, 0.0, 0.0, 0.0, 1.0],
                [0.999999, -0.00114, -0.001055, 0.095693, -0.001052, 0.002955, -0.999995, 0.465041, 0.001143, 0.999995, 0.002954, 0.702102, 0.0, 0.0, 0.0, 1.0],
                [0.999999, -0.001001, -0.000926, 0.096124, -0.000923, 0.002593, -0.999996, 0.466238, 0.001003, 0.999996, 0.002592, 0.704246, 0.0, 0.0, 0.0, 1.0],
                [0.999999, -0.000869, -0.000804, 0.09653, -0.000802, 0.002252, -0.999997, 0.467365, 0.000871, 0.999997, 0.002252, 0.706266, 0.0, 0.0, 0.0, 1.0],
                [0.999999, -0.000746, -0.00069, 0.096911, -0.000688, 0.001933, -0.999998, 0.46842, 0.000748, 0.999998, 0.001933, 0.708157, 0.0, 0.0, 0.0, 1.0],
                [1.0, -0.000632, -0.000584, 0.097265, -0.000583, 0.001636, -0.999999, 0.469402, 0.000633, 0.999998, 0.001636, 0.709917, 0.0, 0.0, 0.0, 1.0],
                [1.0, -0.000526, -0.000486, 0.097591, -0.000485, 0.001362, -0.999999, 0.470309, 0.000526, 0.999999, 0.001362, 0.711542, 0.0, 0.0, 0.0, 1.0],
                [1.0, -0.000429, -0.000396, 0.09789, -0.000396, 0.001111, -0.999999, 0.471139, 0.000429, 0.999999, 0.001111, 0.713028, 0.0, 0.0, 0.0, 1.0],
                [1.0, -0.000341, -0.000315, 0.098161, -0.000315, 0.000884, -1.0, 0.471889, 0.000342, 0.999999, 0.000884, 0.714373, 0.0, 0.0, 0.0, 1.0],
                [1.0, -0.000263, -0.000243, 0.098402, -0.000243, 0.000682, -1.0, 0.472559, 0.000263, 1.0, 0.000682, 0.715573, 0.0, 0.0, 0.0, 1.0],
                [1.0, -0.000195, -0.00018, 0.098614, -0.00018, 0.000504, -1.0, 0.473145, 0.000195, 1.0, 0.000504, 0.716624, 0.0, 0.0, 0.0, 1.0],
                [1.0, -0.000136, -0.000126, 0.098794, -0.000126, 0.000353, -1.0, 0.473647, 0.000136, 1.0, 0.000353, 0.717522, 0.0, 0.0, 0.0, 1.0],
                [1.0, -8.8e-05, -8.1e-05, 0.098944, -8.1e-05, 0.000227, -1.0, 0.474062, 8.8e-05, 1.0, 0.000227, 0.718265, 0.0, 0.0, 0.0, 1.0],
                [1.0, -5e-05, -4.6e-05, 0.099061, -4.6e-05, 0.000129, -1.0, 0.474387, 5e-05, 1.0, 0.000129, 0.718849, 0.0, 0.0, 0.0, 1.0],
                [1.0, -2.2e-05, -2.1e-05, 0.099146, -2.1e-05, 5.8e-05, -1.0, 0.474623, 2.2e-05, 1.0, 5.8e-05, 0.719271, 0.0, 0.0, 0.0, 1.0],
                [1.0, -6e-06, -5e-06, 0.099197, -5e-06, 1.4e-05, -1.0, 0.474765, 6e-06, 1.0, 1.4e-05, 0.719526, 0.0, 0.0, 0.0, 1.0],
                [1.0, 0.0, 0.0, 0.099215, 0.0, -0.0, -1.0, 0.474813, -0.0, 1.0, -0.0, 0.719612, 0.0, 0.0, 0.0, 1.0]
            ]
        },
        {
            "name": "body",
            "time": [0.0, 0.0167, 0.0333, 0.05, 0.0667, 0.0833, 0.1, 0.1167, 0.1333, 0.15, 0.1667, 0.1833, 0.2, 0.2167, 0.2333, 0.25, 0.2667, 0.2833, 0.3, 0.3167, 0.3333, 0.35, 0.3667, 0.3833, 0.4, 0.4167, 0.4333, 0.45, 0.4667, 0.4833, 0.5, 0.5167, 0.5333, 0.55, 0.5667, 0.5833, 0.6, 0.6167, 0.6333, 0.65, 0.6667, 0.6833, 0.7, 0.7167, 0.7333, 0.75, 0.7667, 0.7833, 0.8, 0.8167, 0.8333, 0.85, 0.8667, 0.8833, 0.9, 0.9167, 0.9333, 0.95, 0.9667, 0.9833, 1.0, 1.0167, 1.0333, 1.05, 1.0667, 1.0833, 1.1, 1.1167, 1.1333, 1.15, 1.1667, 1.1833, 1.2, 1.2167, 1.2333, 1.25, 1.2667, 1.2833, 1.3, 1.3167, 1.3333, 1.35, 1.3667, 1.3833, 1.4, 1.4167, 1.4333, 1.45, 1.4667, 1.4833, 1.5, 1.5167, 1.5333, 1.55, 1.5667, 1.5833, 1.6, 1.6167, 1.6333, 1.65, 1.6667, 1.6833, 1.7, 1.7167, 1.7333, 1.75, 1.7667, 1.7833, 1.8, 1.8167, 1.8333, 1.85, 1.8667, 1.8833, 1.9, 1.9167, 1.9333, 1.95, 1.9667, 1.9833, 2.0, 2.0167, 2.0333, 2.05, 2.0667, 2.0833, 2.1, 2.1167, 2.1333, 2.15, 2.1667, 2.1833, 2.2, 2.2167, 2.2333, 2.25, 2.2667, 2.2833, 2.3, 2.3167, 2.3333, 2.35, 2.3667, 2.3833, 2.4, 2.4167, 2.4333, 2.45, 2.4667, 2.4833, 2.5, 2.5167, 2.5333, 2.55, 2.5667, 2.5833, 2.6, 2.6167, 2.6333, 2.65, 2.6667],
            "transform": [
                [0.932268, -0.123642, 0.339985, 0.0, -0.026932, 0.913456, 0.406046, 0.06933, -0.360765, -0.3877, 0.848255, 0.0, 0.0, 0.0, 0.0, 1.0],
                [0.93258, -0.123228, 0.339278, 0.0, -0.026656, 0.913846, 0.405185, 0.06933, -0.359978, -0.386911, 0.84895, 0.0, 0.0, 0.0, 0.0, 1.0],
                [0.933484, -0.122027, 0.337219, -0.0, -0.025859, 0.914976, 0.40268, 0.069331, -0.357685, -0.384615, 0.85096, 0.0, 0.0, 0.0, 0.0, 1.0],
                [0.934928, -0.120109, 0.333891, 0.0, -0.02459, 0.916777, 0.398643, 0.069331, -0.353984, -0.380913, 0.854167, 0.0, 0.0, 0.0, 0.0, 1.0],
                [0.936854, -0.117544, 0.329374, -0.0, -0.022906, 0.919175, 0.393182, 0.069331, -0.348969, -0.375899, 0.858441, 0.0, 0.0, 0.0, 0.0, 1.0],
                [0.939202, -0.11441, 0.323745, 0.0, -0.020868, 0.922094, 0.386403, 0.06933, -0.342732, -0.369666, 0.863645, -0.0, 0.0, 0.0, 0.0, 1.0],
                [0.941907, -0.110784, 0.317078, 0.0, -0.018536, 0.925453, 0.378409, 0.06933, -0.335363, -0.362303, 0.869637, 0.0, 0.0, 0.0, 0.0, 1.0],
                [0.944906, -0.106746, 0.309449, 0.0, -0.015976, 0.929171, 0.369304, 0.06933, -0.326953, -0.353902, 0.876274, 0.0, 0.0, 0.0, 0.0, 1.0],
                [0.948134, -0.102374, 0.300935, 0.0, -0.01325, 0.933168, 0.359197, 0.06933, -0.317595, -0.344555, 0.883411, 0.0, 0.0, 0.0, 0.0, 1.0],
                [0.951528, -0.097747, 0.291616, 0.0, -0.010421, 0.937363, 0.348197, 0.06933, -0.307386, -0.334359, 0.890909, 0.0, 0.0, 0.0, 0.0, 1.0],
                [0.955027, -0.092941, 0.281579, -0.0, -0.007547, 0.941682, 0.33642, 0.06933, -0.296425, -0.323415, 0.89863, -0.0, 0.0, 0.0, 0.0, 1.0],
                [0.958571, -0.088031, 0.270911, 0.0, -0.004683, 0.946051, 0.323984, 0.06933, -0.284816, -0.31183, 0.906445, -0.0, 0.0, 0.0, 0.0, 1.0],
                [0.962106, -0.083085, 0.259709, -0.0, -0.00188, 0.950403, 0.311014, 0.06933, -0.272669, -0.299717, 0.914232, -0.0, 0.0, 0.0, 0.0, 1.0],
                [0.965583, -0.07817, 0.248072, 0.0, 0.000819, 0.954677, 0.297641, 0.06933, -0.260096, -0.287194, 0.921884, -0.0, 0.0, 0.0, 0.0, 1.0],
                [0.968955, -0.073344, 0.236108, -0.0, 0.003374, 0.958819, 0.283999, 0.06933, -0.247214, -0.274386, 0.9293, 0.0, 0.0, 0.0, 0.0, 1.0],
                [0.972184, -0.068662, 0.223926, 0.0, 0.005756, 0.962779, 0.270227, 0.06933, -0.234146, -0.261422, 0.936394, -0.0, 0.0, 0.0, 0.0, 1.0],
                [0.975238, -0.064172, 0.211643, -0.0, 0.00794, 0.96652, 0.256469, 0.06933, -0.221016, -0.248438, 0.943096, 0.0, 0.0, 0.0, 0.0, 1.0],
                [0.978089, -0.059914, 0.199379, 0.0, 0.009911, 0.970008, 0.242871, 0.06933, -0.207951, -0.235573, 0.949348, 0.0, 0.0, 0.0, 0.0, 1.0],
                [0.980718, -0.055922, 0.187256, 0.0, 0.011659, 0.97322, 0.22958, 0.069331, -0.19508, -0.22297, 0.955106, 0.0, 0.0, 0.0, 0.0, 1.0],
                [0.983111, -0.052225, 0.1754, 0.0, 0.013184, 0.976139, 0.216747, 0.06933, -0.182534, -0.210774, 0.960341, -0.0, 0.0, 0.0, 0.0, 1.0],
                [0.985261, -0.048843, 0.163937, 0.0, 0.01449, 0.978755, 0.204521, 0.06933, -0.170443, -0.199131, 0.965037, -0.0, 0.0, 0.0, 0.0, 1.0],
                [0.987166, -0.045792, 0.152996, 0.0, 0.015588, 0.981064, 0.193053, 0.06933, -0.158939, -0.18819, 0.969187, 0.0, 0.0, 0.0, 0.0, 1.0],
                [0.988827, -0.043082, 0.142703, -0.0, 0.016495, 0.983069, 0.182492, 0.06933, -0.148149, -0.178099, 0.972796, 0.0, 0.0, 0.0, 0.0, 1.0],
                [0.990254, -0.040721, 0.133187, 0.0, 0.01723, 0.984774, 0.172985, 0.069331, -0.138203, -0.169004, 0.975878, 0.0, 0.0, 0.0, 0.0, 1.0],
                [0.991455, -0.038713, 0.124573, -0.0, 0.017815, 0.986186, 0.164679, 0.06933, -0.129228, -0.161053, 0.978449, 0.0, 0.0, 0.0, 0.0, 1.0],
                [0.992442, -0.037059, 0.116987, -0.0, 0.018276, 0.987315, 0.15772, 0.06933, -0.121348, -0.15439, 0.98053, -0.0, 0.0, 0.0, 0.0, 1.0],
                [0.993232, -0.035735, 0.110511, 0.0, 0.018633, 0.988192, 0.152082, 0.06933, -0.114641, -0.148994, 0.98217, 0.0, 0.0, 0.0, 0.0, 1.0],
                [0.993862, -0.034682, 0.105048, 0.0, 0.018911, 0.988872, 0.147563, 0.06933, -0.108997, -0.144671, 0.983458, -0.0, 0.0, 0.0, 0.0, 1.0],
                [0.994365, -0.033855, 0.100455, 0.0, 0.019134, 0.989387, 0.144041, 0.06933, -0.104265, -0.141307, 0.98446, 0.0, 0.0, 0.0, 0.0, 1.0],
                [0.99477, -0.033215, 0.096587, -0.0, 0.01932, 0.989766, 0.14139, 0.06933, -0.100295, -0.138785, 0.985231, -0.0, 0.0, 0.0, 0.0, 1.0],
                [0.9951, -0.032728, 0.093298, -0.0, 0.019483, 0.990032, 0.139487, 0.06933, -0.096933, -0.136986, 0.985819, 0.0, 0.0, 0.0, 0.0, 1.0],
                [0.995376, -0.03236, 0.09044, -0.0, 0.019635, 0.990209, 0.138207, 0.06933, -0.094027, -0.135792, 0.986266, 0.0, 0.0, 0.0, 0.0, 1.0],
                [0.995615, -0.032083, 0.087868, -0.0, 0.019784, 0.990315, 0.137424, 0.06933, -0.091426, -0.135083, 0.986607, 0.0, 0.0, 0.0, 0.0, 1.0],
                [0.995834, -0.031866, 0.085432, 0.0, 0.019937, 0.990368, 0.137014, 0.06933, -0.088975, -0.13474, 0.986878, 0.0, 0.0, 0.0, 0.0, 1.0],
                [0.996047, -0.031682, 0.082986, 0.0, 0.0201, 0.990388, 0.136852, 0.069331, -0.086524, -0.134643, 0.987109, 0.0, 0.0, 0.0, 0.0, 1.0],
                [0.996266, -0.031504, 0.080382, 0.0, 0.02028, 0.990389, 0.136812, 0.06933, -0.083919, -0.134671, 0.98733, 0.0, 0.0, 0.0, 0.0, 1.0],
                [0.996409, -0.03594, 0.07667, 0.0, 0.020453, 0.980798, 0.19395, 0.06933, -0.082168, -0.191685, 0.978011, 0.0, 0.0, 0.0, 0.0, 1.0],
                [0.996423, -0.04634, 0.070672, 0.0, 0.020614, 0.944271, 0.328524, 0.06933, -0.081957, -0.325892, 0.941848, 0.0, 0.0, 0.0, 0.0, 1.0],
                [0.996367, -0.0578, 0.062549, 0.0, 0.020611, 0.876254, 0.481408, 0.06933, -0.082634, -0.47837, 0.874262, -0.0, 0.0, 0.0, 0.0, 1.0],
                [0.996298, -0.066306, 0.054709, -0.0, 0.020419, 0.800757, 0.598642, 0.06933, -0.083502, -0.595308, 0.799147, 0.0, 0.0, 0.0, 0.0, 1.0],
                [0.996266, -0.069526, 0.051185, -0.0, 0.02028, 0.764732, 0.644029, 0.06933, -0.08392, -0.640587, 0.763287, 0.0, 0.0, 0.0, 0.0, 1.0],
                [0.996266, -0.069526, 0.051185, -0.0, 0.02028, 0.764732, 0.644029, 0.06933, -0.08392, -0.640587, 0.763287, 0.0, 0.0, 0.0, 0.0, 1.0],
                [0.996266, -0.069526, 0.051185, -0.0, 0.02028, 0.764732, 0.644029, 0.06933, -0.083919, -0.640586, 0.763287, 0.0, 0.0, 0.0, 0.0, 1.0],
                [0.996266, -0.069526, 0.051185, -0.0, 0.02028, 0.764732, 0.644029, 0.06933, -0.083919, -0.640586, 0.763287, 0.0, 0.0, 0.0, 0.0, 1.0],
                [0.996266, -0.069526, 0.051185, -0.0, 0.02028, 0.764732, 0.644029, 0.06933, -0.083919, -0.640586, 0.763287, 0.0, 0.0, 0.0, 0.0, 1.0],
                [0.996266, -0.069526, 0.051185, -0.0, 0.02028, 0.764732, 0.644029, 0.06933, -0.08392, -0.640587, 0.763287, 0.0, 0.0, 0.0, 0.0, 1.0],
                [0.996266, -0.069526, 0.051185, -0.0, 0.02028, 0.764732, 0.644029, 0.06933, -0.083919, -0.640586, 0.763287, 0.0, 0.0, 0.0, 0.0, 1.0],
                [0.996266, -0.069526, 0.051185, -0.0, 0.02028, 0.764732, 0.644029, 0.06933, -0.08392, -0.640587, 0.763287, 0.0, 0.0, 0.0, 0.0, 1.0],
                [0.996266, -0.069526, 0.051185, -0.0, 0.02028, 0.764732, 0.644029, 0.06933, -0.08392, -0.640586, 0.763287, 0.0, 0.0, 0.0, 0.0, 1.0],
                [0.996266, -0.069526, 0.051185, -0.0, 0.02028, 0.764732, 0.644029, 0.06933, -0.083919, -0.640587, 0.763287, 0.0, 0.0, 0.0, 0.0, 1.0],
                [0.996266, -0.069526, 0.051185, -0.0, 0.02028, 0.764732, 0.644029, 0.06933, -0.083919, -0.640586, 0.763287, 0.0, 0.0, 0.0, 0.0, 1.0],
                [0.996266, -0.069526, 0.051185, -0.0, 0.02028, 0.764732, 0.644029, 0.06933, -0.083919, -0.640586, 0.763287, 0.0, 0.0, 0.0, 0.0, 1.0],
                [0.996266, -0.069526, 0.051185, -0.0, 0.02028, 0.764732, 0.644029, 0.06933, -0.08392, -0.640587, 0.763287, 0.0, 0.0, 0.0, 0.0, 1.0],
                [0.996266, -0.069526, 0.051185, -0.0, 0.02028, 0.764732, 0.644029, 0.06933, -0.083919, -0.640586, 0.763287, 0.0, 0.0, 0.0, 0.0, 1.0],
                [0.996266, -0.069526, 0.051185, -0.0, 0.02028, 0.764732, 0.644029, 0.06933, -0.083919, -0.640586, 0.763287, 0.0, 0.0, 0.0, 0.0, 1.0],
                [0.996266, -0.069526, 0.051185, -0.0, 0.02028, 0.764732, 0.644029, 0.06933, -0.083919, -0.640586, 0.763287, 0.0, 0.0, 0.0, 0.0, 1.0],
                [0.996266, -0.069526, 0.051185, -0.0, 0.02028, 0.764732, 0.644029, 0.06933, -0.08392, -0.640586, 0.763287, 0.0, 0.0, 0.0, 0.0, 1.0],
                [0.996266, -0.069526, 0.051185, -0.0, 0.02028, 0.764732, 0.644029, 0.06933, -0.083919, -0.640586, 0.763287, 0.0, 0.0, 0.0, 0.0, 1.0],
                [0.996266, -0.069526, 0.051185, -0.0, 0.02028, 0.764732, 0.644029, 0.06933, -0.083919, -0.640586, 0.763287, 0.0, 0.0, 0.0, 0.0, 1.0],
                [0.996266, -0.069526, 0.051185, -0.0, 0.02028, 0.764732, 0.644029, 0.06933, -0.083919, -0.640586, 0.763287, 0.0, 0.0, 0.0, 0.0, 1.0],
                [0.996266, -0.069526, 0.051185, -0.0, 0.02028, 0.764732, 0.644029, 0.06933, -0.08392, -0.640586, 0.763287, 0.0, 0.0, 0.0, 0.0, 1.0],
                [0.996268, -0.069501, 0.051179, -0.0, 0.020284, 0.764881, 0.643852, 0.06933, -0.083894, -0.640411, 0.763436, -0.0, 0.0, 0.0, 0.0, 1.0],
                [0.996274, -0.069427, 0.051161, 0.0, 0.020296, 0.765323, 0.643327, 0.069331, -0.083819, -0.639892, 0.763881, -0.0, 0.0, 0.0, 0.0, 1.0],
                [0.996284, -0.069304, 0.051131, 0.0, 0.020317, 0.766051, 0.642459, 0.06933, -0.083694, -0.639033, 0.764613, -0.0, 0.0, 0.0, 0.0, 1.0],
                [0.996298, -0.069135, 0.05109, 0.0, 0.020344, 0.76706, 0.641254, 0.06933, -0.083522, -0.63784, 0.765626, 0.0, 0.0, 0.0, 0.0, 1.0],
                [0.996316, -0.068919, 0.051037, 0.0, 0.020379, 0.76834, 0.639717, 0.06933, -0.083302, -0.636321, 0.766914, 0.0, 0.0, 0.0, 0.0, 1.0],
                [0.996337, -0.068658, 0.050972, -0.0, 0.02042, 0.769885, 0.637855, 0.06933, -0.083037, -0.634478, 0.768467, -0.0, 0.0, 0.0, 0.0, 1.0],
                [0.996362, -0.068353, 0.050896, -0.0, 0.020468, 0.771688, 0.635672, 0.06933, -0.082726, -0.632318, 0.77028, -0.0, 0.0, 0.0, 0.0, 1.0],
                [0.99639, -0.068004, 0.050808, -0.0, 0.020522, 0.773739, 0.633172, 0.06933, -0.08237, -0.629844, 0.772342, -0.0, 0.0, 0.0, 0.0, 1.0],
                [0.996422, -0.067614, 0.050707, 0.0, 0.02058, 0.776031, 0.63036, 0.06933, -0.081971, -0.627061, 0.774645, -0.0, 0.0, 0.0, 0.0, 1.0],
                [0.996457, -0.067182, 0.050594, 0.0, 0.020643, 0.778553, 0.627239, 0.06933, -0.08153, -0.623972, 0.777182, 0.0, 0.0, 0.0, 0.0, 1.0],
                [0.996495, -0.06671, 0.050469, 0.0, 0.02071, 0.781299, 0.623813, 0.06933, -0.081046, -0.620581, 0.779943, -0.0, 0.0, 0.0, 0.0, 1.0],
                [0.996536, -0.0662, 0.050331, -0.0, 0.02078, 0.784259, 0.620086, 0.06933, -0.080522, -0.616892, 0.782918, -0.0, 0.0, 0.0, 0.0, 1.0],
                [0.99658, -0.065651, 0.050179, 0.0, 0.020853, 0.787422, 0.616062, 0.06933, -0.079957, -0.612908, 0.786098, -0.0, 0.0, 0.0, 0.0, 1.0],
                [0.996627, -0.065066, 0.050014, -0.0, 0.020927, 0.79078, 0.611742, 0.06933, -0.079354, -0.608632, 0.789474, -0.0, 0.0, 0.0, 0.0, 1.0],
                [0.996676, -0.064445, 0.049835, -0.0, 0.021003, 0.794323, 0.607132, 0.06933, -0.078712, -0.604068, 0.793037, -0.0, 0.0, 0.0, 0.0, 1.0],
                [0.996728, -0.063789, 0.049642, -0.0, 0.021079, 0.798041, 0.602234, 0.06933, -0.078032, -0.599217, 0.796775, -0.0, 0.0, 0.0, 0.0, 1.0],
                [0.996782, -0.0631, 0.049435, -0.0, 0.021154, 0.801924, 0.597052, 0.06933, -0.077316, -0.594085, 0.800678, -0.0, 0.0, 0.0, 0.0, 1.0],
                [0.996839, -0.062378, 0.049212, -0.0, 0.021228, 0.805961, 0.591588, 0.06933, -0.076565, -0.588673, 0.804737, -0.0, 0.0, 0.0, 0.0, 1.0],
