{
    "animation": [
        {
            "name": "Root",
            "time": [0.0, 0.0167, 0.0333, 0.05, 0.0667, 0.0833, 0.1, 0.1167, 0.1333, 0.15, 0.1667, 0.1833, 0.2, 0.2167, 0.2333, 0.25, 0.2667, 0.2833, 0.3, 0.3167, 0.3333, 0.35, 0.3667, 0.3833, 0.4, 0.4167, 0.4333, 0.45, 0.4667, 0.4833, 0.5, 0.5167, 0.5333, 0.55, 0.5667, 0.5833, 0.6, 0.6167, 0.6333, 0.65, 0.6667, 0.6833, 0.7, 0.7167, 0.7333, 0.75, 0.7667, 0.7833, 0.8, 0.8167, 0.8333, 0.85, 0.8667, 0.8833, 0.9, 0.9167, 0.9333, 0.95, 0.9667, 0.9833, 1.0, 1.0167, 1.0333, 1.05, 1.0667, 1.0833, 1.1, 1.1167, 1.1333, 1.15, 1.1667, 1.1833, 1.2, 1.2167, 1.2333, 1.25, 1.2667, 1.2833, 1.3, 1.3167, 1.3333, 1.35, 1.3667, 1.3833, 1.4, 1.4167, 1.4333, 1.45, 1.4667, 1.4833, 1.5, 1.5167, 1.5333, 1.55, 1.5667, 1.5833, 1.6, 1.6167, 1.6333, 1.65, 1.6667, 1.6833, 1.7, 1.7167, 1.7333, 1.75, 1.7667, 1.7833, 1.8, 1.8167, 1.8333, 1.85, 1.8667, 1.8833, 1.9, 1.9167, 1.9333, 1.95, 1.9667, 1.9833, 2.0, 2.0167, 2.0333, 2.05, 2.0667, 2.0833, 2.1, 2.1167, 2.1333, 2.15, 2.1667, 2.1833, 2.2, 2.2167, 2.2333, 2.25, 2.2667, 2.2833, 2.3, 2.3167, 2.3333, 2.35, 2.3667, 2.3833, 2.4, 2.4167, 2.4333, 2.45, 2.4667, 2.4833, 2.5],
            "transform": [
                [0.806163, -0.101324, 0.582953, 0.0, 0.589196, 0.227877, -0.77519, 0.0, -0.054296, 0.968404, 0.243406, 0.557547, 0.0, 0.0, 0.0, 1.0],
                [0.805986, -0.09959, 0.583497, 0.0, 0.589426, 0.2257, -0.775652, 0.0, -0.054448, 0.969093, 0.240612, 0.557547, 0.0, 0.0, 0.0, 1.0],
                [0.805472, -0.094593, 0.585036, 0.0, 0.590087, 0.21943, -0.776947, 0.0, -0.054881, 0.971032, 0.232563, 0.557547, 0.0, 0.0, 0.0, 1.0],
                [0.80465, -0.086626, 0.587396, 0.0, 0.591145, 0.209445, -0.778897, 0.0, -0.055554, 0.973976, 0.219738, 0.557547, 0.0, 0.0, 0.0, 1.0],
                [0.803546, -0.075973, 0.590374, 0.0, 0.592562, 0.196113, -0.781287, 0.0, -0.056423, 0.977634, 0.202605, 0.557547, 0.0, 0.0, 0.0, 1.0],
                [0.802187, -0.062919, 0.593749, 0.0, 0.594304, 0.179808, -0.783883, 0.0, -0.05744, 0.981687, 0.181633, 0.557547, 0.0, 0.0, 0.0, 1.0],
                [0.800597, -0.047754, 0.597297, 0.0, 0.596335, 0.16091, -0.786443, 0.0, -0.058555, 0.985813, 0.157301, 0.557547, 0.0, 0.0, 0.0, 1.0],
                [0.798805, -0.030783, 0.600802, 0.0, 0.598618, 0.139813, -0.788739, 0.0, -0.05972, 0.989699, 0.130111, 0.557547, 0.0, 0.0, 0.0, 1.0],
                [0.796842, -0.012324, 0.604062, 0.0, 0.601112, 0.116932, -0.790564, 0.0, -0.060891, 0.993063, 0.100585, 0.557547, 0.0, 0.0, 0.0, 1.0],
                [0.794739, 0.007284, 0.606908, 0.0, 0.603774, 0.092697, -0.791748, 0.0, -0.062026, 0.995668, 0.069272, 0.557547, 0.0, 0.0, 0.0, 1.0],
                [0.792533, 0.027689, 0.6092, 0.0, 0.606557, 0.067554, -0.792165, 0.0, -0.063089, 0.997331, 0.036744, 0.557547, 0.0, 0.0, 0.0, 1.0],
                [0.790261, 0.048525, 0.610846, 0.0, 0.609414, 0.041962, -0.791741, 0.0, -0.064051, 0.99794, 0.003589, 0.557547, 0.0, 0.0, 0.0, 1.0],
                [0.787964, 0.069416, 0.611796, 0.0, 0.612292, 0.016381, -0.790462, 0.0, -0.064893, 0.997453, -0.029595, 0.557547, 0.0, 0.0, 0.0, 1.0],
                [0.785684, 0.089986, 0.612048, 0.0, 0.61514, -0.008727, -0.78837, 0.0, -0.065601, 0.995905, -0.06221, 0.557547, 0.0, 0.0, 0.0, 1.0],
                [0.783464, 0.10986, 0.61165, 0.0, 0.617905, -0.032912, -0.785564, 0.0, -0.066172, 0.993402, -0.093668, 0.557547, 0.0, 0.0, 0.0, 1.0],
                [0.781346, 0.128672, 0.61069, 0.0, 0.620534, -0.055737, -0.782197, 0.0, -0.066609, 0.99012, -0.123395, 0.557547, 0.0, 0.0, 0.0, 1.0],
                [0.779374, 0.146069, 0.609295, 0.0, 0.622975, -0.076786, -0.778464, 0.0, -0.066924, 0.98629, -0.150842, 0.557547, 0.0, 0.0, 0.0, 1.0],
                [0.777589, 0.161709, 0.607623, 0.0, 0.625179, -0.095662, -0.774597, 0.0, -0.067133, 0.982191, -0.175483, 0.557547, 0.0, 0.0, 0.0, 1.0],
                [0.776032, 0.175269, 0.605851, 0.0, 0.627097, -0.111988, -0.770849, 0.0, -0.067258, 0.978131, -0.196817, 0.557547, 0.0, 0.0, 0.0, 1.0],
                [0.774744, 0.186433, 0.604164, 0.0, 0.628681, -0.125404, -0.767485, 0.0, -0.06732, 0.974431, -0.214363, 0.557547, 0.0, 0.0, 0.0, 1.0],
                [0.773763, 0.194897, 0.602749, 0.0, 0.629886, -0.135559, -0.764766, 0.0, -0.067343, 0.971411, -0.227653, 0.557547, 0.0, 0.0, 0.0, 1.0],
                [0.77303, 0.20122, 0.60161, 0.0, 0.630784, -0.143138, -0.762642, 0.0, -0.067346, 0.969031, -0.237577, 0.557547, 0.0, 0.0, 0.0, 1.0],
                [0.772444, 0.206269, 0.600652, 0.0, 0.631502, -0.149184, -0.760887, 0.0, -0.06734, 0.967056, -0.245496, 0.557547, 0.0, 0.0, 0.0, 1.0],
                [0.771977, 0.210199, 0.599891, 0.0, 0.632075, -0.15388, -0.759475, 0.0, -0.06733, 0.965473, -0.251653, 0.557547, 0.0, 0.0, 0.0, 1.0],
                [0.7716, 0.213161, 0.599329, 0.0, 0.632536, -0.157404, -0.758368, 0.0, -0.067317, 0.964254, -0.256285, 0.557547, 0.0, 0.0, 0.0, 1.0],
                [0.771287, 0.215306, 0.598965, 0.0, 0.632919, -0.159933, -0.757519, 0.0, -0.067304, 0.963361, -0.259625, 0.557547, 0.0, 0.0, 0.0, 1.0],
                [0.77101, 0.216783, 0.598789, 0.0, 0.633258, -0.161638, -0.756874, 0.0, -0.06729, 0.962745, -0.261904, 0.557547, 0.0, 0.0, 0.0, 1.0],
                [0.770742, 0.217738, 0.598788, 0.0, 0.633586, -0.162689, -0.756373, 0.0, -0.067275, 0.962352, -0.263347, 0.557547, 0.0, 0.0, 0.0, 1.0],
                [0.770454, 0.218318, 0.598948, 0.0, 0.633938, -0.163256, -0.755956, 0.0, -0.067257, 0.962125, -0.264181, 0.557547, 0.0, 0.0, 0.0, 1.0],
                [0.770119, 0.218668, 0.59925, 0.0, 0.634347, -0.163505, -0.75556, 0.0, -0.067236, 0.962003, -0.264629, 0.557547, 0.0, 0.0, 0.0, 1.0],
                [0.769709, 0.218933, 0.59968, 0.0, 0.634847, -0.163604, -0.755118, 0.0, -0.06721, 0.961926, -0.264917, 0.557547, 0.0, 0.0, 0.0, 1.0],
                [0.769394, 0.212024, 0.602561, 0.0, 0.635611, -0.160342, -0.755175, 0.010263, -0.0635, 0.964021, -0.258131, 0.557547, 0.0, 0.0, 0.0, 1.0],
                [0.771016, 0.192387, 0.60706, 0.0, 0.634465, -0.150228, -0.758213, 0.044046, -0.054673, 0.969752, -0.237891, 0.557547, 0.0, 0.0, 0.0, 1.0],
                [0.777115, 0.162426, 0.608038, 0.0, 0.627826, -0.132686, -0.766961, 0.105841, -0.043897, 0.977759, -0.205088, 0.557547, 0.0, 0.0, 0.0, 1.0],
                [0.790335, 0.124959, 0.599797, 0.0, 0.611732, -0.106642, -0.783844, 0.200141, -0.033985, 0.986414, -0.160725, 0.557547, 0.0, 0.0, 0.0, 1.0],
                [0.813096, 0.083779, 0.57607, 0.0, 0.581493, -0.070617, -0.810481, 0.331437, -0.027221, 0.993979, -0.106136, 0.557547, 0.0, 0.0, 0.0, 1.0],
                [0.902675, 0.043038, 0.428165, 0.0, 0.429474, -0.027622, -0.902657, 0.497008, -0.027022, 0.998692, -0.043417, 0.557547, 0.0, 0.0, 0.0, 1.0],
                [0.993706, 0.016815, 0.110749, 0.0, 0.110405, 0.020173, -0.993682, 0.665276, -0.018943, 0.999655, 0.018189, 0.557547, 0.0, 0.0, 0.0, 1.0],
                [0.978655, 0.01214, -0.205153, 0.0, -0.205512, 0.059077, -0.97687, 0.797448, 0.000261, 0.99818, 0.06031, 0.557547, 0.0, 0.0, 0.0, 1.0],
                [0.938271, 0.014929, -0.34558, 0.0, -0.345702, 0.074459, -0.935386, 0.854733, 0.011767, 0.997112, 0.075023, 0.557547, 0.0, 0.0, 0.0, 1.0],
                [0.932251, 0.015484, -0.36148, 0.0, -0.361574, 0.076042, -0.929237, 0.861221, 0.013099, 0.996984, 0.076489, 0.557547, 0.0, 0.0, 0.0, 1.0],
                [0.926791, 0.015989, -0.375238, 0.0, -0.375307, 0.077412, -0.923662, 0.866899, 0.01428, 0.996871, 0.077746, 0.557547, 0.0, 0.0, 0.0, 1.0],
                [0.921915, 0.016442, -0.387044, 0.0, -0.38709, 0.078589, -0.918687, 0.87182, 0.015313, 0.996772, 0.078817, 0.557547, 0.0, 0.0, 0.0, 1.0],
                [0.917631, 0.01684, -0.397076, 0.0, -0.397103, 0.07959, -0.914317, 0.876039, 0.016206, 0.996685, 0.079721, 0.557547, 0.0, 0.0, 0.0, 1.0],
                [0.913932, 0.017185, -0.405503, 0.0, -0.405512, 0.08043, -0.910544, 0.879611, 0.016967, 0.996612, 0.080476, 0.557547, 0.0, 0.0, 0.0, 1.0],
                [0.910798, 0.017477, -0.412482, 0.0, -0.412477, 0.081127, -0.907348, 0.882588, 0.017605, 0.996551, 0.081099, 0.557547, 0.0, 0.0, 0.0, 1.0],
                [0.908198, 0.01772, -0.418165, 0.0, -0.418148, 0.081694, -0.904698, 0.885026, 0.01813, 0.9965, 0.081604, 0.557547, 0.0, 0.0, 0.0, 1.0],
                [0.906095, 0.017917, -0.422696, 0.0, -0.422668, 0.082147, -0.902554, 0.886978, 0.018552, 0.996459, 0.082006, 0.557547, 0.0, 0.0, 0.0, 1.0],
                [0.904444, 0.018071, -0.42621, 0.0, -0.426175, 0.082498, -0.900871, 0.888498, 0.018881, 0.996427, 0.082316, 0.557547, 0.0, 0.0, 0.0, 1.0],
                [0.903196, 0.018188, -0.428843, 0.0, -0.428803, 0.082761, -0.899599, 0.88964, 0.019129, 0.996403, 0.082548, 0.557547, 0.0, 0.0, 0.0, 1.0],
                [0.902299, 0.018272, -0.430724, 0.0, -0.430679, 0.082948, -0.898685, 0.890459, 0.019307, 0.996386, 0.082714, 0.557547, 0.0, 0.0, 0.0, 1.0],
                [0.901697, 0.018328, -0.43198, 0.0, -0.431932, 0.083073, -0.898072, 0.891008, 0.019426, 0.996375, 0.082824, 0.557547, 0.0, 0.0, 0.0, 1.0],
                [0.901333, 0.018362, -0.432737, 0.0, -0.432687, 0.083148, -0.897702, 0.891342, 0.019497, 0.996368, 0.082889, 0.557547, 0.0, 0.0, 0.0, 1.0],
                [0.90115, 0.018379, -0.433117, 0.0, -0.433067, 0.083185, -0.897515, 0.891514, 0.019534, 0.996365, 0.082922, 0.557547, 0.0, 0.0, 0.0, 1.0],
                [0.901088, 0.018384, -0.433246, 0.0, -0.433195, 0.083197, -0.897452, 0.891579, 0.019546, 0.996364, 0.082931, 0.557547, 0.0, 0.0, 0.0, 1.0],
                [0.901088, 0.018383, -0.433246, 0.0, -0.433195, 0.083195, -0.897452, 0.891591, 0.019546, 0.996364, 0.082929, 0.557547, 0.0, 0.0, 0.0, 1.0],
                [0.901163, 0.018369, -0.433091, -5.8e-05, -0.43304, 0.083165, -0.89753, 0.891594, 0.019531, 0.996367, 0.0829, 0.557601, 0.0, 0.0, 0.0, 1.0],
                [0.901362, 0.018331, -0.432677, -0.000232, -0.432627, 0.083085, -0.897737, 0.891599, 0.019493, 0.996374, 0.08282, 0.55776, 0.0, 0.0, 0.0, 1.0],
                [0.901684, 0.01827, -0.43201, -0.000519, -0.43196, 0.082957, -0.89807, 0.891604, 0.01943, 0.996386, 0.082693, 0.558022, 0.0, 0.0, 0.0, 1.0],
                [0.902123, 0.018187, -0.431095, -0.000916, -0.431044, 0.082781, -0.898525, 0.891609, 0.019345, 0.996402, 0.082518, 0.558385, 0.0, 0.0, 0.0, 1.0],
                [0.902678, 0.018083, -0.429936, -0.001421, -0.429886, 0.082558, -0.899101, 0.891616, 0.019237, 0.996422, 0.082297, 0.558847, 0.0, 0.0, 0.0, 1.0],
                [0.903345, 0.017957, -0.42854, -0.002031, -0.42849, 0.082289, -0.899792, 0.891622, 0.019107, 0.996447, 0.08203, 0.559405, 0.0, 0.0, 0.0, 1.0],
                [0.904119, 0.01781, -0.42691, -0.002744, -0.426861, 0.081976, -0.900594, 0.89163, 0.018956, 0.996475, 0.081719, 0.560057, 0.0, 0.0, 0.0, 1.0],
                [0.904997, 0.017645, -0.425052, -0.003558, -0.425003, 0.081619, -0.901505, 0.891638, 0.018786, 0.996507, 0.081364, 0.560802, 0.0, 0.0, 0.0, 1.0],
                [0.905975, 0.01746, -0.422971, -0.004469, -0.422922, 0.081218, -0.902519, 0.891647, 0.018595, 0.996543, 0.080966, 0.561635, 0.0, 0.0, 0.0, 1.0],
                [0.907049, 0.017257, -0.420671, -0.005476, -0.420623, 0.080776, -0.903632, 0.891657, 0.018386, 0.996583, 0.080526, 0.562556, 0.0, 0.0, 0.0, 1.0],
                [0.908215, 0.017037, -0.418157, -0.006576, -0.41811, 0.080292, -0.904841, 0.891667, 0.018159, 0.996626, 0.080046, 0.563563, 0.0, 0.0, 0.0, 1.0],
                [0.909468, 0.0168, -0.415433, -0.007766, -0.415387, 0.079769, -0.906141, 0.891678, 0.017915, 0.996672, 0.079526, 0.564652, 0.0, 0.0, 0.0, 1.0],
                [0.910805, 0.016548, -0.412505, -0.009045, -0.412459, 0.079205, -0.907526, 0.891689, 0.017655, 0.996721, 0.078966, 0.565821, 0.0, 0.0, 0.0, 1.0],
                [0.91222, 0.016281, -0.409377, -0.010409, -0.409332, 0.078604, -0.908993, 0.891701, 0.01738, 0.996773, 0.078368, 0.567069, 0.0, 0.0, 0.0, 1.0],
                [0.913709, 0.016, -0.406053, -0.011856, -0.406009, 0.077965, -0.910537, 0.891713, 0.01709, 0.996828, 0.077733, 0.568393, 0.0, 0.0, 0.0, 1.0],
                [0.915269, 0.015705, -0.402538, -0.013384, -0.402494, 0.077289, -0.912154, 0.891726, 0.016786, 0.996885, 0.077061, 0.56979, 0.0, 0.0, 0.0, 1.0],
                [0.916893, 0.015399, -0.398836, -0.01499, -0.398794, 0.076577, -0.913838, 0.891739, 0.016469, 0.996945, 0.076354, 0.571259, 0.0, 0.0, 0.0, 1.0],
                [0.918577, 0.015081, -0.394953, -0.016671, -0.394911, 0.07583, -0.915585, 0.891753, 0.016141, 0.997007, 0.075612, 0.572797, 0.0, 0.0, 0.0, 1.0],
                [0.920318, 0.014753, -0.390892, -0.018426, -0.390851, 0.075049, -0.917389, 0.891767, 0.015802, 0.997071, 0.074835, 0.574402, 0.0, 0.0, 0.0, 1.0],
                [0.92211, 0.014415, -0.386659, -0.020251, -0.386619, 0.074235, -0.919247, 0.891782, 0.015453, 0.997137, 0.074026, 0.576072, 0.0, 0.0, 0.0, 1.0],
                [0.923949, 0.014068, -0.382257, -0.022144, -0.382218, 0.073389, -0.921153, 0.891797, 0.015094, 0.997204, 0.073185, 0.577804, 0.0, 0.0, 0.0, 1.0],
                [0.925829, 0.013714, -0.377693, -0.024103, -0.377655, 0.072511, -0.923103, 0.891813, 0.014728, 0.997273, 0.072312, 0.579596, 0.0, 0.0, 0.0, 1.0],
                [0.927747, 0.013352, -0.37297, -0.026126, -0.372933, 0.071603, -0.925092, 0.891829, 0.014354, 0.997344, 0.071409, 0.581446, 0.0, 0.0, 0.0, 1.0],
                [0.929698, 0.012985, -0.368093, -0.028209, -0.368057, 0.070666, -0.927114, 0.891845, 0.013973, 0.997416, 0.070477, 0.583351, 0.0, 0.0, 0.0, 1.0],
                [0.931678, 0.012612, -0.363067, -0.03035, -0.363032, 0.0697, -0.929166, 0.891862, 0.013587, 0.997488, 0.069516, 0.58531, 0.0, 0.0, 0.0, 1.0],
                [0.933681, 0.012235, -0.357897, -0.032548, -0.357863, 0.068706, -0.931243, 0.891879, 0.013196, 0.997562, 0.068528, 0.58732, 0.0, 0.0, 0.0, 1.0],
                [0.935703, 0.011854, -0.352589, -0.034798, -0.352556, 0.067685, -0.93334, 0.891896, 0.012801, 0.997636, 0.067513, 0.589379, 0.0, 0.0, 0.0, 1.0],
                [0.937741, 0.011471, -0.347147, -0.037099, -0.347115, 0.066639, -0.935452, 0.891914, 0.012403, 0.997711, 0.066472, 0.591484, 0.0, 0.0, 0.0, 1.0],
                [0.939789, 0.011086, -0.341576, -0.039449, -0.341545, 0.065569, -0.937575, 0.891932, 0.012003, 0.997786, 0.065407, 0.593633, 0.0, 0.0, 0.0, 1.0],
                [0.941843, 0.0107, -0.335882, -0.041845, -0.335852, 0.064474, -0.939705, 0.89195, 0.011601, 0.997862, 0.064318, 0.595825, 0.0, 0.0, 0.0, 1.0],
                [0.9439, 0.010313, -0.33007, -0.044284, -0.330041, 0.063357, -0.941838, 0.891969, 0.011199, 0.997938, 0.063207, 0.598056, 0.0, 0.0, 0.0, 1.0],
                [0.945955, 0.009927, -0.324145, -0.046764, -0.324117, 0.062219, -0.943969, 0.891988, 0.010797, 0.998013, 0.062074, 0.600324, 0.0, 0.0, 0.0, 1.0],
                [0.948005, 0.009542, -0.318113, -0.049282, -0.318086, 0.061059, -0.946093, 0.892007, 0.010396, 0.998089, 0.06092, 0.602628, 0.0, 0.0, 0.0, 1.0],
                [0.950045, 0.009159, -0.31198, -0.051836, -0.311954, 0.059881, -0.948208, 0.892026, 0.009997, 0.998164, 0.059747, 0.604964, 0.0, 0.0, 0.0, 1.0],
                [0.952071, 0.008779, -0.30575, -0.054424, -0.305726, 0.058684, -0.950309, 0.892045, 0.0096, 0.998238, 0.058555, 0.607332, 0.0, 0.0, 0.0, 1.0],
                [0.954081, 0.008402, -0.299431, -0.057043, -0.299407, 0.05747, -0.952393, 0.892065, 0.009206, 0.998312, 0.057346, 0.609727, 0.0, 0.0, 0.0, 1.0],
                [0.95607, 0.008029, -0.293027, -0.05969, -0.293005, 0.056239, -0.954456, 0.892084, 0.008816, 0.998385, 0.056121, 0.612149, 0.0, 0.0, 0.0, 1.0],
                [0.958036, 0.007661, -0.286545, -0.062363, -0.286524, 0.054994, -0.956493, 0.892104, 0.00843, 0.998457, 0.054881, 0.614594, 0.0, 0.0, 0.0, 1.0],
                [0.959975, 0.007298, -0.279991, -0.06506, -0.27997, 0.053735, -0.958504, 0.892124, 0.00805, 0.998529, 0.053627, 0.617061, 0.0, 0.0, 0.0, 1.0],
                [0.961884, 0.006941, -0.273371, -0.067778, -0.273351, 0.052463, -0.960483, 0.892144, 0.007675, 0.998599, 0.052361, 0.619547, 0.0, 0.0, 0.0, 1.0],
                [0.96376, 0.00659, -0.26669, -0.070515, -0.266671, 0.05118, -0.962428, 0.892165, 0.007306, 0.998668, 0.051082, 0.622051, 0.0, 0.0, 0.0, 1.0],
                [0.9656, 0.006247, -0.259955, -0.073267, -0.259938, 0.049886, -0.964336, 0.892185, 0.006944, 0.998735, 0.049794, 0.624568, 0.0, 0.0, 0.0, 1.0],
                [0.967403, 0.00591, -0.253174, -0.076034, -0.253157, 0.048583, -0.966205, 0.892205, 0.00659, 0.998802, 0.048496, 0.627099, 0.0, 0.0, 0.0, 1.0],
                [0.969165, 0.005581, -0.24635, -0.078811, -0.246335, 0.047273, -0.968031, 0.892226, 0.006243, 0.998866, 0.04719, 0.62964, 0.0, 0.0, 0.0, 1.0],
                [0.970884, 0.005261, -0.239493, -0.081597, -0.239478, 0.045956, -0.969814, 0.892246, 0.005904, 0.99893, 0.045878, 0.632188, 0.0, 0.0, 0.0, 1.0],
                [0.972558, 0.004949, -0.232607, -0.08439, -0.232593, 0.044633, -0.97155, 0.892266, 0.005574, 0.998991, 0.04456, 0.634743, 0.0, 0.0, 0.0, 1.0],
                [0.974186, 0.004646, -0.225699, -0.087186, -0.225686, 0.043307, -0.973237, 0.892287, 0.005252, 0.999051, 0.043238, 0.6373, 0.0, 0.0, 0.0, 1.0],
                [0.975765, 0.004353, -0.218776, -0.089983, -0.218764, 0.041978, -0.974874, 0.892307, 0.00494, 0.999109, 0.041913, 0.639859, 0.0, 0.0, 0.0, 1.0],
                [0.977295, 0.004069, -0.211846, -0.092779, -0.211834, 0.040647, -0.97646, 0.892328, 0.004638, 0.999165, 0.040586, 0.642417, 0.0, 0.0, 0.0, 1.0],
                [0.978773, 0.003795, -0.204913, -0.095571, -0.204902, 0.039316, -0.977993, 0.892348, 0.004345, 0.99922, 0.039259, 0.644971, 0.0, 0.0, 0.0, 1.0],
                [0.980199, 0.003531, -0.197985, -0.098358, -0.197975, 0.037986, -0.979471, 0.892368, 0.004062, 0.999272, 0.037932, 0.64752, 0.0, 0.0, 0.0, 1.0],
                [0.981571, 0.003277, -0.19107, -0.101135, -0.19106, 0.036658, -0.980894, 0.892388, 0.00379, 0.999322, 0.036608, 0.65006, 0.0, 0.0, 0.0, 1.0],
                [0.982889, 0.003033, -0.184173, -0.103901, -0.184164, 0.035334, -0.98226, 0.892408, 0.003528, 0.999371, 0.035288, 0.652591, 0.0, 0.0, 0.0, 1.0],
                [0.984153, 0.0028, -0.177301, -0.106654, -0.177293, 0.034015, -0.98357, 0.892428, 0.003276, 0.999417, 0.033972, 0.655109, 0.0, 0.0, 0.0, 1.0],
                [0.985361, 0.002578, -0.170462, -0.109391, -0.170454, 0.032702, -0.984823, 0.892448, 0.003036, 0.999462, 0.032663, 0.657612, 0.0, 0.0, 0.0, 1.0],
                [0.986514, 0.002366, -0.163662, -0.112108, -0.163655, 0.031397, -0.986018, 0.892467, 0.002805, 0.999504, 0.03136, 0.660098, 0.0, 0.0, 0.0, 1.0],
                [0.987611, 0.002165, -0.156908, -0.114805, -0.156902, 0.0301, -0.987155, 0.892487, 0.002586, 0.999545, 0.030067, 0.662565, 0.0, 0.0, 0.0, 1.0],
                [0.988653, 0.001974, -0.150207, -0.117479, -0.150201, 0.028814, -0.988236, 0.892506, 0.002377, 0.999583, 0.028784, 0.665011, 0.0, 0.0, 0.0, 1.0],
                [0.989639, 0.001794, -0.143565, -0.120126, -0.14356, 0.027539, -0.989258, 0.892525, 0.002179, 0.999619, 0.027512, 0.667432, 0.0, 0.0, 0.0, 1.0],
                [0.990571, 0.001624, -0.136991, -0.122745, -0.136986, 0.026278, -0.990224, 0.892544, 0.001992, 0.999653, 0.026252, 0.669828, 0.0, 0.0, 0.0, 1.0],
                [0.991449, 0.001464, -0.130489, -0.125332, -0.130485, 0.02503, -0.991134, 0.892562, 0.001815, 0.999686, 0.025007, 0.672195, 0.0, 0.0, 0.0, 1.0],
                [0.992273, 0.001315, -0.124068, -0.127887, -0.124064, 0.023798, -0.991989, 0.892581, 0.001648, 0.999716, 0.023777, 0.674531, 0.0, 0.0, 0.0, 1.0],
                [0.993044, 0.001176, -0.117734, -0.130405, -0.11773, 0.022582, -0.992789, 0.892599, 0.001492, 0.999744, 0.022564, 0.676835, 0.0, 0.0, 0.0, 1.0],
                [0.993765, 0.001046, -0.111493, -0.132885, -0.11149, 0.021385, -0.993535, 0.892616, 0.001345, 0.999771, 0.021368, 0.679104, 0.0, 0.0, 0.0, 1.0],
                [0.994434, 0.000926, -0.105354, -0.135324, -0.105351, 0.020207, -0.99423, 0.892634, 0.001209, 0.999795, 0.020192, 0.681335, 0.0, 0.0, 0.0, 1.0],
                [0.995055, 0.000815, -0.099321, -0.13772, -0.099318, 0.019049, -0.994873, 0.892651, 0.001081, 0.999818, 0.019036, 0.683526, 0.0, 0.0, 0.0, 1.0],
                [0.995628, 0.000713, -0.093402, -0.140069, -0.0934, 0.017914, -0.995467, 0.892668, 0.000964, 0.999839, 0.017902, 0.685675, 0.0, 0.0, 0.0, 1.0],
                [0.996155, 0.00062, -0.087604, -0.142371, -0.087602, 0.016801, -0.996014, 0.892684, 0.000855, 0.999859, 0.016791, 0.68778, 0.0, 0.0, 0.0, 1.0],
                [0.996638, 0.000535, -0.081933, -0.144621, -0.081932, 0.015714, -0.996514, 0.8927, 0.000755, 0.999876, 0.015705, 0.689839, 0.0, 0.0, 0.0, 1.0],
                [0.997077, 0.000458, -0.076396, -0.146818, -0.076395, 0.014651, -0.99697, 0.892716, 0.000663, 0.999892, 0.014644, 0.691849, 0.0, 0.0, 0.0, 1.0],
                [0.997476, 0.000389, -0.071, -0.14896, -0.070999, 0.013616, -0.997383, 0.892731, 0.000579, 0.999907, 0.013609, 0.693808, 0.0, 0.0, 0.0, 1.0],
                [0.997836, 0.000327, -0.06575, -0.151043, -0.065749, 0.012609, -0.997757, 0.892746, 0.000503, 0.99992, 0.012603, 0.695714, 0.0, 0.0, 0.0, 1.0],
                [0.998159, 0.000272, -0.060653, -0.153065, -0.060653, 0.011632, -0.998091, 0.89276, 0.000434, 0.999932, 0.011627, 0.697563, 0.0, 0.0, 0.0, 1.0],
                [0.998447, 0.000223, -0.055717, -0.155024, -0.055716, 0.010685, -0.998389, 0.892774, 0.000373, 0.999943, 0.01068, 0.699356, 0.0, 0.0, 0.0, 1.0],
                [0.998701, 0.000181, -0.050946, -0.156918, -0.050945, 0.00977, -0.998654, 0.892787, 0.000317, 0.999952, 0.009766, 0.701088, 0.0, 0.0, 0.0, 1.0],
                [0.998925, 0.000144, -0.046348, -0.158743, -0.046347, 0.008888, -0.998886, 0.8928, 0.000268, 0.99996, 0.008885, 0.702757, 0.0, 0.0, 0.0, 1.0],
                [0.999121, 0.000112, -0.041928, -0.160498, -0.041928, 0.00804, -0.999088, 0.892813, 0.000225, 0.999968, 0.008038, 0.704362, 0.0, 0.0, 0.0, 1.0],
                [0.999289, 8.6e-05, -0.037694, -0.162179, -0.037694, 0.007228, -0.999263, 0.892825, 0.000187, 0.999974, 0.007226, 0.7059, 0.0, 0.0, 0.0, 1.0],
                [0.999434, 6.3e-05, -0.033651, -0.163785, -0.033651, 0.006453, -0.999413, 0.892836, 0.000154, 0.999979, 0.006451, 0.707369, 0.0, 0.0, 0.0, 1.0],
                [0.999556, 4.5e-05, -0.029806, -0.165313, -0.029805, 0.005715, -0.999539, 0.892847, 0.000125, 0.999984, 0.005714, 0.708767, 0.0, 0.0, 0.0, 1.0],
                [0.999658, 3.1e-05, -0.026164, -0.16676, -0.026164, 0.005017, -0.999645, 0.892857, 0.000101, 0.999987, 0.005016, 0.710091, 0.0, 0.0, 0.0, 1.0],
                [0.999742, 1.9e-05, -0.022732, -0.168124, -0.022732, 0.004359, -0.999732, 0.892867, 8e-05, 0.999991, 0.004358, 0.711338, 0.0, 0.0, 0.0, 1.0],
                [0.99981, 1e-05, -0.019516, -0.169402, -0.019516, 0.003742, -0.999803, 0.892876, 6.3e-05, 0.999993, 0.003742, 0.712508, 0.0, 0.0, 0.0, 1.0],
                [0.999864, 4e-06, -0.016522, -0.170593, -0.016522, 0.003168, -0.999858, 0.892884, 4.8e-05, 0.999995, 0.003168, 0.713597, 0.0, 0.0, 0.0, 1.0],
                [0.999905, -0.0, -0.013757, -0.171693, -0.013757, 0.002638, -0.999902, 0.892892, 3.7e-05, 0.999997, 0.002637, 0.714603, 0.0, 0.0, 0.0, 1.0],
                [0.999937, -3e-06, -0.011226, -0.1727, -0.011226, 0.002152, -0.999935, 0.892899, 2.7e-05, 0.999998, 0.002152, 0.715524, 0.0, 0.0, 0.0, 1.0],
                [0.99996, -4e-06, -0.008935, -0.173611, -0.008935, 0.001713, -0.999959, 0.892905, 2e-05, 0.999998, 0.001713, 0.716358, 0.0, 0.0, 0.0, 1.0],
                [0.999976, -5e-06, -0.006891, -0.174425, -0.006891, 0.001321, -0.999975, 0.892911, 1.4e-05, 0.999999, 0.001321, 0.717102, 0.0, 0.0, 0.0, 1.0],
                [0.999987, -4e-06, -0.0051, -0.175138, -0.0051, 0.000978, -0.999987, 0.892916, 9e-06, 1.0, 0.000978, 0.717754, 0.0, 0.0, 0.0, 1.0],
                [0.999994, -4e-06, -0.003567, -0.175748, -0.003567, 0.000684, -0.999993, 0.89292, 6e-06, 1.0, 0.000684, 0.718313, 0.0, 0.0, 0.0, 1.0],
                [0.999997, -3e-06, -0.002299, -0.176253, -0.002299, 0.000441, -0.999997, 0.892924, 4e-06, 1.0, 0.000441, 0.718774, 0.0, 0.0, 0.0, 1.0],
                [0.999999, -2e-06, -0.001303, -0.17665, -0.001303, 0.00025, -0.999999, 0.892927, 2e-06, 1.0, 0.00025, 0.719137, 0.0, 0.0, 0.0, 1.0],
                [1.0, -1e-06, -0.000583, -0.176937, -0.000583, 0.000112, -1.0, 0.892929, 1e-06, 1.0, 0.000112, 0.7194, 0.0, 0.0, 0.0, 1.0],
                [1.0, -0.0, -0.000147, -0.17711, -0.000147, 2.8e-05, -1.0, 0.89293, 0.0, 1.0, 2.8e-05, 0.719559, 0.0, 0.0, 0.0, 1.0],
                [1.0, 0.0, 0.0, -0.177169, 0.0, -0.0, -1.0, 0.89293, -0.0, 1.0, -0.0, 0.719612, 0.0, 0.0, 0.0, 1.0]
            ]
        },
        {
            "name": "body",
            "time": [0.0, 0.0167, 0.0333, 0.05, 0.0667, 0.0833, 0.1, 0.1167, 0.1333, 0.15, 0.1667, 0.1833, 0.2, 0.2167, 0.2333, 0.25, 0.2667, 0.2833, 0.3, 0.3167, 0.3333, 0.35, 0.3667, 0.3833, 0.4, 0.4167, 0.4333, 0.45, 0.4667, 0.4833, 0.5, 0.5167, 0.5333, 0.55, 0.5667, 0.5833, 0.6, 0.6167, 0.6333, 0.65, 0.6667, 0.6833, 0.7, 0.7167, 0.7333, 0.75, 0.7667, 0.7833, 0.8, 0.8167, 0.8333, 0.85, 0.8667, 0.8833, 0.9, 0.9167, 0.9333, 0.95, 0.9667, 0.9833, 1.0, 1.0167, 1.0333, 1.05, 1.0667, 1.0833, 1.1, 1.1167, 1.1333, 1.15, 1.1667, 1.1833, 1.2, 1.2167, 1.2333, 1.25, 1.2667, 1.2833, 1.3, 1.3167, 1.3333, 1.35, 1.3667, 1.3833, 1.4, 1.4167, 1.4333, 1.45, 1.4667, 1.4833, 1.5, 1.5167, 1.5333, 1.55, 1.5667, 1.5833, 1.6, 1.6167, 1.6333, 1.65, 1.6667, 1.6833, 1.7, 1.7167, 1.7333, 1.75, 1.7667, 1.7833, 1.8, 1.8167, 1.8333, 1.85, 1.8667, 1.8833, 1.9, 1.9167, 1.9333, 1.95, 1.9667, 1.9833, 2.0, 2.0167, 2.0333, 2.05, 2.0667, 2.0833, 2.1, 2.1167, 2.1333, 2.15, 2.1667, 2.1833, 2.2, 2.2167, 2.2333, 2.25, 2.2667, 2.2833, 2.3, 2.3167, 2.3333, 2.35, 2.3667, 2.3833, 2.4, 2.4167, 2.4333, 2.45, 2.4667, 2.4833, 2.5],
            "transform": [
                [0.791233, 0.05007, 0.609462, 0.0, -0.231683, 0.946889, 0.222991, 0.06933, -0.565927, -0.31764, 0.76081, -0.0, 0.0, 0.0, 0.0, 1.0],
                [0.790607, 0.050759, 0.610216, 0.0, -0.2325, 0.94681, 0.222474, 0.06933, -0.566466, -0.317765, 0.760356, 0.0, 0.0, 0.0, 0.0, 1.0],
                [0.7888, 0.052749, 0.612383, -0.0, -0.234856, 0.946579, 0.220978, 0.06933, -0.568012, -0.318129, 0.759049, 0.0, 0.0, 0.0, 0.0, 1.0],
                [0.785908, 0.055922, 0.615809, 0.0, -0.238602, 0.946197, 0.218584, 0.06933, -0.570454, -0.318721, 0.756967, -0.0, 0.0, 0.0, 0.0, 1.0],
                [0.782024, 0.060159, 0.620338, -0.0, -0.243589, 0.945664, 0.21537, 0.069331, -0.573675, -0.319532, 0.754186, -0.0, 0.0, 0.0, 0.0, 1.0],
                [0.777234, 0.065341, 0.625809, 0.0, -0.249662, 0.944974, 0.211407, 0.06933, -0.57756, -0.320554, 0.75078, -0.0, 0.0, 0.0, 0.0, 1.0],
                [0.771627, 0.071345, 0.632061, 0.0, -0.256666, 0.944123, 0.206771, 0.06933, -0.581991, -0.321779, 0.746823, 0.0, 0.0, 0.0, 0.0, 1.0],
                [0.765292, 0.078052, 0.638933, 0.0, -0.264448, 0.943106, 0.201538, 0.06933, -0.586852, -0.3232, 0.742392, 0.0, 0.0, 0.0, 0.0, 1.0],
                [0.758324, 0.085338, 0.646268, -0.0, -0.272854, 0.941923, 0.195786, 0.069331, -0.592026, -0.324806, 0.737567, -0.0, 0.0, 0.0, 0.0, 1.0],
                [0.750823, 0.093084, 0.653911, -0.0, -0.281734, 0.940573, 0.189598, 0.06933, -0.597403, -0.326584, 0.732429, -0.0, 0.0, 0.0, 0.0, 1.0],
                [0.742899, 0.101169, 0.661714, -0.0, -0.290941, 0.939064, 0.183064, 0.069331, -0.602872, -0.328518, 0.727064, -0.0, 0.0, 0.0, 0.0, 1.0],
                [0.734668, 0.109475, 0.669536, -0.0, -0.300333, 0.937404, 0.176275, 0.06933, -0.608328, -0.330587, 0.72156, -0.0, 0.0, 0.0, 0.0, 1.0],
                [0.726255, 0.117885, 0.677242, 0.0, -0.309772, 0.935611, 0.169333, 0.06933, -0.613673, -0.33277, 0.716009, -0.0, 0.0, 0.0, 0.0, 1.0],
                [0.717795, 0.126285, 0.684707, -0.0, -0.319129, 0.933703, 0.162342, 0.06933, -0.618812, -0.335038, 0.710508, 0.0, 0.0, 0.0, 0.0, 1.0],
                [0.709429, 0.134564, 0.691811, 0.0, -0.328278, 0.931709, 0.155412, 0.06933, -0.623654, -0.33736, 0.705156, 0.0, 0.0, 0.0, 0.0, 1.0],
                [0.701308, 0.142613, 0.698447, 0.0, -0.3371, 0.929658, 0.148657, 0.06933, -0.628117, -0.339701, 0.700052, 0.0, 0.0, 0.0, 0.0, 1.0],
                [0.693588, 0.150329, 0.704512, 0.0, -0.345484, 0.927589, 0.142198, 0.06933, -0.632121, -0.342025, 0.6953, -0.0, 0.0, 0.0, 0.0, 1.0],
                [0.686429, 0.157608, 0.709912, 0.0, -0.353323, 0.92554, 0.136156, 0.06933, -0.635593, -0.344289, 0.691004, -0.0, 0.0, 0.0, 0.0, 1.0],
                [0.679998, 0.164353, 0.714557, -0.0, -0.360516, 0.923557, 0.130655, 0.06933, -0.63846, -0.346454, 0.687268, 0.0, 0.0, 0.0, 0.0, 1.0],
                [0.67446, 0.170468, 0.718362, 0.0, -0.366964, 0.921687, 0.125821, 0.06933, -0.640657, -0.348474, 0.684197, -0.0, 0.0, 0.0, 0.0, 1.0],
                [0.669986, 0.175857, 0.721244, -0.0, -0.372573, 0.919978, 0.121781, 0.06933, -0.642112, -0.350307, 0.681892, -0.0, 0.0, 0.0, 0.0, 1.0],
                [0.666461, 0.18044, 0.723375, 0.0, -0.377281, 0.918488, 0.118488, 0.06933, -0.643031, -0.351884, 0.680212, 0.0, 0.0, 0.0, 0.0, 1.0],
                [0.663546, 0.184345, 0.725069, -0.0, -0.381273, 0.91719, 0.115731, 0.06933, -0.643691, -0.353242, 0.678883, 0.0, 0.0, 0.0, 0.0, 1.0],
                [0.661062, 0.187794, 0.726451, -0.0, -0.384816, 0.916003, 0.113383, 0.06933, -0.644138, -0.354503, 0.677801, -0.0, 0.0, 0.0, 0.0, 1.0],
                [0.658828, 0.191008, 0.727641, 0.0, -0.388173, 0.914839, 0.111315, 0.06933, -0.644413, -0.355788, 0.676866, 0.0, 0.0, 0.0, 0.0, 1.0],
                [0.656653, 0.194206, 0.72876, 0.0, -0.391607, 0.913607, 0.109394, 0.06933, -0.644555, -0.357221, 0.675975, 0.0, 0.0, 0.0, 0.0, 1.0],
                [0.654344, 0.197606, 0.729922, 0.0, -0.395377, 0.912208, 0.107484, 0.06933, -0.644601, -0.358926, 0.675027, 0.0, 0.0, 0.0, 0.0, 1.0],
                [0.651703, 0.201425, 0.73124, 0.0, -0.399744, 0.910541, 0.105449, 0.06933, -0.644584, -0.36103, 0.67392, 0.0, 0.0, 0.0, 0.0, 1.0],
                [0.648519, 0.205881, 0.732827, -0.0, -0.404969, 0.908494, 0.103145, 0.06933, -0.644534, -0.363664, 0.672551, -0.0, 0.0, 0.0, 0.0, 1.0],
                [0.644574, 0.211195, 0.734793, 0.0, -0.411313, 0.905945, 0.100424, 0.06933, -0.644474, -0.366961, 0.670816, 0.0, 0.0, 0.0, 0.0, 1.0],
                [0.63963, 0.217584, 0.737246, 0.0, -0.419041, 0.902757, 0.097126, 0.06933, -0.644421, -0.371061, 0.668607, 0.0, 0.0, 0.0, 0.0, 1.0],
                [0.633583, 0.225582, 0.740058, -0.0, -0.429596, 0.898113, 0.094029, 0.06933, -0.643444, -0.377501, 0.665938, -0.0, 0.0, 0.0, 0.0, 1.0],
                [0.635735, 0.236677, 0.734728, 0.0, -0.443896, 0.890798, 0.097136, 0.06933, -0.631505, -0.387895, 0.671371, 0.0, 0.0, 0.0, 0.0, 1.0],
                [0.659985, 0.253165, 0.707339, 0.0, -0.46098, 0.879903, 0.115192, 0.06933, -0.593227, -0.402094, 0.697426, 0.0, 0.0, 0.0, 0.0, 1.0],
                [0.717641, 0.278688, 0.638219, -0.0, -0.477052, 0.864378, 0.158974, 0.06933, -0.507359, -0.41855, 0.753262, 0.0, 0.0, 0.0, 0.0, 1.0],
                [0.807867, 0.318302, 0.496019, -0.0, -0.479962, 0.843744, 0.240274, 0.069331, -0.342034, -0.43218, 0.834406, -0.0, 0.0, 0.0, 0.0, 1.0],
                [0.907819, 0.366086, 0.204563, 0.0, -0.418456, 0.822827, 0.384512, 0.06933, -0.027556, -0.434668, 0.900169, -0.0, 0.0, 0.0, 0.0, 1.0],
                [0.894294, 0.405827, -0.188526, -0.0, -0.257531, 0.811313, 0.524833, 0.06933, 0.365945, -0.420804, 0.830065, 0.0, 0.0, 0.0, 0.0, 1.0],
                [0.764884, 0.426936, -0.482367, -0.0, -0.086496, 0.81011, 0.579862, 0.06933, 0.638334, -0.401805, 0.656569, 0.0, 0.0, 0.0, 0.0, 1.0],
                [0.681998, 0.432485, -0.589775, 0.0, -0.009305, 0.811481, 0.584304, 0.06933, 0.731294, -0.393007, 0.557453, 0.0, 0.0, 0.0, 0.0, 1.0],
                [0.67217, 0.432858, -0.600684, -0.0, -0.000772, 0.811709, 0.584061, 0.06933, 0.740396, -0.392124, 0.545941, -0.0, 0.0, 0.0, 0.0, 1.0],
                [0.663465, 0.433228, -0.610022, 0.0, 0.006594, 0.811895, 0.583767, 0.06933, 0.748178, -0.391331, 0.535807, 0.0, 0.0, 0.0, 0.0, 1.0],
                [0.655841, 0.433591, -0.617958, -0.0, 0.012896, 0.812042, 0.583457, 0.06933, 0.754789, -0.390624, 0.526978, -0.0, 0.0, 0.0, 0.0, 1.0],
                [0.649244, 0.43394, -0.624643, 0.0, 0.018232, 0.812156, 0.583156, 0.06933, 0.760362, -0.389999, 0.519376, -0.0, 0.0, 0.0, 0.0, 1.0],
                [0.643617, 0.434269, -0.630212, 0.0, 0.022694, 0.812242, 0.582879, 0.06933, 0.765011, -0.389453, 0.512917, 0.0, 0.0, 0.0, 0.0, 1.0],
                [0.638894, 0.434571, -0.634793, 0.0, 0.026373, 0.812305, 0.582637, 0.06933, 0.768843, -0.388984, 0.507515, 0.0, 0.0, 0.0, 0.0, 1.0],
                [0.635006, 0.434838, -0.638501, -0.0, 0.029356, 0.81235, 0.58243, 0.06933, 0.77195, -0.388591, 0.503082, 0.0, 0.0, 0.0, 0.0, 1.0],
                [0.63188, 0.435062, -0.641443, -0.0, 0.031729, 0.812384, 0.58226, 0.06933, 0.774417, -0.38827, 0.499525, 0.0, 0.0, 0.0, 0.0, 1.0],
                [0.629441, 0.435235, -0.64372, 0.0, 0.033572, 0.81241, 0.582119, 0.06933, 0.776323, -0.388021, 0.496752, -0.0, 0.0, 0.0, 0.0, 1.0],
                [0.627612, 0.435347, -0.645427, 0.0, 0.034968, 0.812436, 0.582001, 0.069331, 0.77774, -0.38784, 0.494671, 0.0, 0.0, 0.0, 0.0, 1.0],
                [0.626316, 0.435391, -0.646656, 0.0, 0.035997, 0.812467, 0.581895, 0.06933, 0.778738, -0.387728, 0.493188, 0.0, 0.0, 0.0, 0.0, 1.0],
                [0.625473, 0.435354, -0.647495, -0.0, 0.036736, 0.812508, 0.581791, 0.06933, 0.779381, -0.387681, 0.492209, -0.0, 0.0, 0.0, 0.0, 1.0],
                [0.625003, 0.43523, -0.648032, -0.0, 0.037265, 0.812567, 0.581675, 0.06933, 0.779732, -0.387698, 0.491638, -0.0, 0.0, 0.0, 0.0, 1.0],
                [0.624827, 0.435006, -0.648352, -0.0, 0.037662, 0.812649, 0.581535, 0.06933, 0.779854, -0.387777, 0.491382, -0.0, 0.0, 0.0, 0.0, 1.0],
                [0.624864, 0.434675, -0.648538, -0.0, 0.038003, 0.812759, 0.581359, 0.06933, 0.779808, -0.387917, 0.491345, -0.0, 0.0, 0.0, 0.0, 1.0],
                [0.625034, 0.434225, -0.648676, -0.0, 0.038368, 0.812905, 0.58113, 0.06933, 0.779654, -0.388115, 0.491433, -0.0, 0.0, 0.0, 0.0, 1.0],
                [0.625447, 0.433546, -0.648733, -0.0, 0.038651, 0.813189, 0.580715, 0.06933, 0.779309, -0.38828, 0.49185, -0.0, 0.0, 0.0, 0.0, 1.0],
                [0.626261, 0.432536, -0.648621, 0.0, 0.038699, 0.813705, 0.579988, 0.06933, 0.778652, -0.388325, 0.492853, 0.0, 0.0, 0.0, 0.0, 1.0],
                [0.627467, 0.431203, -0.648343, 0.0, 0.03852, 0.814448, 0.578956, 0.06933, 0.77769, -0.38825, 0.49443, 0.0, 0.0, 0.0, 0.0, 1.0],
                [0.629056, 0.429552, -0.6479, 0.0, 0.038119, 0.815413, 0.577623, 0.06933, 0.776425, -0.388055, 0.496567, 0.0, 0.0, 0.0, 0.0, 1.0],
                [0.631019, 0.42759, -0.647288, -0.0, 0.037504, 0.816594, 0.575993, 0.06933, 0.774861, -0.387738, 0.49925, 0.0, 0.0, 0.0, 0.0, 1.0],
                [0.633345, 0.425324, -0.646509, 0.0, 0.036682, 0.817985, 0.57407, 0.069331, 0.773, -0.387299, 0.502465, -0.0, 0.0, 0.0, 0.0, 1.0],
                [0.636026, 0.42276, -0.645557, -0.0, 0.03566, 0.819578, 0.571856, 0.06933, 0.770843, -0.386736, 0.506198, 0.0, 0.0, 0.0, 0.0, 1.0],
                [0.639052, 0.419905, -0.644432, -0.0, 0.034446, 0.82137, 0.569354, 0.069331, 0.768392, -0.386045, 0.510434, -0.0, 0.0, 0.0, 0.0, 1.0],
                [0.642412, 0.416764, -0.643129, -0.0, 0.03305, 0.823353, 0.566567, 0.06933, 0.765647, -0.385224, 0.515158, -0.0, 0.0, 0.0, 0.0, 1.0],
                [0.646097, 0.413344, -0.641643, 0.0, 0.031478, 0.82552, 0.563494, 0.06933, 0.762606, -0.384269, 0.520355, -0.0, 0.0, 0.0, 0.0, 1.0],
                [0.650095, 0.409652, -0.63997, -0.0, 0.02974, 0.827866, 0.560137, 0.06933, 0.75927, -0.383175, 0.526009, -0.0, 0.0, 0.0, 0.0, 1.0],
                [0.654398, 0.405694, -0.638103, 0.0, 0.027845, 0.830382, 0.556498, 0.06933, 0.755638, -0.381939, 0.532104, 0.0, 0.0, 0.0, 0.0, 1.0],
                [0.658994, 0.401477, -0.636038, -0.0, 0.025802, 0.833063, 0.552576, 0.06933, 0.751706, -0.380556, 0.538624, -0.0, 0.0, 0.0, 0.0, 1.0],
                [0.663871, 0.397008, -0.633767, -0.0, 0.023621, 0.8359, 0.548373, 0.06933, 0.747474, -0.37902, 0.545552, -0.0, 0.0, 0.0, 0.0, 1.0],
                [0.66902, 0.392292, -0.631284, -0.0, 0.021312, 0.838887, 0.543888, 0.06933, 0.742939, -0.377326, 0.552872, -0.0, 0.0, 0.0, 0.0, 1.0],
                [0.674427, 0.387339, -0.628583, -0.0, 0.018885, 0.842016, 0.539121, 0.06933, 0.7381, -0.375469, 0.560564, -0.0, 0.0, 0.0, 0.0, 1.0],
                [0.680082, 0.382155, -0.625656, 0.0, 0.016349, 0.84528, 0.534074, 0.06933, 0.732954, -0.373443, 0.568612, 0.0, 0.0, 0.0, 0.0, 1.0],
                [0.685972, 0.376748, -0.622497, 0.0, 0.013716, 0.848669, 0.528746, 0.06933, 0.727498, -0.371243, 0.576996, 0.0, 0.0, 0.0, 0.0, 1.0],
                [0.692086, 0.371125, -0.619099, 0.0, 0.010996, 0.852177, 0.523138, 0.069331, 0.721732, -0.368863, 0.585699, -0.0, 0.0, 0.0, 0.0, 1.0],
                [0.698409, 0.365295, -0.615455, 0.0, 0.008199, 0.855795, 0.51725, 0.06933, 0.715652, -0.366298, 0.5947, -0.0, 0.0, 0.0, 0.0, 1.0],
                [0.70493, 0.359265, -0.611557, -0.0, 0.005338, 0.859515, 0.511083, 0.06933, 0.709257, -0.363542, 0.60398, 0.0, 0.0, 0.0, 0.0, 1.0],
                [0.711634, 0.353047, -0.607401, 0.0, 0.002422, 0.863327, 0.504639, 0.069331, 0.702546, -0.360589, 0.613518, -0.0, 0.0, 0.0, 0.0, 1.0],
                [0.718509, 0.346646, -0.602978, 0.0, -0.000536, 0.867224, 0.497919, 0.06933, 0.695518, -0.357435, 0.623294, -0.0, 0.0, 0.0, 0.0, 1.0],
                [0.725539, 0.340073, -0.598283, 0.0, -0.003526, 0.871195, 0.490924, 0.06933, 0.688172, -0.354075, 0.633285, 0.0, 0.0, 0.0, 0.0, 1.0],
                [0.732712, 0.333338, -0.593311, 0.0, -0.006536, 0.875233, 0.483658, 0.06933, 0.680507, -0.350504, 0.643472, 0.0, 0.0, 0.0, 0.0, 1.0],
                [0.740013, 0.326451, -0.588057, 0.0, -0.009555, 0.879327, 0.476122, 0.069331, 0.672525, -0.346718, 0.653833, 0.0, 0.0, 0.0, 0.0, 1.0],
                [0.747427, 0.319422, -0.582515, -0.0, -0.012571, 0.883469, 0.468321, 0.069331, 0.664226, -0.342713, 0.664344, 0.0, 0.0, 0.0, 0.0, 1.0],
                [0.754938, 0.312261, -0.576682, -0.0, -0.015573, 0.887649, 0.460257, 0.06933, 0.655611, -0.338485, 0.674983, 0.0, 0.0, 0.0, 0.0, 1.0],
                [0.762532, 0.304979, -0.570554, 0.0, -0.018549, 0.891858, 0.451936, 0.06933, 0.646684, -0.334032, 0.685728, -0.0, 0.0, 0.0, 0.0, 1.0],
                [0.770194, 0.297588, -0.564129, -0.0, -0.021489, 0.896085, 0.443362, 0.069331, 0.637447, -0.329352, 0.696555, 0.0, 0.0, 0.0, 0.0, 1.0],
                [0.777909, 0.290099, -0.557406, -0.0, -0.024382, 0.900322, 0.434541, 0.06933, 0.627905, -0.324442, 0.707441, 0.0, 0.0, 0.0, 0.0, 1.0],
                [0.785659, 0.282523, -0.550382, 0.0, -0.027216, 0.904559, 0.425478, 0.06933, 0.61806, -0.319302, 0.718365, 0.0, 0.0, 0.0, 0.0, 1.0],
                [0.793431, 0.274872, -0.543058, -0.0, -0.029982, 0.908786, 0.416183, 0.06933, 0.607921, -0.313931, 0.729301, 0.0, 0.0, 0.0, 0.0, 1.0],
                [0.801209, 0.267159, -0.535435, 0.0, -0.032668, 0.912995, 0.406661, 0.06933, 0.597493, -0.308329, 0.740227, -0.0, 0.0, 0.0, 0.0, 1.0],
                [0.808976, 0.259395, -0.527514, -0.0, -0.035265, 0.917175, 0.396922, 0.06933, 0.586783, -0.302498, 0.75112, 0.0, 0.0, 0.0, 0.0, 1.0],
                [0.816719, 0.251593, -0.519299, -0.0, -0.037764, 0.921317, 0.386974, 0.06933, 0.575799, -0.296438, 0.761958, -0.0, 0.0, 0.0, 0.0, 1.0],
                [0.824421, 0.243766, -0.510792, -0.0, -0.040154, 0.925413, 0.376827, 0.069331, 0.564551, -0.290154, 0.772718, 0.0, 0.0, 0.0, 0.0, 1.0],
