{
    "animation": [
        {
            "name": "Root",
            "time": [0.0, 0.0167, 0.0333, 0.05, 0.0667, 0.0833, 0.1, 0.1167, 0.1333, 0.15, 0.1667, 0.1833, 0.2, 0.2167, 0.2333, 0.25, 0.2667, 0.2833, 0.3, 0.3167, 0.3333, 0.35, 0.3667, 0.3833, 0.4, 0.4167, 0.4333, 0.45, 0.4667, 0.4833, 0.5, 0.5167, 0.5333, 0.55, 0.5667, 0.5833, 0.6, 0.6167, 0.6333, 0.65, 0.6667, 0.6833, 0.7, 0.7167, 0.7333, 0.75, 0.7667, 0.7833, 0.8, 0.8167, 0.8333, 0.85, 0.8667, 0.8833, 0.9, 0.9167, 0.9333, 0.95, 0.9667, 0.9833, 1.0, 1.0167, 1.0333, 1.05, 1.0667, 1.0833, 1.1, 1.1167, 1.1333, 1.15, 1.1667, 1.1833, 1.2, 1.2167, 1.2333, 1.25, 1.2667, 1.2833, 1.3, 1.3167, 1.3333, 1.35, 1.3667, 1.3833, 1.4, 1.4167, 1.4333, 1.45, 1.4667, 1.4833, 1.5, 1.5167, 1.5333, 1.55, 1.5667, 1.5833, 1.6, 1.6167, 1.6333, 1.65, 1.6667, 1.6833, 1.7, 1.7167, 1.7333, 1.75, 1.7667, 1.7833, 1.8, 1.8167, 1.8333, 1.85, 1.8667, 1.8833, 1.9, 1.9167, 1.9333, 1.95, 1.9667, 1.9833, 2.0, 2.0167, 2.0333, 2.05, 2.0667, 2.0833, 2.1, 2.1167, 2.1333, 2.15, 2.1667, 2.1833, 2.2, 2.2167, 2.2333, 2.25, 2.2667, 2.2833, 2.3, 2.3167, 2.3333, 2.35, 2.3667, 2.3833, 2.4, 2.4167, 2.4333, 2.45, 2.4667, 2.4833, 2.5, 2.5167, 2.5333, 2.55, 2.5667, 2.5833, 2.6, 2.6167, 2.6333, 2.65, 2.6667],
            "transform": [
                [0.724669, 0.061317, -0.686364, 0.0, -0.683077, 0.1953, -0.70375, 0.0, 0.090895, 0.978825, 0.183412, 0.576981, 0.0, 0.0, 0.0, 1.0],
                [0.726587, 0.060967, -0.684364, -0.000321, -0.681094, 0.19505, -0.705738, 0.000495, 0.090459, 0.978897, 0.183245, 0.57698, 0.0, 0.0, 0.0, 1.0],
                [0.732121, 0.059955, -0.678531, -0.00125, -0.675309, 0.19432, -0.711475, 0.001931, 0.089196, 0.979104, 0.182754, 0.576979, 0.0, 0.0, 0.0, 1.0],
                [0.74091, 0.058343, -0.669066, -0.00274, -0.665923, 0.193131, -0.720588, 0.004238, 0.087176, 0.979437, 0.181944, 0.576976, 0.0, 0.0, 0.0, 1.0],
                [0.752553, 0.056196, -0.65613, -0.004742, -0.653092, 0.191494, -0.732667, 0.007342, 0.084473, 0.979884, 0.180811, 0.576973, 0.0, 0.0, 0.0, 1.0],
                [0.76662, 0.053584, -0.639861, -0.007206, -0.636951, 0.18942, -0.747271, 0.011173, 0.081161, 0.980433, 0.179343, 0.57697, 0.0, 0.0, 0.0, 1.0],
                [0.782661, 0.05058, -0.620389, -0.010086, -0.617627, 0.186913, -0.763938, 0.015659, 0.077319, 0.981073, 0.177529, 0.576965, 0.0, 0.0, 0.0, 1.0],
                [0.800208, 0.04726, -0.597858, -0.013332, -0.59526, 0.183983, -0.782187, 0.020728, 0.073029, 0.981793, 0.175356, 0.57696, 0.0, 0.0, 0.0, 1.0],
                [0.818785, 0.043702, -0.572435, -0.016895, -0.570014, 0.18064, -0.801532, 0.026309, 0.068376, 0.982578, 0.172816, 0.576954, 0.0, 0.0, 0.0, 1.0],
                [0.837922, 0.039983, -0.544324, -0.020727, -0.54209, 0.176903, -0.821489, 0.032329, 0.063447, 0.983416, 0.169906, 0.576949, 0.0, 0.0, 0.0, 1.0],
                [0.857161, 0.036181, -0.513776, -0.02478, -0.511735, 0.172797, -0.841587, 0.038717, 0.05833, 0.984293, 0.16663, 0.576942, 0.0, 0.0, 0.0, 1.0],
                [0.876072, 0.03237, -0.481093, -0.029005, -0.479247, 0.168355, -0.861382, 0.045401, 0.053112, 0.985195, 0.163004, 0.576936, 0.0, 0.0, 0.0, 1.0],
                [0.894261, 0.028621, -0.44663, -0.033353, -0.444978, 0.163619, -0.880468, 0.05231, 0.047878, 0.986108, 0.159054, 0.576929, 0.0, 0.0, 0.0, 1.0],
                [0.911386, 0.024997, -0.410793, -0.037776, -0.409331, 0.158642, -0.898488, 0.059371, 0.04271, 0.98702, 0.154816, 0.576922, 0.0, 0.0, 0.0, 1.0],
                [0.927165, 0.021554, -0.374034, -0.042226, -0.372754, 0.153485, -0.915148, 0.066514, 0.037683, 0.987916, 0.15034, 0.576915, 0.0, 0.0, 0.0, 1.0],
                [0.941383, 0.018339, -0.336841, -0.046653, -0.335735, 0.148216, -0.930222, 0.073666, 0.032866, 0.988785, 0.145685, 0.576908, 0.0, 0.0, 0.0, 1.0],
                [0.953899, 0.015388, -0.299733, -0.051009, -0.298789, 0.14291, -0.943558, 0.080755, 0.028315, 0.989616, 0.140919, 0.5769, 0.0, 0.0, 0.0, 1.0],
                [0.964646, 0.012726, -0.26324, -0.055246, -0.262446, 0.137646, -0.955079, 0.087711, 0.02408, 0.9904, 0.136119, 0.576894, 0.0, 0.0, 0.0, 1.0],
                [0.973629, 0.010367, -0.227901, -0.059315, -0.227241, 0.132506, -0.964782, 0.09446, 0.020197, 0.991128, 0.131368, 0.576887, 0.0, 0.0, 0.0, 1.0],
                [0.980918, 0.008314, -0.194245, -0.063167, -0.193704, 0.127574, -0.97273, 0.100933, 0.016693, 0.991794, 0.126751, 0.57688, 0.0, 0.0, 0.0, 1.0],
                [0.986639, 0.006564, -0.162788, -0.066755, -0.162353, 0.122933, -0.979045, 0.107055, 0.013586, 0.992393, 0.122356, 0.576874, 0.0, 0.0, 0.0, 1.0],
                [0.990964, 0.005102, -0.134029, -0.070029, -0.133684, 0.118663, -0.983894, 0.112757, 0.010884, 0.992921, 0.118273, 0.576869, 0.0, 0.0, 0.0, 1.0],
                [0.994095, 0.003912, -0.10844, -0.072941, -0.10817, 0.114843, -0.987477, 0.117967, 0.008591, 0.993376, 0.114588, 0.576864, 0.0, 0.0, 0.0, 1.0],
                [0.99625, 0.002972, -0.086474, -0.075442, -0.086265, 0.111548, -0.990008, 0.122612, 0.006703, 0.993755, 0.111386, 0.576859, 0.0, 0.0, 0.0, 1.0],
                [0.997644, 0.002262, -0.068561, -0.077484, -0.0684, 0.10885, -0.991702, 0.126621, 0.00522, 0.994056, 0.108749, 0.576855, 0.0, 0.0, 0.0, 1.0],
                [0.998478, 0.001761, -0.055121, -0.079019, -0.054994, 0.10682, -0.992756, 0.129922, 0.00414, 0.994277, 0.106755, 0.576852, 0.0, 0.0, 0.0, 1.0],
                [0.998996, 0.001395, -0.044782, -0.0802, -0.04468, 0.105255, -0.993441, 0.132496, 0.003327, 0.994444, 0.105211, 0.576849, 0.0, 0.0, 0.0, 1.0],
                [0.999357, 0.001092, -0.03583, -0.081225, -0.035749, 0.103897, -0.993945, 0.134537, 0.002638, 0.994587, 0.103869, 0.576847, 0.0, 0.0, 0.0, 1.0],
                [0.999603, 0.000841, -0.028164, -0.082103, -0.028101, 0.102732, -0.994312, 0.136291, 0.002057, 0.994709, 0.102715, 0.576845, 0.0, 0.0, 0.0, 1.0],
                [0.999765, 0.000637, -0.021681, -0.082847, -0.021633, 0.101746, -0.994575, 0.138003, 0.001572, 0.99481, 0.101736, 0.576844, 0.0, 0.0, 0.0, 1.0],
                [0.999867, 0.000472, -0.016282, -0.083467, -0.016246, 0.100923, -0.994762, 0.139921, 0.001174, 0.994894, 0.100918, 0.576842, 0.0, 0.0, 0.0, 1.0],
                [0.999929, 0.00034, -0.011864, -0.083975, -0.011839, 0.10025, -0.994892, 0.142289, 0.000852, 0.994962, 0.100247, 0.576839, 0.0, 0.0, 0.0, 1.0],
                [0.999965, 0.000236, -0.00833, -0.084381, -0.008312, 0.099711, -0.994982, 0.145355, 0.000596, 0.995016, 0.099709, 0.576836, 0.0, 0.0, 0.0, 1.0],
                [0.999984, 0.000157, -0.005579, -0.084698, -0.005567, 0.099291, -0.995043, 0.149363, 0.000398, 0.995058, 0.09929, 0.576832, 0.0, 0.0, 0.0, 1.0],
                [0.999994, 9.8e-05, -0.003513, -0.084936, -0.003505, 0.098975, -0.995084, 0.154561, 0.00025, 0.99509, 0.098975, 0.576827, 0.0, 0.0, 0.0, 1.0],
                [0.999998, 5.7e-05, -0.002032, -0.085106, -0.002028, 0.098749, -0.99511, 0.161194, 0.000144, 0.995112, 0.098749, 0.576821, 0.0, 0.0, 0.0, 1.0],
                [0.999999, 2.9e-05, -0.001041, -0.08522, -0.001038, 0.098597, -0.995127, 0.169509, 7.4e-05, 0.995127, 0.098597, 0.576812, 0.0, 0.0, 0.0, 1.0],
                [1.0, 1.2e-05, -0.000439, -0.085289, -0.000438, 0.098505, -0.995136, 0.179751, 3.1e-05, 0.995137, 0.098505, 0.576802, 0.0, 0.0, 0.0, 1.0],
                [1.0, 4e-06, -0.00013, -0.085325, -0.00013, 0.098458, -0.995141, 0.192167, 9e-06, 0.995141, 0.098458, 0.57679, 0.0, 0.0, 0.0, 1.0],
                [1.0, 0.0, -1.6e-05, -0.085338, -1.6e-05, 0.098441, -0.995143, 0.207003, 1e-06, 0.995143, 0.098441, 0.576775, 0.0, 0.0, 0.0, 1.0],
                [1.0, -0.0, -0.0, -0.08534, -0.0, 0.098438, -0.995143, 0.224505, 0.0, 0.995143, 0.098438, 0.576758, 0.0, 0.0, 0.0, 1.0],
                [1.0, -0.0, 0.0, -0.08534, 0.0, 0.098438, -0.995143, 0.252979, 0.0, 0.995143, 0.098438, 0.57103, 0.0, 0.0, 0.0, 1.0],
                [1.0, -0.0, 0.0, -0.08534, 0.0, 0.098438, -0.995143, 0.295002, 0.0, 0.995143, 0.098438, 0.55674, 0.0, 0.0, 0.0, 1.0],
                [1.0, 0.0, -0.0, -0.08534, -0.0, 0.098438, -0.995143, 0.342222, -0.0, 0.995143, 0.098438, 0.53817, 0.0, 0.0, 0.0, 1.0],
                [1.0, 0.0, 0.0, -0.08534, 0.0, 0.098438, -0.995143, 0.386289, -0.0, 0.995143, 0.098438, 0.519603, 0.0, 0.0, 0.0, 1.0],
                [1.0, -0.0, 0.0, -0.08534, 0.0, 0.098438, -0.995143, 0.418854, 0.0, 0.995143, 0.098438, 0.505322, 0.0, 0.0, 0.0, 1.0],
                [1.0, 0.0, 0.0, -0.08534, 0.0, 0.098438, -0.995143, 0.431564, 0.0, 0.995143, 0.098438, 0.49961, 0.0, 0.0, 0.0, 1.0],
                [1.0, 0.0, 0.0, -0.08534, 0.0, 0.098438, -0.995143, 0.431564, 0.0, 0.995143, 0.098438, 0.49961, 0.0, 0.0, 0.0, 1.0],
                [1.0, 0.0, 0.0, -0.08534, 0.0, 0.098438, -0.995143, 0.431564, 0.0, 0.995143, 0.098438, 0.49961, 0.0, 0.0, 0.0, 1.0],
                [1.0, 0.0, 0.0, -0.08534, 0.0, 0.098438, -0.995143, 0.431564, 0.0, 0.995143, 0.098438, 0.49961, 0.0, 0.0, 0.0, 1.0],
                [1.0, 0.0, 0.0, -0.08534, 0.0, 0.098438, -0.995143, 0.431564, 0.0, 0.995143, 0.098438, 0.49961, 0.0, 0.0, 0.0, 1.0],
                [1.0, 0.0, 0.0, -0.08534, 0.0, 0.098438, -0.995143, 0.431564, 0.0, 0.995143, 0.098438, 0.49961, 0.0, 0.0, 0.0, 1.0],
                [1.0, 0.0, 0.0, -0.08534, 0.0, 0.098438, -0.995143, 0.431564, 0.0, 0.995143, 0.098438, 0.49961, 0.0, 0.0, 0.0, 1.0],
                [1.0, 0.0, 0.0, -0.08534, 0.0, 0.098438, -0.995143, 0.431564, 0.0, 0.995143, 0.098438, 0.49961, 0.0, 0.0, 0.0, 1.0],
                [1.0, 0.0, 0.0, -0.08534, 0.0, 0.098438, -0.995143, 0.431564, 0.0, 0.995143, 0.098438, 0.49961, 0.0, 0.0, 0.0, 1.0],
                [1.0, 0.0, 0.0, -0.08534, 0.0, 0.098438, -0.995143, 0.431564, 0.0, 0.995143, 0.098438, 0.49961, 0.0, 0.0, 0.0, 1.0],
                [1.0, 0.0, 0.0, -0.08534, 0.0, 0.098438, -0.995143, 0.431564, 0.0, 0.995143, 0.098438, 0.49961, 0.0, 0.0, 0.0, 1.0],
                [1.0, 0.0, 0.0, -0.08534, 0.0, 0.098438, -0.995143, 0.431564, 0.0, 0.995143, 0.098438, 0.49961, 0.0, 0.0, 0.0, 1.0],
                [1.0, 0.0, 0.0, -0.08534, 0.0, 0.098438, -0.995143, 0.431564, 0.0, 0.995143, 0.098438, 0.49961, 0.0, 0.0, 0.0, 1.0],
                [1.0, 0.0, 0.0, -0.08534, 0.0, 0.098438, -0.995143, 0.431564, 0.0, 0.995143, 0.098438, 0.49961, 0.0, 0.0, 0.0, 1.0],
                [1.0, 0.0, 0.0, -0.08534, 0.0, 0.098438, -0.995143, 0.431564, 0.0, 0.995143, 0.098438, 0.49961, 0.0, 0.0, 0.0, 1.0],
                [1.0, 0.0, 0.0, -0.085348, 0.0, 0.098409, -0.995146, 0.431545, 0.0, 0.995146, 0.098409, 0.499675, 0.0, 0.0, 0.0, 1.0],
                [1.0, 0.0, 0.0, -0.085372, 0.0, 0.098322, -0.995155, 0.431488, 0.0, 0.995155, 0.098322, 0.49987, 0.0, 0.0, 0.0, 1.0],
                [1.0, 0.0, 0.0, -0.085411, 0.0, 0.098179, -0.995169, 0.431394, 0.0, 0.995169, 0.098179, 0.500192, 0.0, 0.0, 0.0, 1.0],
                [1.0, 0.0, 0.0, -0.085466, 0.0, 0.09798, -0.995188, 0.431264, 0.0, 0.995188, 0.09798, 0.500638, 0.0, 0.0, 0.0, 1.0],
                [1.0, 0.0, 0.0, -0.085535, 0.0, 0.097727, -0.995213, 0.431099, 0.0, 0.995213, 0.097727, 0.501205, 0.0, 0.0, 0.0, 1.0],
                [1.0, 0.0, 0.0, -0.085619, 0.0, 0.097421, -0.995243, 0.430899, 0.0, 0.995243, 0.097421, 0.501891, 0.0, 0.0, 0.0, 1.0],
                [1.0, 0.0, 0.0, -0.085717, 0.0, 0.097064, -0.995278, 0.430665, 0.0, 0.995278, 0.097064, 0.502693, 0.0, 0.0, 0.0, 1.0],
                [1.0, 0.0, 0.0, -0.085829, 0.0, 0.096655, -0.995318, 0.430398, 0.0, 0.995318, 0.096655, 0.503608, 0.0, 0.0, 0.0, 1.0],
                [1.0, 0.0, 0.0, -0.085955, 0.0, 0.096197, -0.995362, 0.430098, 0.0, 0.995362, 0.096197, 0.504635, 0.0, 0.0, 0.0, 1.0],
                [1.0, 0.0, 0.0, -0.086094, 0.0, 0.095691, -0.995411, 0.429767, 0.0, 0.995411, 0.095691, 0.50577, 0.0, 0.0, 0.0, 1.0],
                [1.0, 0.0, 0.0, -0.086245, 0.0, 0.095138, -0.995464, 0.429405, 0.0, 0.995464, 0.095138, 0.50701, 0.0, 0.0, 0.0, 1.0],
                [1.0, 0.0, 0.0, -0.08641, 0.0, 0.094539, -0.995521, 0.429013, 0.0, 0.995521, 0.094539, 0.508353, 0.0, 0.0, 0.0, 1.0],
                [1.0, 0.0, 0.0, -0.086586, 0.0, 0.093895, -0.995582, 0.428592, 0.0, 0.995582, 0.093895, 0.509797, 0.0, 0.0, 0.0, 1.0],
                [1.0, 0.0, 0.0, -0.086775, 0.0, 0.093208, -0.995647, 0.428142, 0.0, 0.995647, 0.093208, 0.511338, 0.0, 0.0, 0.0, 1.0],
                [1.0, 0.0, 0.0, -0.086975, 0.0, 0.092478, -0.995715, 0.427665, 0.0, 0.995715, 0.092478, 0.512975, 0.0, 0.0, 0.0, 1.0],
                [1.0, 0.0, 0.0, -0.087187, 0.0, 0.091706, -0.995786, 0.42716, 0.0, 0.995786, 0.091706, 0.514704, 0.0, 0.0, 0.0, 1.0],
                [1.0, 0.0, 0.0, -0.087409, 0.0, 0.090895, -0.99586, 0.42663, 0.0, 0.99586, 0.090895, 0.516522, 0.0, 0.0, 0.0, 1.0],
                [1.0, 0.0, 0.0, -0.087642, 0.0, 0.090045, -0.995938, 0.426074, 0.0, 0.995938, 0.090045, 0.518428, 0.0, 0.0, 0.0, 1.0],
                [1.0, 0.0, 0.0, -0.087886, 0.0, 0.089156, -0.996018, 0.425493, 0.0, 0.996018, 0.089156, 0.520418, 0.0, 0.0, 0.0, 1.0],
                [1.0, 0.0, 0.0, -0.088139, 0.0, 0.088232, -0.9961, 0.424889, 0.0, 0.9961, 0.088232, 0.52249, 0.0, 0.0, 0.0, 1.0],
                [1.0, 0.0, 0.0, -0.088402, 0.0, 0.087271, -0.996185, 0.424261, 0.0, 0.996185, 0.087271, 0.524641, 0.0, 0.0, 0.0, 1.0],
                [1.0, 0.0, 0.0, -0.088675, 0.0, 0.086277, -0.996271, 0.423611, 0.0, 0.996271, 0.086277, 0.526869, 0.0, 0.0, 0.0, 1.0],
                [1.0, 0.0, 0.0, -0.088956, 0.0, 0.085249, -0.99636, 0.42294, 0.0, 0.99636, 0.085249, 0.529171, 0.0, 0.0, 0.0, 1.0],
                [1.0, 0.0, 0.0, -0.089247, 0.0, 0.08419, -0.99645, 0.422247, 0.0, 0.99645, 0.08419, 0.531543, 0.0, 0.0, 0.0, 1.0],
                [1.0, 0.0, 0.0, -0.089545, 0.0, 0.0831, -0.996541, 0.421535, 0.0, 0.996541, 0.0831, 0.533985, 0.0, 0.0, 0.0, 1.0],
                [1.0, 0.0, 0.0, -0.089852, 0.0, 0.08198, -0.996634, 0.420803, 0.0, 0.996634, 0.08198, 0.536493, 0.0, 0.0, 0.0, 1.0],
                [1.0, 0.0, 0.0, -0.090167, 0.0, 0.080831, -0.996728, 0.420053, 0.0, 0.996728, 0.080831, 0.539064, 0.0, 0.0, 0.0, 1.0],
                [1.0, 0.0, 0.0, -0.090489, 0.0, 0.079656, -0.996822, 0.419286, 0.0, 0.996822, 0.079656, 0.541695, 0.0, 0.0, 0.0, 1.0],
                [1.0, 0.0, 0.0, -0.090818, 0.0, 0.078454, -0.996918, 0.418501, 0.0, 0.996918, 0.078454, 0.544385, 0.0, 0.0, 0.0, 1.0],
                [1.0, 0.0, 0.0, -0.091154, 0.0, 0.077228, -0.997014, 0.4177, 0.0, 0.997014, 0.077228, 0.54713, 0.0, 0.0, 0.0, 1.0],
                [1.0, 0.0, 0.0, -0.091496, 0.0, 0.075977, -0.997109, 0.416883, 0.0, 0.997109, 0.075977, 0.549928, 0.0, 0.0, 0.0, 1.0],
                [1.0, 0.0, 0.0, -0.091844, 0.0, 0.074704, -0.997206, 0.416053, 0.0, 0.997206, 0.074704, 0.552776, 0.0, 0.0, 0.0, 1.0],
                [1.0, 0.0, 0.0, -0.092198, 0.0, 0.07341, -0.997302, 0.415208, 0.0, 0.997302, 0.07341, 0.555672, 0.0, 0.0, 0.0, 1.0],
                [1.0, 0.0, 0.0, -0.092558, 0.0, 0.072096, -0.997398, 0.41435, 0.0, 0.997398, 0.072096, 0.558613, 0.0, 0.0, 0.0, 1.0],
                [1.0, 0.0, 0.0, -0.092923, 0.0, 0.070762, -0.997493, 0.41348, 0.0, 0.997493, 0.070762, 0.561595, 0.0, 0.0, 0.0, 1.0],
                [1.0, 0.0, 0.0, -0.093293, 0.0, 0.069411, -0.997588, 0.412598, 0.0, 0.997588, 0.069411, 0.564618, 0.0, 0.0, 0.0, 1.0],
                [1.0, 0.0, 0.0, -0.093667, 0.0, 0.068043, -0.997682, 0.411705, 0.0, 0.997682, 0.068043, 0.567677, 0.0, 0.0, 0.0, 1.0],
                [1.0, 0.0, 0.0, -0.094046, 0.0, 0.066659, -0.997776, 0.410803, 0.0, 0.997776, 0.066659, 0.570771, 0.0, 0.0, 0.0, 1.0],
                [1.0, 0.0, 0.0, -0.094428, 0.0, 0.065262, -0.997868, 0.409891, 0.0, 0.997868, 0.065262, 0.573896, 0.0, 0.0, 0.0, 1.0],
                [1.0, 0.0, 0.0, -0.094814, 0.0, 0.063851, -0.997959, 0.40897, 0.0, 0.997959, 0.063851, 0.577051, 0.0, 0.0, 0.0, 1.0],
                [1.0, 0.0, 0.0, -0.095203, 0.0, 0.062428, -0.998049, 0.408042, 0.0, 0.998049, 0.062428, 0.580231, 0.0, 0.0, 0.0, 1.0],
                [1.0, 0.0, 0.0, -0.095595, 0.0, 0.060994, -0.998138, 0.407107, 0.0, 0.998138, 0.060994, 0.583436, 0.0, 0.0, 0.0, 1.0],
                [1.0, 0.0, 0.0, -0.09599, 0.0, 0.059551, -0.998225, 0.406166, 0.0, 0.998225, 0.059551, 0.586662, 0.0, 0.0, 0.0, 1.0],
                [1.0, 0.0, 0.0, -0.096386, 0.0, 0.058099, -0.998311, 0.40522, 0.0, 0.998311, 0.058099, 0.589906, 0.0, 0.0, 0.0, 1.0],
                [1.0, 0.0, 0.0, -0.096785, 0.0, 0.05664, -0.998395, 0.404269, 0.0, 0.998395, 0.05664, 0.593166, 0.0, 0.0, 0.0, 1.0],
                [1.0, 0.0, 0.0, -0.097186, 0.0, 0.055175, -0.998477, 0.403314, 0.0, 0.998477, 0.055175, 0.596439, 0.0, 0.0, 0.0, 1.0],
                [1.0, 0.0, 0.0, -0.097587, 0.0, 0.053706, -0.998557, 0.402356, 0.0, 0.998557, 0.053706, 0.599723, 0.0, 0.0, 0.0, 1.0],
                [1.0, 0.0, 0.0, -0.09799, 0.0, 0.052232, -0.998635, 0.401395, 0.0, 0.998635, 0.052232, 0.603014, 0.0, 0.0, 0.0, 1.0],
                [1.0, 0.0, 0.0, -0.098393, 0.0, 0.050756, -0.998711, 0.400433, 0.0, 0.998711, 0.050756, 0.606311, 0.0, 0.0, 0.0, 1.0],
                [1.0, 0.0, 0.0, -0.098797, 0.0, 0.049279, -0.998785, 0.399471, 0.0, 0.998785, 0.049279, 0.609611, 0.0, 0.0, 0.0, 1.0],
                [1.0, 0.0, 0.0, -0.099201, 0.0, 0.047802, -0.998857, 0.398508, 0.0, 0.998857, 0.047802, 0.61291, 0.0, 0.0, 0.0, 1.0],
                [1.0, 0.0, 0.0, -0.099604, 0.0, 0.046325, -0.998926, 0.397546, 0.0, 0.998926, 0.046325, 0.616207, 0.0, 0.0, 0.0, 1.0],
                [1.0, 0.0, 0.0, -0.100007, 0.0, 0.044851, -0.998994, 0.396586, 0.0, 0.998994, 0.044851, 0.619499, 0.0, 0.0, 0.0, 1.0],
                [1.0, 0.0, 0.0, -0.100409, 0.0, 0.043381, -0.999059, 0.395628, 0.0, 0.999059, 0.043381, 0.622783, 0.0, 0.0, 0.0, 1.0],
                [1.0, 0.0, 0.0, -0.100809, 0.0, 0.041915, -0.999121, 0.394673, 0.0, 0.999121, 0.041915, 0.626056, 0.0, 0.0, 0.0, 1.0],
                [1.0, 0.0, 0.0, -0.101208, 0.0, 0.040455, -0.999181, 0.393722, 0.0, 0.999181, 0.040455, 0.629316, 0.0, 0.0, 0.0, 1.0],
                [1.0, 0.0, 0.0, -0.101605, 0.0, 0.039002, -0.999239, 0.392775, 0.0, 0.999239, 0.039002, 0.63256, 0.0, 0.0, 0.0, 1.0],
                [1.0, 0.0, 0.0, -0.101999, 0.0, 0.037557, -0.999294, 0.391834, 0.0, 0.999294, 0.037557, 0.635786, 0.0, 0.0, 0.0, 1.0],
                [1.0, 0.0, 0.0, -0.102391, 0.0, 0.036122, -0.999347, 0.390899, 0.0, 0.999347, 0.036122, 0.63899, 0.0, 0.0, 0.0, 1.0],
                [1.0, 0.0, 0.0, -0.10278, 0.0, 0.034697, -0.999398, 0.389971, 0.0, 0.999398, 0.034697, 0.642171, 0.0, 0.0, 0.0, 1.0],
                [1.0, 0.0, 0.0, -0.103166, 0.0, 0.033284, -0.999446, 0.389051, 0.0, 0.999446, 0.033284, 0.645326, 0.0, 0.0, 0.0, 1.0],
                [1.0, 0.0, 0.0, -0.103549, 0.0, 0.031884, -0.999492, 0.388139, 0.0, 0.999492, 0.031884, 0.648451, 0.0, 0.0, 0.0, 1.0],
                [1.0, 0.0, 0.0, -0.103927, 0.0, 0.030498, -0.999535, 0.387236, 0.0, 0.999535, 0.030498, 0.651545, 0.0, 0.0, 0.0, 1.0],
                [1.0, 0.0, 0.0, -0.104301, 0.0, 0.029127, -0.999576, 0.386344, 0.0, 0.999576, 0.029127, 0.654604, 0.0, 0.0, 0.0, 1.0],
                [1.0, 0.0, 0.0, -0.104671, 0.0, 0.027773, -0.999614, 0.385462, 0.0, 0.999614, 0.027773, 0.657626, 0.0, 0.0, 0.0, 1.0],
                [1.0, 0.0, 0.0, -0.105036, 0.0, 0.026436, -0.99965, 0.384592, 0.0, 0.99965, 0.026436, 0.660609, 0.0, 0.0, 0.0, 1.0],
                [1.0, 0.0, 0.0, -0.105396, 0.0, 0.025119, -0.999684, 0.383734, 0.0, 0.999684, 0.025119, 0.66355, 0.0, 0.0, 0.0, 1.0],
                [1.0, 0.0, 0.0, -0.10575, 0.0, 0.023822, -0.999716, 0.382889, 0.0, 0.999716, 0.023822, 0.666445, 0.0, 0.0, 0.0, 1.0],
                [1.0, 0.0, 0.0, -0.106098, 0.0, 0.022545, -0.999746, 0.382058, 0.0, 0.999746, 0.022545, 0.669294, 0.0, 0.0, 0.0, 1.0],
                [1.0, 0.0, 0.0, -0.106441, 0.0, 0.021292, -0.999773, 0.381242, 0.0, 0.999773, 0.021292, 0.672092, 0.0, 0.0, 0.0, 1.0],
                [1.0, 0.0, 0.0, -0.106777, 0.0, 0.020062, -0.999799, 0.380441, 0.0, 0.999799, 0.020062, 0.674837, 0.0, 0.0, 0.0, 1.0],
                [1.0, 0.0, 0.0, -0.107106, 0.0, 0.018856, -0.999822, 0.379656, 0.0, 0.999822, 0.018856, 0.677526, 0.0, 0.0, 0.0, 1.0],
                [1.0, 0.0, 0.0, -0.107428, 0.0, 0.017677, -0.999844, 0.378888, 0.0, 0.999844, 0.017677, 0.680158, 0.0, 0.0, 0.0, 1.0],
                [1.0, 0.0, 0.0, -0.107742, 0.0, 0.016525, -0.999863, 0.378138, 0.0, 0.999863, 0.016525, 0.682729, 0.0, 0.0, 0.0, 1.0],
                [1.0, 0.0, 0.0, -0.108049, 0.0, 0.015402, -0.999881, 0.377406, 0.0, 0.999881, 0.015402, 0.685237, 0.0, 0.0, 0.0, 1.0],
                [1.0, 0.0, 0.0, -0.108348, 0.0, 0.014308, -0.999898, 0.376694, 0.0, 0.999898, 0.014308, 0.687678, 0.0, 0.0, 0.0, 1.0],
                [1.0, 0.0, 0.0, -0.108638, 0.0, 0.013244, -0.999912, 0.376002, 0.0, 0.999912, 0.013244, 0.690051, 0.0, 0.0, 0.0, 1.0],
                [1.0, 0.0, 0.0, -0.108919, 0.0, 0.012213, -0.999925, 0.37533, 0.0, 0.999925, 0.012213, 0.692353, 0.0, 0.0, 0.0, 1.0],
                [1.0, 0.0, 0.0, -0.109192, 0.0, 0.011215, -0.999937, 0.37468, 0.0, 0.999937, 0.011215, 0.694581, 0.0, 0.0, 0.0, 1.0],
                [1.0, 0.0, 0.0, -0.109455, 0.0, 0.010251, -0.999947, 0.374053, 0.0, 0.999947, 0.010251, 0.696732, 0.0, 0.0, 0.0, 1.0],
                [1.0, 0.0, 0.0, -0.109709, 0.0, 0.009323, -0.999957, 0.373448, 0.0, 0.999957, 0.009323, 0.698804, 0.0, 0.0, 0.0, 1.0],
                [1.0, 0.0, 0.0, -0.109952, 0.0, 0.008431, -0.999964, 0.372868, 0.0, 0.999964, 0.008431, 0.700794, 0.0, 0.0, 0.0, 1.0],
                [1.0, 0.0, 0.0, -0.110185, 0.0, 0.007577, -0.999971, 0.372312, 0.0, 0.999971, 0.007577, 0.7027, 0.0, 0.0, 0.0, 1.0],
                [1.0, 0.0, 0.0, -0.110408, 0.0, 0.006762, -0.999977, 0.371781, 0.0, 0.999977, 0.006762, 0.704518, 0.0, 0.0, 0.0, 1.0],
                [1.0, 0.0, 0.0, -0.110619, 0.0, 0.005988, -0.999982, 0.371277, 0.0, 0.999982, 0.005988, 0.706247, 0.0, 0.0, 0.0, 1.0],
                [1.0, 0.0, 0.0, -0.110819, 0.0, 0.005255, -0.999986, 0.370799, 0.0, 0.999986, 0.005255, 0.707883, 0.0, 0.0, 0.0, 1.0],
                [1.0, 0.0, 0.0, -0.111008, 0.0, 0.004564, -0.99999, 0.370349, 0.0, 0.99999, 0.004564, 0.709425, 0.0, 0.0, 0.0, 1.0],
                [1.0, 0.0, 0.0, -0.111184, 0.0, 0.003917, -0.999992, 0.369928, 0.0, 0.999992, 0.003917, 0.710868, 0.0, 0.0, 0.0, 1.0],
                [1.0, 0.0, 0.0, -0.111349, 0.0, 0.003315, -0.999995, 0.369536, 0.0, 0.999995, 0.003315, 0.712212, 0.0, 0.0, 0.0, 1.0],
                [1.0, 0.0, 0.0, -0.111501, 0.0, 0.00276, -0.999996, 0.369174, 0.0, 0.999996, 0.00276, 0.713452, 0.0, 0.0, 0.0, 1.0],
                [1.0, 0.0, 0.0, -0.111639, 0.0, 0.002251, -0.999997, 0.368843, 0.0, 0.999997, 0.002251, 0.714587, 0.0, 0.0, 0.0, 1.0],
                [1.0, 0.0, 0.0, -0.111765, 0.0, 0.001791, -0.999998, 0.368544, 0.0, 0.999998, 0.001791, 0.715613, 0.0, 0.0, 0.0, 1.0],
                [1.0, 0.0, 0.0, -0.111877, 0.0, 0.001381, -0.999999, 0.368277, 0.0, 0.999999, 0.001381, 0.716529, 0.0, 0.0, 0.0, 1.0],
                [1.0, 0.0, 0.0, -0.111975, 0.0, 0.001022, -0.999999, 0.368043, 0.0, 0.999999, 0.001022, 0.717331, 0.0, 0.0, 0.0, 1.0],
                [1.0, 0.0, 0.0, -0.112059, 0.0, 0.000715, -1.0, 0.367843, 0.0, 1.0, 0.000715, 0.718017, 0.0, 0.0, 0.0, 1.0],
                [1.0, 0.0, 0.0, -0.112128, 0.0, 0.00046, -1.0, 0.367677, 0.0, 1.0, 0.00046, 0.718584, 0.0, 0.0, 0.0, 1.0],
                [1.0, 0.0, 0.0, -0.112183, 0.0, 0.000261, -1.0, 0.367547, 0.0, 1.0, 0.000261, 0.71903, 0.0, 0.0, 0.0, 1.0],
                [1.0, 0.0, 0.0, -0.112222, 0.0, 0.000117, -1.0, 0.367453, 0.0, 1.0, 0.000117, 0.719352, 0.0, 0.0, 0.0, 1.0],
                [1.0, 0.0, 0.0, -0.112246, 0.0, 2.9e-05, -1.0, 0.367396, 0.0, 1.0, 2.9e-05, 0.719546, 0.0, 0.0, 0.0, 1.0],
                [1.0, 0.0, 0.0, -0.112254, 0.0, 0.0, -1.0, 0.367377, 0.0, 1.0, 0.0, 0.719612, 0.0, 0.0, 0.0, 1.0]
            ]
        },
        {
            "name": "body",
            "time": [0.0, 0.0167, 0.0333, 0.05, 0.0667, 0.0833, 0.1, 0.1167, 0.1333, 0.15, 0.1667, 0.1833, 0.2, 0.2167, 0.2333, 0.25, 0.2667, 0.2833, 0.3, 0.3167, 0.3333, 0.35, 0.3667, 0.3833, 0.4, 0.4167, 0.4333, 0.45, 0.4667, 0.4833, 0.5, 0.5167, 0.5333, 0.55, 0.5667, 0.5833, 0.6, 0.6167, 0.6333, 0.65, 0.6667, 0.6833, 0.7, 0.7167, 0.7333, 0.75, 0.7667, 0.7833, 0.8, 0.8167, 0.8333, 0.85, 0.8667, 0.8833, 0.9, 0.9167, 0.9333, 0.95, 0.9667, 0.9833, 1.0, 1.0167, 1.0333, 1.05, 1.0667, 1.0833, 1.1, 1.1167, 1.1333, 1.15, 1.1667, 1.1833, 1.2, 1.2167, 1.2333, 1.25, 1.2667, 1.2833, 1.3, 1.3167, 1.3333, 1.35, 1.3667, 1.3833, 1.4, 1.4167, 1.4333, 1.45, 1.4667, 1.4833, 1.5, 1.5167, 1.5333, 1.55, 1.5667, 1.5833, 1.6, 1.6167, 1.6333, 1.65, 1.6667, 1.6833, 1.7, 1.7167, 1.7333, 1.75, 1.7667, 1.7833, 1.8, 1.8167, 1.8333, 1.85, 1.8667, 1.8833, 1.9, 1.9167, 1.9333, 1.95, 1.9667, 1.9833, 2.0, 2.0167, 2.0333, 2.05, 2.0667, 2.0833, 2.1, 2.1167, 2.1333, 2.15, 2.1667, 2.1833, 2.2, 2.2167, 2.2333, 2.25, 2.2667, 2.2833, 2.3, 2.3167, 2.3333, 2.35, 2.3667, 2.3833, 2.4, 2.4167, 2.4333, 2.45, 2.4667, 2.4833, 2.5, 2.5167, 2.5333, 2.55, 2.5667, 2.5833, 2.6, 2.6167, 2.6333, 2.65, 2.6667],
            "transform": [
                [0.862626, 0.076885, -0.499966, -0.0, 0.107344, 0.938047, 0.329462, 0.06933, 0.494322, -0.33787, 0.80093, 0.0, 0.0, 0.0, 0.0, 1.0],
                [0.86358, 0.076077, -0.498439, -0.0, 0.106444, 0.938764, 0.327706, 0.06933, 0.492848, -0.336056, 0.8026, 0.0, 0.0, 0.0, 0.0, 1.0],
                [0.866335, 0.073752, -0.493989, 0.0, 0.103851, 0.940824, 0.322592, 0.06933, 0.488548, -0.330774, 0.807409, -0.0, 0.0, 0.0, 0.0, 1.0],
                [0.87071, 0.070078, -0.486779, -0.0, 0.099743, 0.944062, 0.314322, 0.06933, 0.481577, -0.322236, 0.815014, 0.0, 0.0, 0.0, 0.0, 1.0],
                [0.876507, 0.06525, -0.476947, -0.0, 0.094322, 0.948288, 0.303073, 0.06933, 0.472058, -0.310632, 0.825027, -0.0, 0.0, 0.0, 0.0, 1.0],
                [0.883514, 0.059477, -0.464614, 0.0, 0.087805, 0.953292, 0.289006, 0.06933, 0.460102, -0.296136, 0.837024, -0.0, 0.0, 0.0, 0.0, 1.0],
                [0.891506, 0.052983, -0.449899, -0.0, 0.080423, 0.95885, 0.272284, 0.06933, 0.445812, -0.278925, 0.85056, -0.0, 0.0, 0.0, 0.0, 1.0],
                [0.900252, 0.045999, -0.432932, 0.0, 0.072413, 0.964731, 0.253081, 0.06933, 0.429305, -0.259186, 0.865171, 0.0, 0.0, 0.0, 0.0, 1.0],
                [0.909516, 0.038756, -0.413859, -0.0, 0.064016, 0.970705, 0.231588, 0.06933, 0.41071, -0.237127, 0.880391, 0.0, 0.0, 0.0, 0.0, 1.0],
                [0.919062, 0.031482, -0.392853, 0.0, 0.05547, 0.976549, 0.208028, 0.06933, 0.39019, -0.212982, 0.895763, 0.0, 0.0, 0.0, 0.0, 1.0],
                [0.928663, 0.024393, -0.370122, 0.0, 0.047002, 0.982053, 0.182653, 0.069331, 0.367935, -0.187019, 0.91085, 0.0, 0.0, 0.0, 0.0, 1.0],
                [0.938103, 0.017684, -0.345905, 0.0, 0.038824, 0.987033, 0.155751, 0.069331, 0.344174, -0.15954, 0.925252, -0.0, 0.0, 0.0, 0.0, 1.0],
                [0.947185, 0.011528, -0.320479, 0.0, 0.031123, 0.991331, 0.127645, 0.06933, 0.319173, -0.130877, 0.938616, 0.0, 0.0, 0.0, 0.0, 1.0],
                [0.955738, 0.006066, -0.294155, -0.0, 0.02406, 0.994828, 0.098686, 0.06933, 0.293232, -0.101396, 0.950649, -0.0, 0.0, 0.0, 0.0, 1.0],
                [0.96362, 0.001401, -0.267271, -0.0, 0.017758, 0.997441, 0.069254, 0.06933, 0.266684, -0.071481, 0.96113, 0.0, 0.0, 0.0, 0.0, 1.0],
                [0.970724, -0.002401, -0.240187, 0.0, 0.012305, 0.999134, 0.039744, 0.069331, 0.239884, -0.041536, 0.969913, 0.0, 0.0, 0.0, 0.0, 1.0],
                [0.976977, -0.005318, -0.21328, -0.0, 0.007747, 0.999914, 0.010558, 0.06933, 0.213205, -0.011968, 0.976934, 0.0, 0.0, 0.0, 0.0, 1.0],
                [0.982346, -0.007365, -0.186928, -0.0, 0.004091, 0.999831, -0.017898, 0.06933, 0.187029, 0.016817, 0.982211, -0.0, 0.0, 0.0, 0.0, 1.0],
                [0.986833, -0.008599, -0.161512, 0.0, 0.001303, 0.998976, -0.045229, 0.06933, 0.161735, 0.044423, 0.985834, 0.0, 0.0, 0.0, 0.0, 1.0],
                [0.990474, -0.00911, -0.137399, 0.0, -0.000683, 0.997472, -0.071056, 0.06933, 0.137699, 0.070473, 0.987964, -0.0, 0.0, 0.0, 0.0, 1.0],
                [0.993331, -0.009014, -0.114944, -0.0, -0.001961, 0.995474, -0.095018, 0.069331, 0.11528, 0.09461, 0.988817, 0.0, 0.0, 0.0, 0.0, 1.0],
                [0.995491, -0.008451, -0.094482, -0.0, -0.002652, 0.993154, -0.116779, 0.06933, 0.094823, 0.116503, 0.988654, 0.0, 0.0, 0.0, 0.0, 1.0],
                [0.997054, -0.007574, -0.076332, 0.0, -0.002888, 0.990701, -0.136023, 0.06933, 0.076653, 0.135843, 0.987761, 0.0, 0.0, 0.0, 0.0, 1.0],
                [0.998129, -0.006542, -0.060793, 0.0, -0.002808, 0.988306, -0.152455, 0.06933, 0.06108, 0.152341, 0.986439, 0.0, 0.0, 0.0, 0.0, 1.0],
                [0.998825, -0.00551, -0.04815, -0.0, -0.002552, 0.986157, -0.165794, 0.06933, 0.048397, 0.165722, 0.984984, 0.0, 0.0, 0.0, 0.0, 1.0],
                [0.999241, -0.004625, -0.038681, -0.0, -0.002248, 0.984429, -0.175767, 0.06933, 0.038892, 0.175721, 0.983671, 0.0, 0.0, 0.0, 0.0, 1.0],
                [0.999499, -0.003879, -0.031407, 0.0, -0.001949, 0.983033, -0.183419, 0.06933, 0.031586, 0.183388, 0.982533, 0.0, 0.0, 0.0, 0.0, 1.0],
                [0.999679, -0.003187, -0.025116, 0.0, -0.001644, 0.981777, -0.190029, 0.06933, 0.025264, 0.19001, 0.981457, -0.0, 0.0, 0.0, 0.0, 1.0],
                [0.999802, -0.002562, -0.019733, -0.0, -0.001349, 0.980667, -0.19568, 0.069331, 0.019853, 0.195668, 0.980469, 0.0, 0.0, 0.0, 0.0, 1.0],
                [0.999883, -0.002009, -0.015185, 0.0, -0.001076, 0.979703, -0.20045, 0.06933, 0.01528, 0.200443, 0.979586, 0.0, 0.0, 0.0, 0.0, 1.0],
                [0.999934, -0.001532, -0.0114, -0.0, -0.000831, 0.978884, -0.204418, 0.069331, 0.011472, 0.204414, 0.978818, -0.0, 0.0, 0.0, 0.0, 1.0],
                [0.999965, -0.00113, -0.008305, -0.0, -0.000619, 0.978201, -0.20766, 0.06933, 0.008359, 0.207658, 0.978166, -0.0, 0.0, 0.0, 0.0, 1.0],
                [0.999983, -0.000801, -0.00583, 0.0, -0.000443, 0.977647, -0.210252, 0.06933, 0.005868, 0.210251, 0.97763, 0.0, 0.0, 0.0, 0.0, 1.0],
                [0.999992, -0.00054, -0.003904, -0.0, -0.000301, 0.977211, -0.212268, 0.06933, 0.00393, 0.212267, 0.977204, -0.0, 0.0, 0.0, 0.0, 1.0],
                [0.999997, -0.000342, -0.002458, 0.0, -0.000191, 0.976882, -0.213781, 0.06933, 0.002474, 0.213781, 0.976879, 0.0, 0.0, 0.0, 0.0, 1.0],
                [0.999999, -0.000199, -0.001422, 0.0, -0.000111, 0.976644, -0.214865, 0.06933, 0.001431, 0.214864, 0.976643, -0.0, 0.0, 0.0, 0.0, 1.0],
                [1.0, -0.000102, -0.000728, 0.0, -5.7e-05, 0.976484, -0.215591, 0.06933, 0.000733, 0.215591, 0.976484, 0.0, 0.0, 0.0, 0.0, 1.0],
                [1.0, -4.3e-05, -0.000307, 0.0, -2.4e-05, 0.976387, -0.216031, 0.06933, 0.000309, 0.216031, 0.976387, 0.0, 0.0, 0.0, 0.0, 1.0],
                [1.0, -1.3e-05, -9.1e-05, -0.0, -7e-06, 0.976336, -0.216257, 0.06933, 9.2e-05, 0.216257, 0.976336, -0.0, 0.0, 0.0, 0.0, 1.0],
                [1.0, -2e-06, -1.1e-05, 0.0, -1e-06, 0.976318, -0.21634, 0.06933, 1.1e-05, 0.21634, 0.976318, 0.0, 0.0, 0.0, 0.0, 1.0],
                [1.0, 0.0, 0.0, -0.0, 0.0, 0.976315, -0.216352, 0.069331, -0.0, 0.216352, 0.976315, 0.0, 0.0, 0.0, 0.0, 1.0],
                [1.0, -0.0, 0.0, -0.0, 0.0, 0.990372, -0.138433, 0.06933, -0.0, 0.138433, 0.990372, 0.0, 0.0, 0.0, 0.0, 1.0],
                [1.0, -0.0, 0.0, -0.0, -0.0, 0.99786, 0.065388, 0.06933, -0.0, -0.065388, 0.99786, -0.0, 0.0, 0.0, 0.0, 1.0],
                [1.0, -0.0, 0.0, -0.0, 0.0, 0.943024, 0.332726, 0.06933, -0.0, -0.332726, 0.943024, -0.0, 0.0, 0.0, 0.0, 1.0],
                [1.0, -0.0, -0.0, -0.0, 0.0, 0.817954, 0.575284, 0.06933, -0.0, -0.575284, 0.817954, -0.0, 0.0, 0.0, 0.0, 1.0],
                [1.0, 0.0, 0.0, -0.0, 0.0, 0.684219, 0.729276, 0.06933, 0.0, -0.729276, 0.684219, 0.0, 0.0, 0.0, 0.0, 1.0],
                [1.0, 0.0, 0.0, -0.0, 0.0, 0.624378, 0.781122, 0.06933, 0.0, -0.781122, 0.624378, -0.0, 0.0, 0.0, 0.0, 1.0],
                [1.0, 0.0, 0.0, -0.0, 0.0, 0.624378, 0.781123, 0.06933, 0.0, -0.781123, 0.624378, 0.0, 0.0, 0.0, 0.0, 1.0],
                [1.0, 0.0, 0.0, -0.0, 0.0, 0.624378, 0.781122, 0.06933, 0.0, -0.781122, 0.624378, -0.0, 0.0, 0.0, 0.0, 1.0],
                [1.0, 0.0, 0.0, -0.0, 0.0, 0.624378, 0.781122, 0.06933, 0.0, -0.781122, 0.624378, 0.0, 0.0, 0.0, 0.0, 1.0],
                [1.0, 0.0, 0.0, -0.0, 0.0, 0.624378, 0.781122, 0.06933, 0.0, -0.781122, 0.624378, -0.0, 0.0, 0.0, 0.0, 1.0],
                [1.0, 0.0, 0.0, -0.0, 0.0, 0.624378, 0.781122, 0.06933, 0.0, -0.781122, 0.624378, 0.0, 0.0, 0.0, 0.0, 1.0],
                [1.0, 0.0, 0.0, -0.0, 0.0, 0.624378, 0.781122, 0.06933, 0.0, -0.781122, 0.624378, -0.0, 0.0, 0.0, 0.0, 1.0],
                [1.0, 0.0, 0.0, -0.0, 0.0, 0.624378, 0.781122, 0.06933, 0.0, -0.781122, 0.624378, 0.0, 0.0, 0.0, 0.0, 1.0],
                [1.0, 0.0, 0.0, -0.0, 0.0, 0.624378, 0.781122, 0.06933, 0.0, -0.781122, 0.624378, -0.0, 0.0, 0.0, 0.0, 1.0],
                [1.0, 0.0, 0.0, -0.0, 0.0, 0.624378, 0.781122, 0.06933, 0.0, -0.781122, 0.624378, 0.0, 0.0, 0.0, 0.0, 1.0],
                [1.0, 0.0, 0.0, -0.0, 0.0, 0.624378, 0.781122, 0.06933, 0.0, -0.781122, 0.624378, -0.0, 0.0, 0.0, 0.0, 1.0],
                [1.0, 0.0, 0.0, -0.0, 0.0, 0.624378, 0.781122, 0.06933, 0.0, -0.781122, 0.624378, 0.0, 0.0, 0.0, 0.0, 1.0],
                [1.0, 0.0, 0.0, -0.0, 0.0, 0.624378, 0.781122, 0.06933, 0.0, -0.781122, 0.624378, -0.0, 0.0, 0.0, 0.0, 1.0],
                [1.0, 0.0, 0.0, -0.0, 0.0, 0.624378, 0.781122, 0.06933, 0.0, -0.781122, 0.624378, 0.0, 0.0, 0.0, 0.0, 1.0],
                [1.0, 0.0, 0.0, -0.0, 0.0, 0.624378, 0.781122, 0.06933, 0.0, -0.781122, 0.624378, -0.0, 0.0, 0.0, 0.0, 1.0],
                [1.0, 0.0, 0.0, 0.0, 0.0, 0.6246, 0.780945, 0.06933, 0.0, -0.780945, 0.6246, -0.0, 0.0, 0.0, 0.0, 1.0],
                [1.0, 0.0, 0.0, 0.0, 0.0, 0.625258, 0.780418, 0.06933, 0.0, -0.780418, 0.625258, -0.0, 0.0, 0.0, 0.0, 1.0],
                [1.0, 0.0, 0.0, 0.0, 0.0, 0.626344, 0.779546, 0.06933, 0.0, -0.779546, 0.626344, 0.0, 0.0, 0.0, 0.0, 1.0],
                [1.0, 0.0, 0.0, 0.0, 0.0, 0.627848, 0.778336, 0.06933, 0.0, -0.778336, 0.627848, -0.0, 0.0, 0.0, 0.0, 1.0],
                [1.0, 0.0, 0.0, 0.0, 0.0, 0.629759, 0.77679, 0.06933, 0.0, -0.77679, 0.629759, 0.0, 0.0, 0.0, 0.0, 1.0],
                [1.0, 0.0, 0.0, -0.0, 0.0, 0.632068, 0.774913, 0.06933, 0.0, -0.774913, 0.632068, 0.0, 0.0, 0.0, 0.0, 1.0],
                [1.0, 0.0, 0.0, 0.0, 0.0, 0.634762, 0.772708, 0.06933, 0.0, -0.772708, 0.634762, 0.0, 0.0, 0.0, 0.0, 1.0],
                [1.0, 0.0, 0.0, 0.0, 0.0, 0.63783, 0.770177, 0.06933, 0.0, -0.770177, 0.63783, 0.0, 0.0, 0.0, 0.0, 1.0],
                [1.0, 0.0, 0.0, 0.0, 0.0, 0.641262, 0.767322, 0.069331, 0.0, -0.767322, 0.641262, 0.0, 0.0, 0.0, 0.0, 1.0],
                [1.0, 0.0, 0.0, 0.0, 0.0, 0.645045, 0.764145, 0.06933, 0.0, -0.764145, 0.645045, -0.0, 0.0, 0.0, 0.0, 1.0],
                [1.0, 0.0, 0.0, 0.0, 0.0, 0.649167, 0.760645, 0.06933, 0.0, -0.760645, 0.649167, 0.0, 0.0, 0.0, 0.0, 1.0],
                [1.0, 0.0, 0.0, -0.0, 0.0, 0.653616, 0.756826, 0.06933, 0.0, -0.756826, 0.653616, -0.0, 0.0, 0.0, 0.0, 1.0],
                [1.0, 0.0, 0.0, 0.0, 0.0, 0.658379, 0.752687, 0.06933, 0.0, -0.752687, 0.658379, -0.0, 0.0, 0.0, 0.0, 1.0],
                [1.0, 0.0, 0.0, 0.0, 0.0, 0.663443, 0.748227, 0.06933, 0.0, -0.748227, 0.663443, 0.0, 0.0, 0.0, 0.0, 1.0],
                [1.0, 0.0, 0.0, 0.0, 0.0, 0.668794, 0.743448, 0.06933, 0.0, -0.743448, 0.668794, 0.0, 0.0, 0.0, 0.0, 1.0],
                [1.0, 0.0, 0.0, 0.0, 0.0, 0.674419, 0.738349, 0.06933, 0.0, -0.738349, 0.674419, -0.0, 0.0, 0.0, 0.0, 1.0],
                [1.0, 0.0, 0.0, 0.0, 0.0, 0.680305, 0.73293, 0.06933, 0.0, -0.73293, 0.680305, -0.0, 0.0, 0.0, 0.0, 1.0],
                [1.0, 0.0, 0.0, 0.0, 0.0, 0.686435, 0.727191, 0.06933, 0.0, -0.727191, 0.686435, -0.0, 0.0, 0.0, 0.0, 1.0],
                [1.0, 0.0, 0.0, 0.0, 0.0, 0.692798, 0.721131, 0.069331, 0.0, -0.721131, 0.692798, -0.0, 0.0, 0.0, 0.0, 1.0],
                [1.0, 0.0, 0.0, 0.0, 0.0, 0.699378, 0.714752, 0.06933, 0.0, -0.714752, 0.699378, -0.0, 0.0, 0.0, 0.0, 1.0],
                [1.0, 0.0, 0.0, 0.0, 0.0, 0.70616, 0.708053, 0.06933, 0.0, -0.708053, 0.70616, 0.0, 0.0, 0.0, 0.0, 1.0],
                [1.0, 0.0, 0.0, 0.0, 0.0, 0.713128, 0.701034, 0.06933, 0.0, -0.701034, 0.713128, 0.0, 0.0, 0.0, 0.0, 1.0],
                [1.0, 0.0, 0.0, 0.0, 0.0, 0.720268, 0.693696, 0.06933, 0.0, -0.693696, 0.720268, 0.0, 0.0, 0.0, 0.0, 1.0],
                [1.0, 0.0, 0.0, 0.0, 0.0, 0.727564, 0.68604, 0.06933, 0.0, -0.68604, 0.727564, -0.0, 0.0, 0.0, 0.0, 1.0],
                [1.0, 0.0, 0.0, 0.0, 0.0, 0.735001, 0.678066, 0.06933, 0.0, -0.678066, 0.735001, -0.0, 0.0, 0.0, 0.0, 1.0],
                [1.0, 0.0, 0.0, 0.0, 0.0, 0.742562, 0.669778, 0.06933, 0.0, -0.669778, 0.742562, -0.0, 0.0, 0.0, 0.0, 1.0],
                [1.0, 0.0, 0.0, 0.0, 0.0, 0.750231, 0.661175, 0.06933, 0.0, -0.661175, 0.750231, 0.0, 0.0, 0.0, 0.0, 1.0],
                [1.0, 0.0, 0.0, 0.0, 0.0, 0.757994, 0.652262, 0.06933, 0.0, -0.652262, 0.757994, -0.0, 0.0, 0.0, 0.0, 1.0],
                [1.0, 0.0, 0.0, 0.0, 0.0, 0.765832, 0.643041, 0.06933, 0.0, -0.643041, 0.765832, 0.0, 0.0, 0.0, 0.0, 1.0],
                [1.0, 0.0, 0.0, 0.0, 0.0, 0.773731, 0.633515, 0.06933, 0.0, -0.633515, 0.773731, -0.0, 0.0, 0.0, 0.0, 1.0],
                [1.0, 0.0, 0.0, 0.0, 0.0, 0.781674, 0.623688, 0.06933, 0.0, -0.623688, 0.781674, -0.0, 0.0, 0.0, 0.0, 1.0],
                [1.0, 0.0, 0.0, 0.0, 0.0, 0.789644, 0.613565, 0.06933, 0.0, -0.613565, 0.789644, 0.0, 0.0, 0.0, 0.0, 1.0],
                [1.0, 0.0, 0.0, 0.0, 0.0, 0.797628, 0.60315, 0.06933, 0.0, -0.60315, 0.797628, -0.0, 0.0, 0.0, 0.0, 1.0],
                [1.0, 0.0, 0.0, 0.0, 0.0, 0.805607, 0.592451, 0.06933, 0.0, -0.592451, 0.805607, 0.0, 0.0, 0.0, 0.0, 1.0],
                [1.0, 0.0, 0.0, 0.0, 0.0, 0.813566, 0.581472, 0.06933, 0.0, -0.581472, 0.813566, -0.0, 0.0, 0.0, 0.0, 1.0],
                [1.0, 0.0, 0.0, 0.0, 0.0, 0.821491, 0.570222, 0.069331, 0.0, -0.570222, 0.821491, -0.0, 0.0, 0.0, 0.0, 1.0],
                [1.0, 0.0, 0.0, 0.0, 0.0, 0.829365, 0.558707, 0.06933, 0.0, -0.558707, 0.829365, 0.0, 0.0, 0.0, 0.0, 1.0],
                [1.0, 0.0, 0.0, 0.0, 0.0, 0.837174, 0.546937, 0.06933, 0.0, -0.546937, 0.837174, -0.0, 0.0, 0.0, 0.0, 1.0],
                [1.0, 0.0, 0.0, 0.0, 0.0, 0.844903, 0.53492, 0.06933, 0.0, -0.53492, 0.844903, -0.0, 0.0, 0.0, 0.0, 1.0],
                [1.0, 0.0, 0.0, -0.0, 0.0, 0.852537, 0.522666, 0.06933, 0.0, -0.522666, 0.852537, 0.0, 0.0, 0.0, 0.0, 1.0],
                [1.0, 0.0, 0.0, 0.0, 0.0, 0.860064, 0.510186, 0.06933, 0.0, -0.510186, 0.860064, 0.0, 0.0, 0.0, 0.0, 1.0],
                [1.0, 0.0, 0.0, 0.0, 0.0, 0.86747, 0.49749, 0.06933, 0.0, -0.49749, 0.86747, 0.0, 0.0, 0.0, 0.0, 1.0],
                [1.0, 0.0, 0.0, 0.0, 0.0, 0.874741, 0.48459, 0.069331, 0.0, -0.48459, 0.874741, 0.0, 0.0, 0.0, 0.0, 1.0],
                [1.0, 0.0, 0.0, -0.0, 0.0, 0.881866, 0.471499, 0.06933, 0.0, -0.471499, 0.881866, 0.0, 0.0, 0.0, 0.0, 1.0],
                [1.0, 0.0, 0.0, 0.0, 0.0, 0.888834, 0.45823, 0.06933, 0.0, -0.45823, 0.888834, -0.0, 0.0, 0.0, 0.0, 1.0],
                [1.0, 0.0, 0.0, 0.0, 0.0, 0.895632, 0.444796, 0.06933, 0.0, -0.444796, 0.895632, 0.0, 0.0, 0.0, 0.0, 1.0],
                [1.0, 0.0, 0.0, -0.0, 0.0, 0.902251, 0.431211, 0.06933, 0.0, -0.431211, 0.902251, -0.0, 0.0, 0.0, 0.0, 1.0],
                [1.0, 0.0, 0.0, 0.0, 0.0, 0.908682, 0.417489, 0.06933, 0.0, -0.417489, 0.908682, 0.0, 0.0, 0.0, 0.0, 1.0],
                [1.0, 0.0, 0.0, -0.0, 0.0, 0.914915, 0.403646, 0.06933, 0.0, -0.403646, 0.914915, -0.0, 0.0, 0.0, 0.0, 1.0],
                [1.0, 0.0, 0.0, 0.0, 0.0, 0.920943, 0.389698, 0.06933, 0.0, -0.389698, 0.920943, -0.0, 0.0, 0.0, 0.0, 1.0],
                [1.0, 0.0, 0.0, 0.0, 0.0, 0.926758, 0.375659, 0.06933, 0.0, -0.375659, 0.926758, -0.0, 0.0, 0.0, 0.0, 1.0],
