{
    "animation": [
        {
            "name": "Root",
            "time": [0.0, 0.0167, 0.0333, 0.05, 0.0667, 0.0833, 0.1, 0.1167, 0.1333, 0.15, 0.1667, 0.1833, 0.2, 0.2167, 0.2333, 0.25, 0.2667, 0.2833, 0.3, 0.3167, 0.3333, 0.35, 0.3667, 0.3833, 0.4, 0.4167, 0.4333, 0.45, 0.4667, 0.4833, 0.5, 0.5167, 0.5333, 0.55, 0.5667, 0.5833, 0.6, 0.6167, 0.6333, 0.65, 0.6667, 0.6833, 0.7, 0.7167, 0.7333, 0.75, 0.7667, 0.7833, 0.8, 0.8167, 0.8333, 0.85, 0.8667, 0.8833, 0.9, 0.9167, 0.9333, 0.95, 0.9667, 0.9833, 1.0, 1.0167, 1.0333, 1.05, 1.0667, 1.0833, 1.1, 1.1167, 1.1333, 1.15, 1.1667, 1.1833, 1.2, 1.2167, 1.2333, 1.25, 1.2667, 1.2833, 1.3, 1.3167, 1.3333, 1.35, 1.3667, 1.3833, 1.4, 1.4167, 1.4333, 1.45, 1.4667, 1.4833, 1.5, 1.5167, 1.5333, 1.55, 1.5667, 1.5833, 1.6, 1.6167, 1.6333, 1.65, 1.6667, 1.6833, 1.7, 1.7167, 1.7333, 1.75, 1.7667, 1.7833, 1.8, 1.8167, 1.8333, 1.85, 1.8667, 1.8833, 1.9, 1.9167, 1.9333, 1.95, 1.9667, 1.9833, 2.0, 2.0167, 2.0333, 2.05, 2.0667, 2.0833, 2.1, 2.1167, 2.1333, 2.15, 2.1667, 2.1833, 2.2, 2.2167, 2.2333, 2.25, 2.2667, 2.2833, 2.3, 2.3167, 2.3333, 2.35, 2.3667, 2.3833, 2.4, 2.4167, 2.4333, 2.45, 2.4667, 2.4833, 2.5],
            "transform": [
                [1.0, 0.0, 0.0, 0.0, 0.0, 0.0, -1.0, 0.0, 0.0, 1.0, 0.0, 0.560393, 0.0, 0.0, 0.0, 1.0],
                [1.0, 0.0, 0.0, 0.0, 0.0, 0.0, -1.0, -0.000366, 0.0, 1.0, 0.0, 0.56066, 0.0, 0.0, 0.0, 1.0],
                [1.0, 0.0, 0.0, 0.0, 0.0, 0.0, -1.0, -0.00141, 0.0, 1.0, 0.0, 0.561422, 0.0, 0.0, 0.0, 1.0],
                [1.0, 0.0, 0.0, 0.0, 0.0, 0.0, -1.0, -0.00305, 0.0, 1.0, 0.0, 0.562618, 0.0, 0.0, 0.0, 1.0],
                [1.0, 0.0, 0.0, 0.0, 0.0, 0.0, -1.0, -0.005205, 0.0, 1.0, 0.0, 0.564189, 0.0, 0.0, 0.0, 1.0],
                [1.0, 0.0, 0.0, 0.0, 0.0, 0.0, -1.0, -0.007791, 0.0, 1.0, 0.0, 0.566075, 0.0, 0.0, 0.0, 1.0],
                [1.0, 0.0, 0.0, 0.0, 0.0, 0.0, -1.0, -0.010729, 0.0, 1.0, 0.0, 0.568217, 0.0, 0.0, 0.0, 1.0],
                [1.0, 0.0, 0.0, 0.0, 0.0, 0.0, -1.0, -0.013935, 0.0, 1.0, 0.0, 0.570555, 0.0, 0.0, 0.0, 1.0],
                [1.0, 0.0, 0.0, 0.0, 0.0, 0.0, -1.0, -0.017328, 0.0, 1.0, 0.0, 0.57303, 0.0, 0.0, 0.0, 1.0],
                [1.0, 0.0, 0.0, 0.0, 0.0, 0.0, -1.0, -0.020826, 0.0, 1.0, 0.0, 0.575581, 0.0, 0.0, 0.0, 1.0],
                [1.0, 0.0, 0.0, 0.0, 0.0, 0.0, -1.0, -0.024348, 0.0, 1.0, 0.0, 0.578149, 0.0, 0.0, 0.0, 1.0],
                [1.0, 0.0, 0.0, 0.0, 0.0, 0.0, -1.0, -0.027811, 0.0, 1.0, 0.0, 0.580674, 0.0, 0.0, 0.0, 1.0],
                [1.0, 0.0, 0.0, 0.0, 0.0, 0.0, -1.0, -0.031134, 0.0, 1.0, 0.0, 0.583098, 0.0, 0.0, 0.0, 1.0],
                [1.0, 0.0, 0.0, 0.0, 0.0, 0.0, -1.0, -0.034235, 0.0, 1.0, 0.0, 0.585359, 0.0, 0.0, 0.0, 1.0],
                [1.0, 0.0, 0.0, 0.0, 0.0, 0.0, -1.0, -0.037032, 0.0, 1.0, 0.0, 0.587399, 0.0, 0.0, 0.0, 1.0],
                [1.0, 0.0, 0.0, 0.0, 0.0, 0.0, -1.0, -0.039443, 0.0, 1.0, 0.0, 0.589157, 0.0, 0.0, 0.0, 1.0],
                [1.0, 0.0, 0.0, 0.0, 0.0, 0.0, -1.0, -0.041423, 0.0, 1.0, 0.0, 0.590601, 0.0, 0.0, 0.0, 1.0],
                [1.0, 0.0, 0.0, 0.0, 0.0, 0.0, -1.0, -0.043008, 0.0, 1.0, 0.0, 0.591757, 0.0, 0.0, 0.0, 1.0],
                [1.0, 0.0, 0.0, 0.0, 0.0, 0.0, -1.0, -0.044242, 0.0, 1.0, 0.0, 0.592657, 0.0, 0.0, 0.0, 1.0],
                [1.0, 0.0, 0.0, 0.0, 0.0, 0.0, -1.0, -0.04517, 0.0, 1.0, 0.0, 0.593333, 0.0, 0.0, 0.0, 1.0],
                [1.0, 0.0, 0.0, 0.0, 0.0, 0.0, -1.0, -0.045835, 0.0, 1.0, 0.0, 0.593818, 0.0, 0.0, 0.0, 1.0],
                [1.0, 0.0, 0.0, 0.0, 0.0, 0.0, -1.0, -0.04628, 0.0, 1.0, 0.0, 0.594143, 0.0, 0.0, 0.0, 1.0],
                [1.0, 0.0, 0.0, 0.0, 0.0, 0.0, -1.0, -0.046551, 0.0, 1.0, 0.0, 0.59434, 0.0, 0.0, 0.0, 1.0],
                [1.0, 0.0, 0.0, 0.0, 0.0, 0.0, -1.0, -0.046689, 0.0, 1.0, 0.0, 0.594441, 0.0, 0.0, 0.0, 1.0],
                [1.0, 0.0, 0.0, 0.0, 0.0, 0.0, -1.0, -0.04674, 0.0, 1.0, 0.0, 0.594479, 0.0, 0.0, 0.0, 1.0],
                [1.0, 0.0, 0.0, 0.0, 0.0, 0.0, -1.0, -0.046748, 0.0, 1.0, 0.0, 0.594484, 0.0, 0.0, 0.0, 1.0],
                [1.0, 0.0, 0.0, 0.0, 0.0, 0.0, -1.0, 0.020956, 0.0, 1.0, 0.0, 0.5733, 0.0, 0.0, 0.0, 1.0],
                [1.0, 0.0, 0.0, 0.0, 0.0, 0.0, -1.0, 0.182402, 0.0, 1.0, 0.0, 0.522785, 0.0, 0.0, 0.0, 1.0],
                [1.0, 0.0, 0.0, 0.0, 0.0, 0.0, -1.0, 0.375096, 0.0, 1.0, 0.0, 0.462493, 0.0, 0.0, 0.0, 1.0],
                [1.0, 0.0, 0.0, 0.0, 0.0, 0.0, -1.0, 0.536543, 0.0, 1.0, 0.0, 0.411977, 0.0, 0.0, 0.0, 1.0],
                [1.0, 0.0, 0.0, 0.0, 0.0, 0.0, -1.0, 0.604246, 0.0, 1.0, 0.0, 0.390793, 0.0, 0.0, 0.0, 1.0],
                [1.0, 0.0, 0.0, 0.0, 0.0, 0.0, -1.0, 0.604246, 0.0, 1.0, 0.0, 0.390793, 0.0, 0.0, 0.0, 1.0],
                [1.0, 0.0, 0.0, 0.0, 0.0, 0.0, -1.0, 0.604246, 0.0, 1.0, 0.0, 0.390793, 0.0, 0.0, 0.0, 1.0],
                [1.0, 0.0, 0.0, 0.0, 0.0, 0.0, -1.0, 0.604246, 0.0, 1.0, 0.0, 0.390793, 0.0, 0.0, 0.0, 1.0],
                [1.0, 0.0, 0.0, 0.0, 0.0, 0.0, -1.0, 0.604246, 0.0, 1.0, 0.0, 0.390793, 0.0, 0.0, 0.0, 1.0],
                [1.0, 0.0, 0.0, 0.0, 0.0, 0.0, -1.0, 0.604246, 0.0, 1.0, 0.0, 0.390793, 0.0, 0.0, 0.0, 1.0],
                [1.0, 0.0, 0.0, 0.0, 0.0, 0.0, -1.0, 0.604246, 0.0, 1.0, 0.0, 0.390793, 0.0, 0.0, 0.0, 1.0],
                [1.0, 0.0, 0.0, 0.0, 0.0, 0.0, -1.0, 0.604246, 0.0, 1.0, 0.0, 0.390793, 0.0, 0.0, 0.0, 1.0],
                [1.0, 0.0, 0.0, 0.0, 0.0, 0.0, -1.0, 0.604246, 0.0, 1.0, 0.0, 0.390793, 0.0, 0.0, 0.0, 1.0],
                [1.0, 0.0, 0.0, 0.0, 0.0, 0.0, -1.0, 0.604246, 0.0, 1.0, 0.0, 0.390793, 0.0, 0.0, 0.0, 1.0],
                [1.0, 0.0, 0.0, 0.0, 0.0, 0.0, -1.0, 0.604246, 0.0, 1.0, 0.0, 0.390793, 0.0, 0.0, 0.0, 1.0],
                [1.0, 0.0, 0.0, 0.0, 0.0, 0.0, -1.0, 0.604246, 0.0, 1.0, 0.0, 0.390793, 0.0, 0.0, 0.0, 1.0],
                [1.0, 0.0, 0.0, 0.0, 0.0, 0.0, -1.0, 0.604246, 0.0, 1.0, 0.0, 0.390793, 0.0, 0.0, 0.0, 1.0],
                [1.0, 0.0, 0.0, 0.0, 0.0, 0.0, -1.0, 0.604246, 0.0, 1.0, 0.0, 0.390793, 0.0, 0.0, 0.0, 1.0],
                [1.0, 0.0, 0.0, 0.0, 0.0, 0.0, -1.0, 0.604246, 0.0, 1.0, 0.0, 0.390793, 0.0, 0.0, 0.0, 1.0],
                [1.0, 0.0, 0.0, 0.0, 0.0, 0.0, -1.0, 0.604246, 0.0, 1.0, 0.0, 0.390793, 0.0, 0.0, 0.0, 1.0],
                [1.0, 0.0, 0.0, 0.0, 0.0, 0.0, -1.0, 0.604244, 0.0, 1.0, 0.0, 0.390882, 0.0, 0.0, 0.0, 1.0],
                [1.0, 0.0, 0.0, 0.0, 0.0, 0.0, -1.0, 0.604235, 0.0, 1.0, 0.0, 0.391147, 0.0, 0.0, 0.0, 1.0],
                [1.0, 0.0, 0.0, 0.0, 0.0, 0.0, -1.0, 0.604221, 0.0, 1.0, 0.0, 0.391583, 0.0, 0.0, 0.0, 1.0],
                [1.0, 0.0, 0.0, 0.0, 0.0, 0.0, -1.0, 0.604201, 0.0, 1.0, 0.0, 0.392189, 0.0, 0.0, 0.0, 1.0],
                [1.0, 0.0, 0.0, 0.0, 0.0, 0.0, -1.0, 0.604177, 0.0, 1.0, 0.0, 0.392959, 0.0, 0.0, 0.0, 1.0],
                [1.0, 0.0, 0.0, 0.0, 0.0, 0.0, -1.0, 0.604146, 0.0, 1.0, 0.0, 0.393892, 0.0, 0.0, 0.0, 1.0],
                [1.0, 0.0, 0.0, 0.0, 0.0, 0.0, -1.0, 0.604111, 0.0, 1.0, 0.0, 0.394983, 0.0, 0.0, 0.0, 1.0],
                [1.0, 0.0, 0.0, 0.0, 0.0, 0.0, -1.0, 0.604071, 0.0, 1.0, 0.0, 0.396229, 0.0, 0.0, 0.0, 1.0],
                [1.0, 0.0, 0.0, 0.0, 0.0, 0.0, -1.0, 0.604026, 0.0, 1.0, 0.0, 0.397627, 0.0, 0.0, 0.0, 1.0],
                [1.0, 0.0, 0.0, 0.0, 0.0, 0.0, -1.0, 0.603976, 0.0, 1.0, 0.0, 0.399173, 0.0, 0.0, 0.0, 1.0],
                [1.0, 0.0, 0.0, 0.0, 0.0, 0.0, -1.0, 0.603921, 0.0, 1.0, 0.0, 0.400864, 0.0, 0.0, 0.0, 1.0],
                [1.0, 0.0, 0.0, 0.0, 0.0, 0.0, -1.0, 0.603862, 0.0, 1.0, 0.0, 0.402696, 0.0, 0.0, 0.0, 1.0],
                [1.0, 0.0, 0.0, 0.0, 0.0, 0.0, -1.0, 0.603798, 0.0, 1.0, 0.0, 0.404667, 0.0, 0.0, 0.0, 1.0],
                [1.0, 0.0, 0.0, 0.0, 0.0, 0.0, -1.0, 0.60373, 0.0, 1.0, 0.0, 0.406772, 0.0, 0.0, 0.0, 1.0],
                [1.0, 0.0, 0.0, 0.0, 0.0, 0.0, -1.0, 0.603658, 0.0, 1.0, 0.0, 0.409008, 0.0, 0.0, 0.0, 1.0],
                [1.0, 0.0, 0.0, 0.0, 0.0, 0.0, -1.0, 0.603581, 0.0, 1.0, 0.0, 0.411372, 0.0, 0.0, 0.0, 1.0],
                [1.0, 0.0, 0.0, 0.0, 0.0, 0.0, -1.0, 0.603501, 0.0, 1.0, 0.0, 0.41386, 0.0, 0.0, 0.0, 1.0],
                [1.0, 0.0, 0.0, 0.0, 0.0, 0.0, -1.0, 0.603416, 0.0, 1.0, 0.0, 0.41647, 0.0, 0.0, 0.0, 1.0],
                [1.0, 0.0, 0.0, 0.0, 0.0, 0.0, -1.0, 0.603328, 0.0, 1.0, 0.0, 0.419197, 0.0, 0.0, 0.0, 1.0],
                [1.0, 0.0, 0.0, 0.0, 0.0, 0.0, -1.0, 0.603236, 0.0, 1.0, 0.0, 0.422038, 0.0, 0.0, 0.0, 1.0],
                [1.0, 0.0, 0.0, 0.0, 0.0, 0.0, -1.0, 0.603141, 0.0, 1.0, 0.0, 0.424991, 0.0, 0.0, 0.0, 1.0],
                [1.0, 0.0, 0.0, 0.0, 0.0, 0.0, -1.0, 0.603042, 0.0, 1.0, 0.0, 0.42805, 0.0, 0.0, 0.0, 1.0],
                [1.0, 0.0, 0.0, 0.0, 0.0, 0.0, -1.0, 0.60294, 0.0, 1.0, 0.0, 0.431213, 0.0, 0.0, 0.0, 1.0],
                [1.0, 0.0, 0.0, 0.0, 0.0, 0.0, -1.0, 0.602834, 0.0, 1.0, 0.0, 0.434477, 0.0, 0.0, 0.0, 1.0],
                [1.0, 0.0, 0.0, 0.0, 0.0, 0.0, -1.0, 0.602726, 0.0, 1.0, 0.0, 0.437839, 0.0, 0.0, 0.0, 1.0],
                [1.0, 0.0, 0.0, 0.0, 0.0, 0.0, -1.0, 0.602614, 0.0, 1.0, 0.0, 0.441293, 0.0, 0.0, 0.0, 1.0],
                [1.0, 0.0, 0.0, 0.0, 0.0, 0.0, -1.0, 0.602499, 0.0, 1.0, 0.0, 0.444839, 0.0, 0.0, 0.0, 1.0],
                [1.0, 0.0, 0.0, 0.0, 0.0, 0.0, -1.0, 0.602382, 0.0, 1.0, 0.0, 0.448471, 0.0, 0.0, 0.0, 1.0],
                [1.0, 0.0, 0.0, 0.0, 0.0, 0.0, -1.0, 0.602262, 0.0, 1.0, 0.0, 0.452186, 0.0, 0.0, 0.0, 1.0],
                [1.0, 0.0, 0.0, 0.0, 0.0, 0.0, -1.0, 0.602139, 0.0, 1.0, 0.0, 0.455982, 0.0, 0.0, 0.0, 1.0],
                [1.0, 0.0, 0.0, 0.0, 0.0, 0.0, -1.0, 0.602014, 0.0, 1.0, 0.0, 0.459854, 0.0, 0.0, 0.0, 1.0],
                [1.0, 0.0, 0.0, 0.0, 0.0, 0.0, -1.0, 0.601886, 0.0, 1.0, 0.0, 0.4638, 0.0, 0.0, 0.0, 1.0],
                [1.0, 0.0, 0.0, 0.0, 0.0, 0.0, -1.0, 0.601757, 0.0, 1.0, 0.0, 0.467816, 0.0, 0.0, 0.0, 1.0],
                [1.0, 0.0, 0.0, 0.0, 0.0, 0.0, -1.0, 0.601625, 0.0, 1.0, 0.0, 0.471898, 0.0, 0.0, 0.0, 1.0],
                [1.0, 0.0, 0.0, 0.0, 0.0, 0.0, -1.0, 0.601491, 0.0, 1.0, 0.0, 0.476043, 0.0, 0.0, 0.0, 1.0],
                [1.0, 0.0, 0.0, 0.0, 0.0, 0.0, -1.0, 0.601355, 0.0, 1.0, 0.0, 0.480247, 0.0, 0.0, 0.0, 1.0],
                [1.0, 0.0, 0.0, 0.0, 0.0, 0.0, -1.0, 0.601217, 0.0, 1.0, 0.0, 0.484508, 0.0, 0.0, 0.0, 1.0],
                [1.0, 0.0, 0.0, 0.0, 0.0, 0.0, -1.0, 0.601078, 0.0, 1.0, 0.0, 0.488822, 0.0, 0.0, 0.0, 1.0],
                [1.0, 0.0, 0.0, 0.0, 0.0, 0.0, -1.0, 0.600937, 0.0, 1.0, 0.0, 0.493185, 0.0, 0.0, 0.0, 1.0],
                [1.0, 0.0, 0.0, 0.0, 0.0, 0.0, -1.0, 0.600794, 0.0, 1.0, 0.0, 0.497595, 0.0, 0.0, 0.0, 1.0],
                [1.0, 0.0, 0.0, 0.0, 0.0, 0.0, -1.0, 0.60065, 0.0, 1.0, 0.0, 0.502047, 0.0, 0.0, 0.0, 1.0],
                [1.0, 0.0, 0.0, 0.0, 0.0, 0.0, -1.0, 0.600505, 0.0, 1.0, 0.0, 0.506538, 0.0, 0.0, 0.0, 1.0],
                [1.0, 0.0, 0.0, 0.0, 0.0, 0.0, -1.0, 0.600359, 0.0, 1.0, 0.0, 0.511064, 0.0, 0.0, 0.0, 1.0],
                [1.0, 0.0, 0.0, 0.0, 0.0, 0.0, -1.0, 0.600211, 0.0, 1.0, 0.0, 0.515624, 0.0, 0.0, 0.0, 1.0],
                [1.0, 0.0, 0.0, 0.0, 0.0, 0.0, -1.0, 0.600063, 0.0, 1.0, 0.0, 0.520212, 0.0, 0.0, 0.0, 1.0],
                [1.0, 0.0, 0.0, 0.0, 0.0, 0.0, -1.0, 0.599914, 0.0, 1.0, 0.0, 0.524826, 0.0, 0.0, 0.0, 1.0],
                [1.0, 0.0, 0.0, 0.0, 0.0, 0.0, -1.0, 0.599764, 0.0, 1.0, 0.0, 0.529462, 0.0, 0.0, 0.0, 1.0],
                [1.0, 0.0, 0.0, 0.0, 0.0, 0.0, -1.0, 0.599613, 0.0, 1.0, 0.0, 0.534116, 0.0, 0.0, 0.0, 1.0],
                [1.0, 0.0, 0.0, 0.0, 0.0, 0.0, -1.0, 0.599462, 0.0, 1.0, 0.0, 0.538786, 0.0, 0.0, 0.0, 1.0],
                [1.0, 0.0, 0.0, 0.0, 0.0, 0.0, -1.0, 0.599311, 0.0, 1.0, 0.0, 0.543468, 0.0, 0.0, 0.0, 1.0],
                [1.0, 0.0, 0.0, 0.0, 0.0, 0.0, -1.0, 0.599159, 0.0, 1.0, 0.0, 0.548159, 0.0, 0.0, 0.0, 1.0],
                [1.0, 0.0, 0.0, 0.0, 0.0, 0.0, -1.0, 0.599008, 0.0, 1.0, 0.0, 0.552854, 0.0, 0.0, 0.0, 1.0],
                [1.0, 0.0, 0.0, 0.0, 0.0, 0.0, -1.0, 0.598856, 0.0, 1.0, 0.0, 0.557551, 0.0, 0.0, 0.0, 1.0],
                [1.0, 0.0, 0.0, 0.0, 0.0, 0.0, -1.0, 0.598704, 0.0, 1.0, 0.0, 0.562247, 0.0, 0.0, 0.0, 1.0],
                [1.0, 0.0, 0.0, 0.0, 0.0, 0.0, -1.0, 0.598552, 0.0, 1.0, 0.0, 0.566937, 0.0, 0.0, 0.0, 1.0],
                [1.0, 0.0, 0.0, 0.0, 0.0, 0.0, -1.0, 0.598401, 0.0, 1.0, 0.0, 0.571619, 0.0, 0.0, 0.0, 1.0],
                [1.0, 0.0, 0.0, 0.0, 0.0, 0.0, -1.0, 0.59825, 0.0, 1.0, 0.0, 0.576289, 0.0, 0.0, 0.0, 1.0],
                [1.0, 0.0, 0.0, 0.0, 0.0, 0.0, -1.0, 0.5981, 0.0, 1.0, 0.0, 0.580944, 0.0, 0.0, 0.0, 1.0],
                [1.0, 0.0, 0.0, 0.0, 0.0, 0.0, -1.0, 0.59795, 0.0, 1.0, 0.0, 0.58558, 0.0, 0.0, 0.0, 1.0],
                [1.0, 0.0, 0.0, 0.0, 0.0, 0.0, -1.0, 0.597801, 0.0, 1.0, 0.0, 0.590194, 0.0, 0.0, 0.0, 1.0],
                [1.0, 0.0, 0.0, 0.0, 0.0, 0.0, -1.0, 0.597652, 0.0, 1.0, 0.0, 0.594782, 0.0, 0.0, 0.0, 1.0],
                [1.0, 0.0, 0.0, 0.0, 0.0, 0.0, -1.0, 0.597505, 0.0, 1.0, 0.0, 0.599341, 0.0, 0.0, 0.0, 1.0],
                [1.0, 0.0, 0.0, 0.0, 0.0, 0.0, -1.0, 0.597359, 0.0, 1.0, 0.0, 0.603868, 0.0, 0.0, 0.0, 1.0],
                [1.0, 0.0, 0.0, 0.0, 0.0, 0.0, -1.0, 0.597213, 0.0, 1.0, 0.0, 0.608359, 0.0, 0.0, 0.0, 1.0],
                [1.0, 0.0, 0.0, 0.0, 0.0, 0.0, -1.0, 0.59707, 0.0, 1.0, 0.0, 0.612811, 0.0, 0.0, 0.0, 1.0],
                [1.0, 0.0, 0.0, 0.0, 0.0, 0.0, -1.0, 0.596927, 0.0, 1.0, 0.0, 0.61722, 0.0, 0.0, 0.0, 1.0],
                [1.0, 0.0, 0.0, 0.0, 0.0, 0.0, -1.0, 0.596786, 0.0, 1.0, 0.0, 0.621583, 0.0, 0.0, 0.0, 1.0],
                [1.0, 0.0, 0.0, 0.0, 0.0, 0.0, -1.0, 0.596646, 0.0, 1.0, 0.0, 0.625897, 0.0, 0.0, 0.0, 1.0],
                [1.0, 0.0, 0.0, 0.0, 0.0, 0.0, -1.0, 0.596509, 0.0, 1.0, 0.0, 0.630158, 0.0, 0.0, 0.0, 1.0],
                [1.0, 0.0, 0.0, 0.0, 0.0, 0.0, -1.0, 0.596373, 0.0, 1.0, 0.0, 0.634363, 0.0, 0.0, 0.0, 1.0],
                [1.0, 0.0, 0.0, 0.0, 0.0, 0.0, -1.0, 0.596239, 0.0, 1.0, 0.0, 0.638508, 0.0, 0.0, 0.0, 1.0],
                [1.0, 0.0, 0.0, 0.0, 0.0, 0.0, -1.0, 0.596107, 0.0, 1.0, 0.0, 0.64259, 0.0, 0.0, 0.0, 1.0],
                [1.0, 0.0, 0.0, 0.0, 0.0, 0.0, -1.0, 0.595977, 0.0, 1.0, 0.0, 0.646605, 0.0, 0.0, 0.0, 1.0],
                [1.0, 0.0, 0.0, 0.0, 0.0, 0.0, -1.0, 0.595849, 0.0, 1.0, 0.0, 0.650551, 0.0, 0.0, 0.0, 1.0],
                [1.0, 0.0, 0.0, 0.0, 0.0, 0.0, -1.0, 0.595724, 0.0, 1.0, 0.0, 0.654423, 0.0, 0.0, 0.0, 1.0],
                [1.0, 0.0, 0.0, 0.0, 0.0, 0.0, -1.0, 0.595602, 0.0, 1.0, 0.0, 0.658219, 0.0, 0.0, 0.0, 1.0],
                [1.0, 0.0, 0.0, 0.0, 0.0, 0.0, -1.0, 0.595481, 0.0, 1.0, 0.0, 0.661935, 0.0, 0.0, 0.0, 1.0],
                [1.0, 0.0, 0.0, 0.0, 0.0, 0.0, -1.0, 0.595364, 0.0, 1.0, 0.0, 0.665567, 0.0, 0.0, 0.0, 1.0],
                [1.0, 0.0, 0.0, 0.0, 0.0, 0.0, -1.0, 0.595249, 0.0, 1.0, 0.0, 0.669112, 0.0, 0.0, 0.0, 1.0],
                [1.0, 0.0, 0.0, 0.0, 0.0, 0.0, -1.0, 0.595138, 0.0, 1.0, 0.0, 0.672567, 0.0, 0.0, 0.0, 1.0],
                [1.0, 0.0, 0.0, 0.0, 0.0, 0.0, -1.0, 0.595029, 0.0, 1.0, 0.0, 0.675928, 0.0, 0.0, 0.0, 1.0],
                [1.0, 0.0, 0.0, 0.0, 0.0, 0.0, -1.0, 0.594924, 0.0, 1.0, 0.0, 0.679192, 0.0, 0.0, 0.0, 1.0],
                [1.0, 0.0, 0.0, 0.0, 0.0, 0.0, -1.0, 0.594821, 0.0, 1.0, 0.0, 0.682355, 0.0, 0.0, 0.0, 1.0],
                [1.0, 0.0, 0.0, 0.0, 0.0, 0.0, -1.0, 0.594722, 0.0, 1.0, 0.0, 0.685415, 0.0, 0.0, 0.0, 1.0],
                [1.0, 0.0, 0.0, 0.0, 0.0, 0.0, -1.0, 0.594627, 0.0, 1.0, 0.0, 0.688367, 0.0, 0.0, 0.0, 1.0],
                [1.0, 0.0, 0.0, 0.0, 0.0, 0.0, -1.0, 0.594535, 0.0, 1.0, 0.0, 0.691208, 0.0, 0.0, 0.0, 1.0],
                [1.0, 0.0, 0.0, 0.0, 0.0, 0.0, -1.0, 0.594447, 0.0, 1.0, 0.0, 0.693935, 0.0, 0.0, 0.0, 1.0],
                [1.0, 0.0, 0.0, 0.0, 0.0, 0.0, -1.0, 0.594363, 0.0, 1.0, 0.0, 0.696545, 0.0, 0.0, 0.0, 1.0],
                [1.0, 0.0, 0.0, 0.0, 0.0, 0.0, -1.0, 0.594282, 0.0, 1.0, 0.0, 0.699033, 0.0, 0.0, 0.0, 1.0],
                [1.0, 0.0, 0.0, 0.0, 0.0, 0.0, -1.0, 0.594206, 0.0, 1.0, 0.0, 0.701398, 0.0, 0.0, 0.0, 1.0],
                [1.0, 0.0, 0.0, 0.0, 0.0, 0.0, -1.0, 0.594133, 0.0, 1.0, 0.0, 0.703634, 0.0, 0.0, 0.0, 1.0],
                [1.0, 0.0, 0.0, 0.0, 0.0, 0.0, -1.0, 0.594065, 0.0, 1.0, 0.0, 0.705739, 0.0, 0.0, 0.0, 1.0],
                [1.0, 0.0, 0.0, 0.0, 0.0, 0.0, -1.0, 0.594002, 0.0, 1.0, 0.0, 0.707709, 0.0, 0.0, 0.0, 1.0],
                [1.0, 0.0, 0.0, 0.0, 0.0, 0.0, -1.0, 0.593943, 0.0, 1.0, 0.0, 0.709542, 0.0, 0.0, 0.0, 1.0],
                [1.0, 0.0, 0.0, 0.0, 0.0, 0.0, -1.0, 0.593888, 0.0, 1.0, 0.0, 0.711233, 0.0, 0.0, 0.0, 1.0],
                [1.0, 0.0, 0.0, 0.0, 0.0, 0.0, -1.0, 0.593838, 0.0, 1.0, 0.0, 0.712779, 0.0, 0.0, 0.0, 1.0],
                [1.0, 0.0, 0.0, 0.0, 0.0, 0.0, -1.0, 0.593793, 0.0, 1.0, 0.0, 0.714177, 0.0, 0.0, 0.0, 1.0],
                [1.0, 0.0, 0.0, 0.0, 0.0, 0.0, -1.0, 0.593752, 0.0, 1.0, 0.0, 0.715423, 0.0, 0.0, 0.0, 1.0],
                [1.0, 0.0, 0.0, 0.0, 0.0, 0.0, -1.0, 0.593717, 0.0, 1.0, 0.0, 0.716514, 0.0, 0.0, 0.0, 1.0],
                [1.0, 0.0, 0.0, 0.0, 0.0, 0.0, -1.0, 0.593687, 0.0, 1.0, 0.0, 0.717446, 0.0, 0.0, 0.0, 1.0],
                [1.0, 0.0, 0.0, 0.0, 0.0, 0.0, -1.0, 0.593662, 0.0, 1.0, 0.0, 0.718217, 0.0, 0.0, 0.0, 1.0],
                [1.0, 0.0, 0.0, 0.0, 0.0, 0.0, -1.0, 0.593643, 0.0, 1.0, 0.0, 0.718822, 0.0, 0.0, 0.0, 1.0],
                [1.0, 0.0, 0.0, 0.0, 0.0, 0.0, -1.0, 0.593628, 0.0, 1.0, 0.0, 0.719259, 0.0, 0.0, 0.0, 1.0],
                [1.0, 0.0, 0.0, 0.0, 0.0, 0.0, -1.0, 0.59362, 0.0, 1.0, 0.0, 0.719523, 0.0, 0.0, 0.0, 1.0],
                [1.0, 0.0, 0.0, 0.0, 0.0, 0.0, -1.0, 0.593617, 0.0, 1.0, 0.0, 0.719612, 0.0, 0.0, 0.0, 1.0]
            ]
        },
        {
            "name": "body",
            "time": [0.0, 0.0167, 0.0333, 0.05, 0.0667, 0.0833, 0.1, 0.1167, 0.1333, 0.15, 0.1667, 0.1833, 0.2, 0.2167, 0.2333, 0.25, 0.2667, 0.2833, 0.3, 0.3167, 0.3333, 0.35, 0.3667, 0.3833, 0.4, 0.4167, 0.4333, 0.45, 0.4667, 0.4833, 0.5, 0.5167, 0.5333, 0.55, 0.5667, 0.5833, 0.6, 0.6167, 0.6333, 0.65, 0.6667, 0.6833, 0.7, 0.7167, 0.7333, 0.75, 0.7667, 0.7833, 0.8, 0.8167, 0.8333, 0.85, 0.8667, 0.8833, 0.9, 0.9167, 0.9333, 0.95, 0.9667, 0.9833, 1.0, 1.0167, 1.0333, 1.05, 1.0667, 1.0833, 1.1, 1.1167, 1.1333, 1.15, 1.1667, 1.1833, 1.2, 1.2167, 1.2333, 1.25, 1.2667, 1.2833, 1.3, 1.3167, 1.3333, 1.35, 1.3667, 1.3833, 1.4, 1.4167, 1.4333, 1.45, 1.4667, 1.4833, 1.5, 1.5167, 1.5333, 1.55, 1.5667, 1.5833, 1.6, 1.6167, 1.6333, 1.65, 1.6667, 1.6833, 1.7, 1.7167, 1.7333, 1.75, 1.7667, 1.7833, 1.8, 1.8167, 1.8333, 1.85, 1.8667, 1.8833, 1.9, 1.9167, 1.9333, 1.95, 1.9667, 1.9833, 2.0, 2.0167, 2.0333, 2.05, 2.0667, 2.0833, 2.1, 2.1167, 2.1333, 2.15, 2.1667, 2.1833, 2.2, 2.2167, 2.2333, 2.25, 2.2667, 2.2833, 2.3, 2.3167, 2.3333, 2.35, 2.3667, 2.3833, 2.4, 2.4167, 2.4333, 2.45, 2.4667, 2.4833, 2.5],
            "transform": [
                [1.0, 0.0, 0.0, 0.0, 0.0, 0.997285, 0.073633, 0.06933, 0.0, -0.073633, 0.997285, 0.0, 0.0, 0.0, 0.0, 1.0],
                [1.0, 0.0, 0.0, 0.0, 0.0, 0.997465, 0.071158, 0.06933, 0.0, -0.071158, 0.997465, 0.0, 0.0, 0.0, 0.0, 1.0],
                [1.0, 0.0, 0.0, 0.0, 0.0, 0.997944, 0.064097, 0.06933, 0.0, -0.064097, 0.997944, 0.0, 0.0, 0.0, 0.0, 1.0],
                [1.0, 0.0, 0.0, 0.0, 0.0, 0.998595, 0.052994, 0.06933, 0.0, -0.052994, 0.998595, 0.0, 0.0, 0.0, 0.0, 1.0],
                [1.0, 0.0, 0.0, 0.0, 0.0, 0.999263, 0.038391, 0.06933, 0.0, -0.038391, 0.999263, 0.0, 0.0, 0.0, 0.0, 1.0],
                [1.0, 0.0, 0.0, 0.0, 0.0, 0.999783, 0.020835, 0.06933, 0.0, -0.020835, 0.999783, 0.0, 0.0, 0.0, 0.0, 1.0],
                [1.0, 0.0, 0.0, 0.0, 0.0, 1.0, 0.000878, 0.06933, 0.0, -0.000878, 1.0, 0.0, 0.0, 0.0, 0.0, 1.0],
                [1.0, 0.0, 0.0, 0.0, 0.0, 0.999781, -0.020915, 0.06933, 0.0, 0.020915, 0.999781, 0.0, 0.0, 0.0, 0.0, 1.0],
                [1.0, 0.0, 0.0, 0.0, 0.0, 0.999033, -0.043974, 0.06933, 0.0, 0.043974, 0.999033, 0.0, 0.0, 0.0, 0.0, 1.0],
                [1.0, 0.0, 0.0, 0.0, 0.0, 0.997704, -0.067723, 0.06933, 0.0, 0.067723, 0.997704, 0.0, 0.0, 0.0, 0.0, 1.0],
                [1.0, 0.0, 0.0, 0.0, 0.0, 0.995797, -0.091584, 0.06933, 0.0, 0.091584, 0.995797, 0.0, 0.0, 0.0, 0.0, 1.0],
                [1.0, 0.0, 0.0, 0.0, 0.0, 0.993367, -0.114985, 0.06933, 0.0, 0.114985, 0.993367, 0.0, 0.0, 0.0, 0.0, 1.0],
                [1.0, 0.0, 0.0, 0.0, 0.0, 0.990521, -0.137358, 0.06933, 0.0, 0.137358, 0.990521, 0.0, 0.0, 0.0, 0.0, 1.0],
                [1.0, 0.0, 0.0, 0.0, 0.0, 0.987415, -0.158151, 0.06933, 0.0, 0.158151, 0.987415, 0.0, 0.0, 0.0, 0.0, 1.0],
                [1.0, 0.0, 0.0, 0.0, 0.0, 0.984243, -0.176822, 0.06933, 0.0, 0.176822, 0.984243, 0.0, 0.0, 0.0, 0.0, 1.0],
                [1.0, 0.0, 0.0, 0.0, 0.0, 0.981229, -0.192845, 0.06933, 0.0, 0.192845, 0.981229, 0.0, 0.0, 0.0, 0.0, 1.0],
                [1.0, 0.0, 0.0, 0.0, 0.0, 0.978564, -0.205942, 0.06933, 0.0, 0.205942, 0.978564, 0.0, 0.0, 0.0, 0.0, 1.0],
                [1.0, 0.0, 0.0, 0.0, 0.0, 0.976306, -0.216392, 0.06933, 0.0, 0.216392, 0.976306, 0.0, 0.0, 0.0, 0.0, 1.0],
                [1.0, 0.0, 0.0, 0.0, 0.0, 0.974471, -0.224514, 0.06933, 0.0, 0.224514, 0.974471, 0.0, 0.0, 0.0, 0.0, 1.0],
                [1.0, 0.0, 0.0, 0.0, 0.0, 0.973044, -0.230618, 0.06933, 0.0, 0.230618, 0.973044, 0.0, 0.0, 0.0, 0.0, 1.0],
                [1.0, 0.0, 0.0, 0.0, 0.0, 0.971993, -0.235012, 0.06933, 0.0, 0.235012, 0.971993, 0.0, 0.0, 0.0, 0.0, 1.0],
                [1.0, 0.0, 0.0, 0.0, 0.0, 0.971266, -0.237995, 0.06933, 0.0, 0.237995, 0.971266, 0.0, 0.0, 0.0, 0.0, 1.0],
                [1.0, 0.0, 0.0, 0.0, 0.0, 0.970806, -0.239865, 0.06933, 0.0, 0.239865, 0.970806, 0.0, 0.0, 0.0, 0.0, 1.0],
                [1.0, 0.0, 0.0, 0.0, 0.0, 0.970546, -0.240917, 0.06933, 0.0, 0.240917, 0.970546, 0.0, 0.0, 0.0, 0.0, 1.0],
                [1.0, 0.0, 0.0, 0.0, 0.0, 0.970415, -0.241445, 0.06933, 0.0, 0.241445, 0.970415, 0.0, 0.0, 0.0, 0.0, 1.0],
                [1.0, 0.0, 0.0, 0.0, 0.0, 0.970341, -0.24174, 0.06933, 0.0, 0.24174, 0.970341, 0.0, 0.0, 0.0, 0.0, 1.0],
                [1.0, 0.0, 0.0, 0.0, 0.0, 0.993842, -0.110807, 0.06933, 0.0, 0.110807, 0.993842, 0.0, 0.0, 0.0, 0.0, 1.0],
                [1.0, 0.0, 0.0, 0.0, 0.0, 0.974672, 0.22364, 0.06933, 0.0, -0.22364, 0.974672, 0.0, 0.0, 0.0, 0.0, 1.0],
                [1.0, 0.0, 0.0, 0.0, 0.0, 0.801369, 0.59817, 0.06933, 0.0, -0.59817, 0.801369, 0.0, 0.0, 0.0, 0.0, 1.0],
                [1.0, 0.0, 0.0, 0.0, 0.0, 0.559248, 0.829, 0.06933, 0.0, -0.829, 0.559248, 0.0, 0.0, 0.0, 0.0, 1.0],
                [1.0, 0.0, 0.0, 0.0, 0.0, 0.444351, 0.895853, 0.06933, 0.0, -0.895853, 0.444351, 0.0, 0.0, 0.0, 0.0, 1.0],
                [1.0, 0.0, 0.0, 0.0, 0.0, 0.444351, 0.895853, 0.06933, 0.0, -0.895853, 0.444351, 0.0, 0.0, 0.0, 0.0, 1.0],
                [1.0, 0.0, 0.0, 0.0, 0.0, 0.444351, 0.895853, 0.06933, 0.0, -0.895853, 0.444351, 0.0, 0.0, 0.0, 0.0, 1.0],
                [1.0, 0.0, 0.0, 0.0, 0.0, 0.444351, 0.895853, 0.06933, 0.0, -0.895853, 0.444351, 0.0, 0.0, 0.0, 0.0, 1.0],
                [1.0, 0.0, 0.0, 0.0, 0.0, 0.444351, 0.895853, 0.06933, 0.0, -0.895853, 0.444351, 0.0, 0.0, 0.0, 0.0, 1.0],
                [1.0, 0.0, 0.0, 0.0, 0.0, 0.444351, 0.895853, 0.06933, 0.0, -0.895853, 0.444351, 0.0, 0.0, 0.0, 0.0, 1.0],
                [1.0, 0.0, 0.0, 0.0, 0.0, 0.444351, 0.895853, 0.06933, 0.0, -0.895853, 0.444351, 0.0, 0.0, 0.0, 0.0, 1.0],
                [1.0, 0.0, 0.0, 0.0, 0.0, 0.444351, 0.895853, 0.06933, 0.0, -0.895853, 0.444351, 0.0, 0.0, 0.0, 0.0, 1.0],
                [1.0, 0.0, 0.0, 0.0, 0.0, 0.444351, 0.895853, 0.06933, 0.0, -0.895853, 0.444351, 0.0, 0.0, 0.0, 0.0, 1.0],
                [1.0, 0.0, 0.0, 0.0, 0.0, 0.444351, 0.895853, 0.06933, 0.0, -0.895853, 0.444351, 0.0, 0.0, 0.0, 0.0, 1.0],
                [1.0, 0.0, 0.0, 0.0, 0.0, 0.444351, 0.895853, 0.06933, 0.0, -0.895853, 0.444351, 0.0, 0.0, 0.0, 0.0, 1.0],
                [1.0, 0.0, 0.0, 0.0, 0.0, 0.444351, 0.895853, 0.06933, 0.0, -0.895853, 0.444351, 0.0, 0.0, 0.0, 0.0, 1.0],
                [1.0, 0.0, 0.0, 0.0, 0.0, 0.444351, 0.895853, 0.06933, 0.0, -0.895853, 0.444351, 0.0, 0.0, 0.0, 0.0, 1.0],
                [1.0, 0.0, 0.0, 0.0, 0.0, 0.444351, 0.895853, 0.06933, 0.0, -0.895853, 0.444351, 0.0, 0.0, 0.0, 0.0, 1.0],
                [1.0, 0.0, 0.0, 0.0, 0.0, 0.444351, 0.895853, 0.06933, 0.0, -0.895853, 0.444351, 0.0, 0.0, 0.0, 0.0, 1.0],
                [1.0, 0.0, 0.0, 0.0, 0.0, 0.444351, 0.895853, 0.06933, 0.0, -0.895853, 0.444351, 0.0, 0.0, 0.0, 0.0, 1.0],
                [1.0, 0.0, 0.0, 0.0, 0.0, 0.444626, 0.895716, 0.06933, 0.0, -0.895716, 0.444626, 0.0, 0.0, 0.0, 0.0, 1.0],
                [1.0, 0.0, 0.0, 0.0, 0.0, 0.445443, 0.89531, 0.06933, 0.0, -0.89531, 0.445443, 0.0, 0.0, 0.0, 0.0, 1.0],
                [1.0, 0.0, 0.0, 0.0, 0.0, 0.446792, 0.894638, 0.06933, 0.0, -0.894638, 0.446792, 0.0, 0.0, 0.0, 0.0, 1.0],
                [1.0, 0.0, 0.0, 0.0, 0.0, 0.448661, 0.893702, 0.06933, 0.0, -0.893702, 0.448661, 0.0, 0.0, 0.0, 0.0, 1.0],
                [1.0, 0.0, 0.0, 0.0, 0.0, 0.45104, 0.892504, 0.06933, 0.0, -0.892504, 0.45104, 0.0, 0.0, 0.0, 0.0, 1.0],
                [1.0, 0.0, 0.0, 0.0, 0.0, 0.453917, 0.891044, 0.06933, 0.0, -0.891044, 0.453917, 0.0, 0.0, 0.0, 0.0, 1.0],
                [1.0, 0.0, 0.0, 0.0, 0.0, 0.457281, 0.889322, 0.06933, 0.0, -0.889322, 0.457281, 0.0, 0.0, 0.0, 0.0, 1.0],
                [1.0, 0.0, 0.0, 0.0, 0.0, 0.461119, 0.887338, 0.06933, 0.0, -0.887338, 0.461119, 0.0, 0.0, 0.0, 0.0, 1.0],
                [1.0, 0.0, 0.0, 0.0, 0.0, 0.465421, 0.88509, 0.06933, 0.0, -0.88509, 0.465421, 0.0, 0.0, 0.0, 0.0, 1.0],
                [1.0, 0.0, 0.0, 0.0, 0.0, 0.470172, 0.882575, 0.06933, 0.0, -0.882575, 0.470172, 0.0, 0.0, 0.0, 0.0, 1.0],
                [1.0, 0.0, 0.0, 0.0, 0.0, 0.475363, 0.87979, 0.06933, 0.0, -0.87979, 0.475363, 0.0, 0.0, 0.0, 0.0, 1.0],
                [1.0, 0.0, 0.0, 0.0, 0.0, 0.480979, 0.876732, 0.06933, 0.0, -0.876732, 0.480979, 0.0, 0.0, 0.0, 0.0, 1.0],
                [1.0, 0.0, 0.0, 0.0, 0.0, 0.487008, 0.873398, 0.06933, 0.0, -0.873398, 0.487008, 0.0, 0.0, 0.0, 0.0, 1.0],
                [1.0, 0.0, 0.0, 0.0, 0.0, 0.493436, 0.869782, 0.06933, 0.0, -0.869782, 0.493436, 0.0, 0.0, 0.0, 0.0, 1.0],
                [1.0, 0.0, 0.0, 0.0, 0.0, 0.500249, 0.865881, 0.06933, 0.0, -0.865881, 0.500249, 0.0, 0.0, 0.0, 0.0, 1.0],
                [1.0, 0.0, 0.0, 0.0, 0.0, 0.507435, 0.86169, 0.06933, 0.0, -0.86169, 0.507435, 0.0, 0.0, 0.0, 0.0, 1.0],
                [1.0, 0.0, 0.0, 0.0, 0.0, 0.514979, 0.857203, 0.06933, 0.0, -0.857203, 0.514979, 0.0, 0.0, 0.0, 0.0, 1.0],
                [1.0, 0.0, 0.0, 0.0, 0.0, 0.522865, 0.852415, 0.06933, 0.0, -0.852415, 0.522865, 0.0, 0.0, 0.0, 0.0, 1.0],
                [1.0, 0.0, 0.0, 0.0, 0.0, 0.53108, 0.847322, 0.06933, 0.0, -0.847322, 0.53108, 0.0, 0.0, 0.0, 0.0, 1.0],
                [1.0, 0.0, 0.0, 0.0, 0.0, 0.539608, 0.841917, 0.06933, 0.0, -0.841917, 0.539608, 0.0, 0.0, 0.0, 0.0, 1.0],
                [1.0, 0.0, 0.0, 0.0, 0.0, 0.548432, 0.836195, 0.06933, 0.0, -0.836195, 0.548432, 0.0, 0.0, 0.0, 0.0, 1.0],
                [1.0, 0.0, 0.0, 0.0, 0.0, 0.557537, 0.830152, 0.06933, 0.0, -0.830152, 0.557537, 0.0, 0.0, 0.0, 0.0, 1.0],
                [1.0, 0.0, 0.0, 0.0, 0.0, 0.566907, 0.823782, 0.06933, 0.0, -0.823782, 0.566907, 0.0, 0.0, 0.0, 0.0, 1.0],
                [1.0, 0.0, 0.0, 0.0, 0.0, 0.576524, 0.817081, 0.06933, 0.0, -0.817081, 0.576524, 0.0, 0.0, 0.0, 0.0, 1.0],
                [1.0, 0.0, 0.0, 0.0, 0.0, 0.586371, 0.810043, 0.06933, 0.0, -0.810043, 0.586371, 0.0, 0.0, 0.0, 0.0, 1.0],
                [1.0, 0.0, 0.0, 0.0, 0.0, 0.59643, 0.802665, 0.06933, 0.0, -0.802665, 0.59643, 0.0, 0.0, 0.0, 0.0, 1.0],
                [1.0, 0.0, 0.0, 0.0, 0.0, 0.606684, 0.794943, 0.06933, 0.0, -0.794943, 0.606684, 0.0, 0.0, 0.0, 0.0, 1.0],
                [1.0, 0.0, 0.0, 0.0, 0.0, 0.617113, 0.786874, 0.06933, 0.0, -0.786874, 0.617113, 0.0, 0.0, 0.0, 0.0, 1.0],
                [1.0, 0.0, 0.0, 0.0, 0.0, 0.6277, 0.778456, 0.06933, 0.0, -0.778456, 0.6277, 0.0, 0.0, 0.0, 0.0, 1.0],
                [1.0, 0.0, 0.0, 0.0, 0.0, 0.638424, 0.769684, 0.06933, 0.0, -0.769684, 0.638424, 0.0, 0.0, 0.0, 0.0, 1.0],
                [1.0, 0.0, 0.0, 0.0, 0.0, 0.649268, 0.76056, 0.06933, 0.0, -0.76056, 0.649268, 0.0, 0.0, 0.0, 0.0, 1.0],
                [1.0, 0.0, 0.0, 0.0, 0.0, 0.66021, 0.751081, 0.06933, 0.0, -0.751081, 0.66021, 0.0, 0.0, 0.0, 0.0, 1.0],
                [1.0, 0.0, 0.0, 0.0, 0.0, 0.671232, 0.741247, 0.06933, 0.0, -0.741247, 0.671232, 0.0, 0.0, 0.0, 0.0, 1.0],
                [1.0, 0.0, 0.0, 0.0, 0.0, 0.682313, 0.73106, 0.06933, 0.0, -0.73106, 0.682313, 0.0, 0.0, 0.0, 0.0, 1.0],
                [1.0, 0.0, 0.0, 0.0, 0.0, 0.693434, 0.72052, 0.06933, 0.0, -0.72052, 0.693434, 0.0, 0.0, 0.0, 0.0, 1.0],
                [1.0, 0.0, 0.0, 0.0, 0.0, 0.704574, 0.709631, 0.06933, 0.0, -0.709631, 0.704574, 0.0, 0.0, 0.0, 0.0, 1.0],
                [1.0, 0.0, 0.0, 0.0, 0.0, 0.715712, 0.698395, 0.06933, 0.0, -0.698395, 0.715712, 0.0, 0.0, 0.0, 0.0, 1.0],
                [1.0, 0.0, 0.0, 0.0, 0.0, 0.72683, 0.686817, 0.06933, 0.0, -0.686817, 0.72683, 0.0, 0.0, 0.0, 0.0, 1.0],
                [1.0, 0.0, 0.0, 0.0, 0.0, 0.737908, 0.674902, 0.06933, 0.0, -0.674902, 0.737908, 0.0, 0.0, 0.0, 0.0, 1.0],
                [1.0, 0.0, 0.0, 0.0, 0.0, 0.748924, 0.662656, 0.06933, 0.0, -0.662656, 0.748924, 0.0, 0.0, 0.0, 0.0, 1.0],
                [1.0, 0.0, 0.0, 0.0, 0.0, 0.75986, 0.650086, 0.06933, 0.0, -0.650086, 0.75986, 0.0, 0.0, 0.0, 0.0, 1.0],
                [1.0, 0.0, 0.0, 0.0, 0.0, 0.770697, 0.637201, 0.06933, 0.0, -0.637201, 0.770697, 0.0, 0.0, 0.0, 0.0, 1.0],
                [1.0, 0.0, 0.0, 0.0, 0.0, 0.781416, 0.62401, 0.06933, 0.0, -0.62401, 0.781416, 0.0, 0.0, 0.0, 0.0, 1.0],
                [1.0, 0.0, 0.0, 0.0, 0.0, 0.791998, 0.610524, 0.06933, 0.0, -0.610524, 0.791998, 0.0, 0.0, 0.0, 0.0, 1.0],
                [1.0, 0.0, 0.0, 0.0, 0.0, 0.802426, 0.596752, 0.06933, 0.0, -0.596752, 0.802426, 0.0, 0.0, 0.0, 0.0, 1.0],
                [1.0, 0.0, 0.0, 0.0, 0.0, 0.812682, 0.582708, 0.06933, 0.0, -0.582708, 0.812682, 0.0, 0.0, 0.0, 0.0, 1.0],
                [1.0, 0.0, 0.0, 0.0, 0.0, 0.822749, 0.568405, 0.06933, 0.0, -0.568405, 0.822749, 0.0, 0.0, 0.0, 0.0, 1.0],
                [1.0, 0.0, 0.0, 0.0, 0.0, 0.832612, 0.553856, 0.06933, 0.0, -0.553856, 0.832612, 0.0, 0.0, 0.0, 0.0, 1.0],
                [1.0, 0.0, 0.0, 0.0, 0.0, 0.842256, 0.539077, 0.06933, 0.0, -0.539077, 0.842256, 0.0, 0.0, 0.0, 0.0, 1.0],
                [1.0, 0.0, 0.0, 0.0, 0.0, 0.851667, 0.524083, 0.06933, 0.0, -0.524083, 0.851667, 0.0, 0.0, 0.0, 0.0, 1.0],
                [1.0, 0.0, 0.0, 0.0, 0.0, 0.86083, 0.508892, 0.06933, 0.0, -0.508892, 0.86083, 0.0, 0.0, 0.0, 0.0, 1.0],
                [1.0, 0.0, 0.0, 0.0, 0.0, 0.869734, 0.49352, 0.06933, 0.0, -0.49352, 0.869734, 0.0, 0.0, 0.0, 0.0, 1.0],
                [1.0, 0.0, 0.0, 0.0, 0.0, 0.878368, 0.477985, 0.06933, 0.0, -0.477985, 0.878368, 0.0, 0.0, 0.0, 0.0, 1.0],
                [1.0, 0.0, 0.0, 0.0, 0.0, 0.88672, 0.462307, 0.06933, 0.0, -0.462307, 0.88672, 0.0, 0.0, 0.0, 0.0, 1.0],
                [1.0, 0.0, 0.0, 0.0, 0.0, 0.894782, 0.446503, 0.06933, 0.0, -0.446503, 0.894782, 0.0, 0.0, 0.0, 0.0, 1.0],
                [1.0, 0.0, 0.0, 0.0, 0.0, 0.902546, 0.430594, 0.06933, 0.0, -0.430594, 0.902546, 0.0, 0.0, 0.0, 0.0, 1.0],
                [1.0, 0.0, 0.0, 0.0, 0.0, 0.910004, 0.4146, 0.06933, 0.0, -0.4146, 0.910004, 0.0, 0.0, 0.0, 0.0, 1.0],
                [1.0, 0.0, 0.0, 0.0, 0.0, 0.91715, 0.398542, 0.06933, 0.0, -0.398542, 0.91715, 0.0, 0.0, 0.0, 0.0, 1.0],
                [1.0, 0.0, 0.0, 0.0, 0.0, 0.923981, 0.382439, 0.06933, 0.0, -0.382439, 0.923981, 0.0, 0.0, 0.0, 0.0, 1.0],
                [1.0, 0.0, 0.0, 0.0, 0.0, 0.930491, 0.366314, 0.06933, 0.0, -0.366314, 0.930491, 0.0, 0.0, 0.0, 0.0, 1.0],
                [1.0, 0.0, 0.0, 0.0, 0.0, 0.93668, 0.350187, 0.06933, 0.0, -0.350187, 0.93668, 0.0, 0.0, 0.0, 0.0, 1.0],
                [1.0, 0.0, 0.0, 0.0, 0.0, 0.942545, 0.334078, 0.06933, 0.0, -0.334078, 0.942545, 0.0, 0.0, 0.0, 0.0, 1.0],
                [1.0, 0.0, 0.0, 0.0, 0.0, 0.948087, 0.318011, 0.06933, 0.0, -0.318011, 0.948087, 0.0, 0.0, 0.0, 0.0, 1.0],
                [1.0, 0.0, 0.0, 0.0, 0.0, 0.953307, 0.302004, 0.06933, 0.0, -0.302004, 0.953307, 0.0, 0.0, 0.0, 0.0, 1.0],
                [1.0, 0.0, 0.0, 0.0, 0.0, 0.958206, 0.286079, 0.06933, 0.0, -0.286079, 0.958206, 0.0, 0.0, 0.0, 0.0, 1.0],
                [1.0, 0.0, 0.0, 0.0, 0.0, 0.962788, 0.270258, 0.06933, 0.0, -0.270258, 0.962788, 0.0, 0.0, 0.0, 0.0, 1.0],
                [1.0, 0.0, 0.0, 0.0, 0.0, 0.967057, 0.254559, 0.06933, 0.0, -0.254559, 0.967057, 0.0, 0.0, 0.0, 0.0, 1.0],
                [1.0, 0.0, 0.0, 0.0, 0.0, 0.971019, 0.239004, 0.06933, 0.0, -0.239004, 0.971019, 0.0, 0.0, 0.0, 0.0, 1.0],
                [1.0, 0.0, 0.0, 0.0, 0.0, 0.974678, 0.223611, 0.06933, 0.0, -0.223611, 0.974678, 0.0, 0.0, 0.0, 0.0, 1.0],
                [1.0, 0.0, 0.0, 0.0, 0.0, 0.978043, 0.208401, 0.06933, 0.0, -0.208401, 0.978043, 0.0, 0.0, 0.0, 0.0, 1.0],
                [1.0, 0.0, 0.0, 0.0, 0.0, 0.981122, 0.193392, 0.06933, 0.0, -0.193392, 0.981122, 0.0, 0.0, 0.0, 0.0, 1.0],
                [1.0, 0.0, 0.0, 0.0, 0.0, 0.983921, 0.178602, 0.06933, 0.0, -0.178602, 0.983921, 0.0, 0.0, 0.0, 0.0, 1.0],
                [1.0, 0.0, 0.0, 0.0, 0.0, 0.986452, 0.164049, 0.06933, 0.0, -0.164049, 0.986452, 0.0, 0.0, 0.0, 0.0, 1.0],
                [1.0, 0.0, 0.0, 0.0, 0.0, 0.988724, 0.149752, 0.06933, 0.0, -0.149752, 0.988724, 0.0, 0.0, 0.0, 0.0, 1.0],
                [1.0, 0.0, 0.0, 0.0, 0.0, 0.990747, 0.135725, 0.06933, 0.0, -0.135725, 0.990747, 0.0, 0.0, 0.0, 0.0, 1.0],
                [1.0, 0.0, 0.0, 0.0, 0.0, 0.992532, 0.121986, 0.06933, 0.0, -0.121986, 0.992532, 0.0, 0.0, 0.0, 0.0, 1.0],
                [1.0, 0.0, 0.0, 0.0, 0.0, 0.994091, 0.10855, 0.06933, 0.0, -0.10855, 0.994091, 0.0, 0.0, 0.0, 0.0, 1.0],
                [1.0, 0.0, 0.0, 0.0, 0.0, 0.995436, 0.095433, 0.06933, 0.0, -0.095433, 0.995436, 0.0, 0.0, 0.0, 0.0, 1.0],
                [1.0, 0.0, 0.0, 0.0, 0.0, 0.996579, 0.082648, 0.06933, 0.0, -0.082648, 0.996579, 0.0, 0.0, 0.0, 0.0, 1.0],
                [1.0, 0.0, 0.0, 0.0, 0.0, 0.997532, 0.070209, 0.06933, 0.0, -0.070209, 0.997532, 0.0, 0.0, 0.0, 0.0, 1.0],
                [1.0, 0.0, 0.0, 0.0, 0.0, 0.998309, 0.058131, 0.06933, 0.0, -0.058131, 0.998309, 0.0, 0.0, 0.0, 0.0, 1.0],
                [1.0, 0.0, 0.0, 0.0, 0.0, 0.998922, 0.046425, 0.06933, 0.0, -0.046425, 0.998922, 0.0, 0.0, 0.0, 0.0, 1.0],
                [1.0, 0.0, 0.0, 0.0, 0.0, 0.999384, 0.035105, 0.06933, 0.0, -0.035105, 0.999384, 0.0, 0.0, 0.0, 0.0, 1.0],
                [1.0, 0.0, 0.0, 0.0, 0.0, 0.999708, 0.024181, 0.06933, 0.0, -0.024181, 0.999708, 0.0, 0.0, 0.0, 0.0, 1.0],
                [1.0, 0.0, 0.0, 0.0, 0.0, 0.999907, 0.013666, 0.06933, 0.0, -0.013666, 0.999907, 0.0, 0.0, 0.0, 0.0, 1.0],
                [1.0, 0.0, 0.0, 0.0, 0.0, 0.999994, 0.003571, 0.06933, 0.0, -0.003571, 0.999994, 0.0, 0.0, 0.0, 0.0, 1.0],
                [1.0, 0.0, 0.0, 0.0, 0.0, 0.999981, -0.006095, 0.06933, 0.0, 0.006095, 0.999981, 0.0, 0.0, 0.0, 0.0, 1.0],
                [1.0, 0.0, 0.0, 0.0, 0.0, 0.999883, -0.015321, 0.06933, 0.0, 0.015321, 0.999883, 0.0, 0.0, 0.0, 0.0, 1.0],
                [1.0, 0.0, 0.0, 0.0, 0.0, 0.99971, -0.024096, 0.06933, 0.0, 0.024096, 0.99971, 0.0, 0.0, 0.0, 0.0, 1.0],
                [1.0, 0.0, 0.0, 0.0, 0.0, 0.999475, -0.032412, 0.06933, 0.0, 0.032412, 0.999475, 0.0, 0.0, 0.0, 0.0, 1.0],
                [1.0, 0.0, 0.0, 0.0, 0.0, 0.999189, -0.040258, 0.06933, 0.0, 0.040258, 0.999189, 0.0, 0.0, 0.0, 0.0, 1.0],
                [1.0, 0.0, 0.0, 0.0, 0.0, 0.998865, -0.047626, 0.06933, 0.0, 0.047626, 0.998865, 0.0, 0.0, 0.0, 0.0, 1.0],
                [1.0, 0.0, 0.0, 0.0, 0.0, 0.998513, -0.054506, 0.06933, 0.0, 0.054506, 0.998513, 0.0, 0.0, 0.0, 0.0, 1.0],
                [1.0, 0.0, 0.0, 0.0, 0.0, 0.998145, -0.06089, 0.06933, 0.0, 0.06089, 0.998145, 0.0, 0.0, 0.0, 0.0, 1.0],
                [1.0, 0.0, 0.0, 0.0, 0.0, 0.997769, -0.066768, 0.06933, 0.0, 0.066768, 0.997769, 0.0, 0.0, 0.0, 0.0, 1.0],
                [1.0, 0.0, 0.0, 0.0, 0.0, 0.997395, -0.072132, 0.06933, 0.0, 0.072132, 0.997395, 0.0, 0.0, 0.0, 0.0, 1.0],
                [1.0, 0.0, 0.0, 0.0, 0.0, 0.997033, -0.076972, 0.06933, 0.0, 0.076972, 0.997033, 0.0, 0.0, 0.0, 0.0, 1.0],
                [1.0, 0.0, 0.0, 0.0, 0.0, 0.996691, -0.081279, 0.06933, 0.0, 0.081279, 0.996691, 0.0, 0.0, 0.0, 0.0, 1.0],
                [1.0, 0.0, 0.0, 0.0, 0.0, 0.996377, -0.085045, 0.06933, 0.0, 0.085045, 0.996377, 0.0, 0.0, 0.0, 0.0, 1.0],
                [1.0, 0.0, 0.0, 0.0, 0.0, 0.996098, -0.088259, 0.06933, 0.0, 0.088259, 0.996098, 0.0, 0.0, 0.0, 0.0, 1.0],
                [1.0, 0.0, 0.0, 0.0, 0.0, 0.995859, -0.090912, 0.06933, 0.0, 0.090912, 0.995859, 0.0, 0.0, 0.0, 0.0, 1.0],
                [1.0, 0.0, 0.0, 0.0, 0.0, 0.995667, -0.092993, 0.06933, 0.0, 0.092993, 0.995667, 0.0, 0.0, 0.0, 0.0, 1.0],
                [1.0, 0.0, 0.0, 0.0, 0.0, 0.995525, -0.094494, 0.06933, 0.0, 0.094494, 0.995525, 0.0, 0.0, 0.0, 0.0, 1.0],
                [1.0, 0.0, 0.0, 0.0, 0.0, 0.995439, -0.095403, 0.06933, 0.0, 0.095403, 0.995439, 0.0, 0.0, 0.0, 0.0, 1.0],
                [1.0, 0.0, 0.0, 0.0, 0.0, 0.995409, -0.095708, 0.06933, 0.0, 0.095708, 0.995409, 0.0, 0.0, 0.0, 0.0, 1.0]
            ]
        },
        {
            "name": "chest",
            "time": [0.0, 0.0167, 0.0333, 0.05, 0.0667, 0.0833, 0.1, 0.1167, 0.1333, 0.15, 0.1667, 0.1833, 0.2, 0.2167, 0.2333, 0.25, 0.2667, 0.2833, 0.3, 0.3167, 0.3333, 0.35, 0.3667, 0.3833, 0.4, 0.4167, 0.4333, 0.45, 0.4667, 0.4833, 0.5, 0.5167, 0.5333, 0.55, 0.5667, 0.5833, 0.6, 0.6167, 0.6333, 0.65, 0.6667, 0.6833, 0.7, 0.7167, 0.7333, 0.75, 0.7667, 0.7833, 0.8, 0.8167, 0.8333, 0.85, 0.8667, 0.8833, 0.9, 0.9167, 0.9333, 0.95, 0.9667, 0.9833, 1.0, 1.0167, 1.0333, 1.05, 1.0667, 1.0833, 1.1, 1.1167, 1.1333, 1.15, 1.1667, 1.1833, 1.2, 1.2167, 1.2333, 1.25, 1.2667, 1.2833, 1.3, 1.3167, 1.3333, 1.35, 1.3667, 1.3833, 1.4, 1.4167, 1.4333, 1.45, 1.4667, 1.4833, 1.5, 1.5167, 1.5333, 1.55, 1.5667, 1.5833, 1.6, 1.6167, 1.6333, 1.65, 1.6667, 1.6833, 1.7, 1.7167, 1.7333, 1.75, 1.7667, 1.7833, 1.8, 1.8167, 1.8333, 1.85, 1.8667, 1.8833, 1.9, 1.9167, 1.9333, 1.95, 1.9667, 1.9833, 2.0, 2.0167, 2.0333, 2.05, 2.0667, 2.0833, 2.1, 2.1167, 2.1333, 2.15, 2.1667, 2.1833, 2.2, 2.2167, 2.2333, 2.25, 2.2667, 2.2833, 2.3, 2.3167, 2.3333, 2.35, 2.3667, 2.3833, 2.4, 2.4167, 2.4333, 2.45, 2.4667, 2.4833, 2.5],
            "transform": [
                [1.0, 0.0, 0.0, 0.0, 0.0, 0.997172, -0.07515, 0.546315, 0.0, 0.07515, 0.997172, 0.0, 0.0, 0.0, 0.0, 1.0],
                [1.0, 0.0, 0.0, 0.0, 0.0, 0.996636, -0.081951, 0.546315, 0.0, 0.081951, 0.996636, 0.0, 0.0, 0.0, 0.0, 1.0],
                [1.0, 0.0, 0.0, 0.0, 0.0, 0.994848, -0.101374, 0.546315, 0.0, 0.101374, 0.994848, 0.0, 0.0, 0.0, 0.0, 1.0],
                [1.0, 0.0, 0.0, 0.0, 0.0, 0.991254, -0.131968, 0.546315, 0.0, 0.131968, 0.991254, -0.0, 0.0, 0.0, 0.0, 1.0],
                [1.0, 0.0, 0.0, 0.0, 0.0, 0.985055, -0.172243, 0.546315, 0.0, 0.172243, 0.985055, 0.0, 0.0, 0.0, 0.0, 1.0],
                [1.0, 0.0, 0.0, 0.0, 0.0, 0.975365, -0.220599, 0.546315, 0.0, 0.220599, 0.975365, -0.0, 0.0, 0.0, 0.0, 1.0],
                [1.0, 0.0, 0.0, 0.0, 0.0, 0.961363, -0.275285, 0.546315, 0.0, 0.275285, 0.961363, -0.0, 0.0, 0.0, 0.0, 1.0],
                [1.0, 0.0, 0.0, 0.0, 0.0, 0.942434, -0.334393, 0.546315, 0.0, 0.334393, 0.942434, 0.0, 0.0, 0.0, 0.0, 1.0],
                [1.0, 0.0, 0.0, 0.0, 0.0, 0.918295, -0.395897, 0.546315, 0.0, 0.395897, 0.918295, 0.0, 0.0, 0.0, 0.0, 1.0],
                [1.0, 0.0, 0.0, 0.0, 0.0, 0.889089, -0.457735, 0.546315, 0.0, 0.457735, 0.889089, 0.0, 0.0, 0.0, 0.0, 1.0],
                [1.0, 0.0, 0.0, 0.0, 0.0, 0.855427, -0.517924, 0.546315, 0.0, 0.517924, 0.855427, -0.0, 0.0, 0.0, 0.0, 1.0],
