{
    "animation": [
        {
            "name": "Root",
            "time": [0.0, 0.0167, 0.0333, 0.05, 0.0667, 0.0833, 0.1, 0.1167, 0.1333, 0.15, 0.1667, 0.1833, 0.2, 0.2167, 0.2333, 0.25, 0.2667, 0.2833, 0.3, 0.3167, 0.3333, 0.35, 0.3667, 0.3833, 0.4, 0.4167, 0.4333, 0.45, 0.4667, 0.4833, 0.5, 0.5167, 0.5333, 0.55, 0.5667, 0.5833, 0.6, 0.6167, 0.6333, 0.65, 0.6667, 0.6833, 0.7, 0.7167, 0.7333, 0.75, 0.7667, 0.7833, 0.8, 0.8167, 0.8333, 0.85, 0.8667, 0.8833, 0.9, 0.9167, 0.9333, 0.95, 0.9667, 0.9833, 1.0, 1.0167, 1.0333, 1.05, 1.0667, 1.0833, 1.1, 1.1167, 1.1333, 1.15, 1.1667, 1.1833, 1.2, 1.2167, 1.2333, 1.25, 1.2667, 1.2833, 1.3, 1.3167, 1.3333, 1.35, 1.3667, 1.3833, 1.4, 1.4167, 1.4333, 1.45, 1.4667, 1.4833, 1.5, 1.5167, 1.5333, 1.55, 1.5667, 1.5833, 1.6, 1.6167, 1.6333, 1.65, 1.6667, 1.6833, 1.7, 1.7167, 1.7333, 1.75, 1.7667, 1.7833, 1.8, 1.8167, 1.8333, 1.85, 1.8667, 1.8833, 1.9, 1.9167, 1.9333, 1.95, 1.9667, 1.9833, 2.0, 2.0167, 2.0333, 2.05, 2.0667, 2.0833, 2.1, 2.1167, 2.1333, 2.15, 2.1667, 2.1833, 2.2, 2.2167, 2.2333, 2.25, 2.2667, 2.2833, 2.3, 2.3167, 2.3333, 2.35, 2.3667, 2.3833, 2.4, 2.4167, 2.4333, 2.45, 2.4667, 2.4833, 2.5],
            "transform": [
                [0.970826, -0.119358, 0.207966, 0.0, 0.202991, -0.052568, -0.977769, 0.0, 0.127637, 0.991459, -0.026806, 0.580312, 0.0, 0.0, 0.0, 1.0],
                [0.970753, -0.118417, 0.208847, 0.0, 0.203877, -0.05277, -0.977573, 0.00043, 0.126782, 0.991561, -0.027084, 0.58071, 0.0, 0.0, 0.0, 1.0],
                [0.970529, -0.11568, 0.211403, 0.0, 0.206453, -0.053353, -0.977001, 0.001678, 0.124298, 0.991853, -0.027898, 0.581864, 0.0, 0.0, 0.0, 1.0],
                [0.970142, -0.111276, 0.215503, 0.0, 0.210593, -0.054273, -0.976066, 0.003678, 0.120309, 0.992306, -0.029219, 0.583719, 0.0, 0.0, 0.0, 1.0],
                [0.969566, -0.105333, 0.221012, 0.0, 0.216172, -0.055484, -0.974777, 0.006366, 0.114939, 0.992888, -0.031025, 0.586217, 0.0, 0.0, 0.0, 1.0],
                [0.968767, -0.097976, 0.227795, 0.0, 0.223065, -0.056933, -0.97314, 0.009677, 0.108314, 0.993559, -0.0333, 0.589301, 0.0, 0.0, 0.0, 1.0],
                [0.967709, -0.089331, 0.235712, 0.0, 0.231145, -0.058565, -0.971155, 0.013546, 0.100559, 0.994279, -0.036026, 0.592913, 0.0, 0.0, 0.0, 1.0],
                [0.966351, -0.079523, 0.244625, 0.0, 0.240287, -0.060325, -0.968826, 0.01791, 0.091801, 0.995006, -0.039186, 0.596998, 0.0, 0.0, 0.0, 1.0],
                [0.964659, -0.068683, 0.254391, 0.0, 0.25036, -0.062157, -0.966155, 0.022703, 0.082171, 0.9957, -0.042765, 0.601498, 0.0, 0.0, 0.0, 1.0],
                [0.962601, -0.056941, 0.264871, 0.0, 0.261235, -0.064009, -0.963151, 0.02786, 0.071797, 0.996324, -0.04674, 0.606357, 0.0, 0.0, 0.0, 1.0],
                [0.960153, -0.044432, 0.275922, 0.0, 0.27278, -0.065832, -0.959821, 0.033317, 0.060811, 0.996841, -0.051089, 0.611516, 0.0, 0.0, 0.0, 1.0],
                [0.957298, -0.031293, 0.287405, 0.0, 0.284861, -0.06758, -0.956184, 0.03901, 0.049344, 0.997223, -0.055781, 0.61692, 0.0, 0.0, 0.0, 1.0],
                [0.954033, -0.017664, 0.299181, 0.0, 0.297344, -0.069215, -0.952258, 0.044872, 0.037528, 0.997445, -0.060782, 0.622511, 0.0, 0.0, 0.0, 1.0],
                [0.950365, -0.003688, 0.311116, 0.0, 0.310092, -0.070704, -0.948074, 0.050841, 0.025494, 0.997491, -0.066051, 0.628232, 0.0, 0.0, 0.0, 1.0],
                [0.946314, 0.010489, 0.323078, 0.0, 0.322971, -0.07202, -0.943664, 0.056851, 0.01337, 0.997348, -0.071541, 0.634026, 0.0, 0.0, 0.0, 1.0],
                [0.941916, 0.024721, 0.334939, 0.0, 0.335847, -0.073146, -0.939072, 0.062837, 0.001285, 0.997015, -0.0772, 0.639837, 0.0, 0.0, 0.0, 1.0],
                [0.937216, 0.03886, 0.346577, 0.0, 0.348587, -0.074072, -0.934345, 0.068735, -0.010637, 0.996495, -0.082967, 0.645607, 0.0, 0.0, 0.0, 1.0],
                [0.932277, 0.05276, 0.357877, 0.0, 0.361059, -0.074794, -0.929539, 0.074481, -0.022276, 0.995802, -0.088778, 0.651279, 0.0, 0.0, 0.0, 1.0],
                [0.927171, 0.066274, 0.368729, 0.0, 0.373136, -0.075317, -0.924715, 0.080008, -0.033513, 0.994955, -0.094561, 0.656797, 0.0, 0.0, 0.0, 1.0],
                [0.921984, 0.079256, 0.37903, 0.0, 0.384693, -0.075654, -0.919939, 0.085254, -0.044235, 0.993979, -0.100241, 0.662103, 0.0, 0.0, 0.0, 1.0],
                [0.916811, 0.091564, 0.388683, 0.0, 0.395609, -0.075823, -0.915284, 0.090152, -0.054336, 0.992908, -0.105739, 0.66714, 0.0, 0.0, 0.0, 1.0],
                [0.911754, 0.103056, 0.397597, 0.0, 0.405765, -0.075848, -0.910825, 0.094639, -0.063709, 0.991779, -0.110972, 0.671852, 0.0, 0.0, 0.0, 1.0],
                [0.906926, 0.113595, 0.405687, 0.0, 0.415048, -0.075759, -0.90664, 0.09865, -0.072255, 0.990635, -0.115855, 0.676181, 0.0, 0.0, 0.0, 1.0],
                [0.90244, 0.123045, 0.412871, 0.0, 0.423346, -0.075587, -0.902809, 0.10212, -0.079878, 0.989518, -0.120303, 0.680071, 0.0, 0.0, 0.0, 1.0],
                [0.898413, 0.131271, 0.419072, 0.0, 0.430551, -0.075366, -0.899414, 0.104984, -0.086484, 0.988477, -0.124229, 0.683464, 0.0, 0.0, 0.0, 1.0],
                [0.894964, 0.138143, 0.424213, 0.0, 0.436555, -0.075131, -0.896535, 0.107178, -0.091979, 0.987558, -0.127546, 0.686304, 0.0, 0.0, 0.0, 1.0],
                [0.892119, 0.143694, 0.428341, 0.0, 0.441396, -0.074906, -0.89418, 0.108745, -0.096403, 0.986783, -0.130251, 0.688602, 0.0, 0.0, 0.0, 1.0],
                [0.889807, 0.148133, 0.431626, 0.0, 0.445261, -0.074705, -0.892279, 0.110154, -0.099931, 0.986142, -0.132431, 0.690442, 0.0, 0.0, 0.0, 1.0],
                [0.887985, 0.151586, 0.43417, 0.0, 0.448264, -0.074535, -0.890788, 0.111986, -0.10267, 0.98563, -0.134137, 0.691875, 0.0, 0.0, 0.0, 1.0],
                [0.886605, 0.154178, 0.436075, 0.0, 0.450517, -0.0744, -0.889663, 0.114818, -0.104722, 0.985238, -0.135423, 0.692952, 0.0, 0.0, 0.0, 1.0],
                [0.885609, 0.156034, 0.437435, 0.0, 0.452128, -0.074299, -0.888853, 0.119228, -0.106191, 0.984953, -0.136347, 0.693723, 0.0, 0.0, 0.0, 1.0],
                [0.884939, 0.157278, 0.438346, 0.0, 0.453208, -0.074229, -0.888309, 0.125796, -0.107173, 0.984761, -0.136968, 0.69424, 0.0, 0.0, 0.0, 1.0],
                [0.884531, 0.158032, 0.438897, 0.0, 0.453862, -0.074186, -0.887979, 0.135099, -0.107769, 0.984643, -0.137345, 0.694554, 0.0, 0.0, 0.0, 1.0],
                [0.884321, 0.158419, 0.43918, 0.0, 0.454198, -0.074164, -0.887809, 0.147716, -0.108074, 0.984583, -0.137538, 0.694715, 0.0, 0.0, 0.0, 1.0],
                [0.884244, 0.158562, 0.439284, 0.0, 0.454321, -0.074156, -0.887746, 0.164225, -0.108187, 0.98456, -0.13761, 0.694775, 0.0, 0.0, 0.0, 1.0],
                [0.884233, 0.158582, 0.439299, 0.0, 0.454339, -0.074155, -0.887737, 0.185204, -0.108203, 0.984557, -0.13762, 0.694783, 0.0, 0.0, 0.0, 1.0],
                [0.898596, 0.155004, 0.410486, -0.013278, 0.424626, -0.071528, -0.902539, 0.215315, -0.110536, 0.985321, -0.130094, 0.694783, 0.0, 0.0, 0.0, 1.0],
                [0.932655, 0.145054, 0.330323, -0.044942, 0.341766, -0.062002, -0.937738, 0.260473, -0.115542, 0.987479, -0.107401, 0.694783, 0.0, 0.0, 0.0, 1.0],
                [0.96939, 0.130801, 0.207785, -0.082735, 0.214882, -0.04255, -0.975713, 0.323138, -0.118783, 0.990495, -0.069354, 0.694783, 0.0, 0.0, 0.0, 1.0],
                [0.991694, 0.115653, 0.056287, -0.114398, 0.057877, -0.010432, -0.998269, 0.405773, -0.114866, 0.993235, -0.017039, 0.694783, 0.0, 0.0, 0.0, 1.0],
                [0.989145, 0.103709, -0.104097, -0.127677, -0.108281, 0.035547, -0.993485, 0.510837, -0.099333, 0.993972, 0.046391, 0.694783, 0.0, 0.0, 0.0, 1.0],
                [0.963625, 0.098295, -0.248526, -0.094575, -0.257406, 0.09118, -0.961992, 0.633568, -0.071899, 0.990971, 0.113165, 0.694783, 0.0, 0.0, 0.0, 1.0],
                [0.931639, 0.098887, -0.349672, -0.033101, -0.360849, 0.138249, -0.922321, 0.740307, -0.042863, 0.985448, 0.164481, 0.694783, 0.0, 0.0, 0.0, 1.0],
                [0.916582, 0.09936, -0.387304, 0.0, -0.398823, 0.157948, -0.903323, 0.790169, -0.02858, 0.982436, 0.1844, 0.694783, 0.0, 0.0, 0.0, 1.0],
                [0.916775, 0.097781, -0.387251, -1e-06, -0.398486, 0.158189, -0.90343, 0.797095, -0.02708, 0.982555, 0.183988, 0.694784, 0.0, 0.0, 0.0, 1.0],
                [0.916924, 0.096565, -0.387202, -6e-06, -0.398219, 0.158371, -0.903515, 0.802431, -0.025927, 0.982646, 0.183669, 0.694788, 0.0, 0.0, 0.0, 1.0],
                [0.91704, 0.095661, -0.387152, -2e-05, -0.398006, 0.158501, -0.903587, 0.806393, -0.025074, 0.982714, 0.183425, 0.6948, 0.0, 0.0, 0.0, 1.0],
                [0.917133, 0.095015, -0.387091, -4.7e-05, -0.39783, 0.158582, -0.90365, 0.809201, -0.024475, 0.982763, 0.18324, 0.694824, 0.0, 0.0, 0.0, 1.0],
                [0.917211, 0.094579, -0.387012, -9.2e-05, -0.397673, 0.15862, -0.903712, 0.811072, -0.024084, 0.982799, 0.183099, 0.694862, 0.0, 0.0, 0.0, 1.0],
                [0.917284, 0.0943, -0.386908, -0.000159, -0.397518, 0.158621, -0.90378, 0.812224, -0.023855, 0.982826, 0.182986, 0.69492, 0.0, 0.0, 0.0, 1.0],
                [0.91736, 0.094128, -0.386769, -0.000252, -0.39735, 0.158588, -0.90386, 0.812877, -0.023742, 0.982848, 0.182884, 0.695001, 0.0, 0.0, 0.0, 1.0],
                [0.917448, 0.094013, -0.386588, -0.000377, -0.397149, 0.158528, -0.903959, 0.813247, -0.023698, 0.982868, 0.182779, 0.695108, 0.0, 0.0, 0.0, 1.0],
                [0.917557, 0.093903, -0.386358, -0.000536, -0.3969, 0.158445, -0.904083, 0.813554, -0.023679, 0.982892, 0.182653, 0.695246, 0.0, 0.0, 0.0, 1.0],
                [0.917725, 0.093744, -0.385996, -0.000787, -0.39651, 0.158313, -0.904277, 0.813979, -0.023662, 0.982929, 0.182458, 0.695463, 0.0, 0.0, 0.0, 1.0],
                [0.917987, 0.093514, -0.385428, -0.00118, -0.395904, 0.158102, -0.904579, 0.814556, -0.023654, 0.982985, 0.182158, 0.695802, 0.0, 0.0, 0.0, 1.0],
                [0.918339, 0.093216, -0.38466, -0.001713, -0.395086, 0.157814, -0.904987, 0.81528, -0.023655, 0.983059, 0.181755, 0.696262, 0.0, 0.0, 0.0, 1.0],
                [0.91878, 0.092852, -0.383695, -0.002381, -0.39406, 0.15745, -0.905498, 0.81615, -0.023664, 0.983152, 0.181251, 0.696839, 0.0, 0.0, 0.0, 1.0],
                [0.919306, 0.092422, -0.382537, -0.003183, -0.392831, 0.157013, -0.906108, 0.817161, -0.023681, 0.983262, 0.180649, 0.697532, 0.0, 0.0, 0.0, 1.0],
                [0.919915, 0.091929, -0.38119, -0.004115, -0.391401, 0.156502, -0.906814, 0.818311, -0.023706, 0.98339, 0.17995, 0.698337, 0.0, 0.0, 0.0, 1.0],
                [0.920604, 0.091375, -0.379657, -0.005175, -0.389776, 0.15592, -0.907614, 0.819597, -0.023737, 0.983534, 0.179157, 0.699252, 0.0, 0.0, 0.0, 1.0],
                [0.92137, 0.090761, -0.377942, -0.006358, -0.387959, 0.155268, -0.908504, 0.821014, -0.023774, 0.983694, 0.178271, 0.700274, 0.0, 0.0, 0.0, 1.0],
                [0.92221, 0.090089, -0.376049, -0.007663, -0.385955, 0.154547, -0.90948, 0.82256, -0.023817, 0.983869, 0.177295, 0.701401, 0.0, 0.0, 0.0, 1.0],
                [0.923122, 0.089361, -0.37398, -0.009087, -0.383767, 0.153758, -0.910539, 0.824233, -0.023864, 0.98406, 0.176231, 0.70263, 0.0, 0.0, 0.0, 1.0],
                [0.924101, 0.088578, -0.371741, -0.010625, -0.3814, 0.152902, -0.911677, 0.826027, -0.023915, 0.984264, 0.175081, 0.703959, 0.0, 0.0, 0.0, 1.0],
                [0.925145, 0.087744, -0.369334, -0.012276, -0.378856, 0.15198, -0.912891, 0.82794, -0.023969, 0.984481, 0.173846, 0.705384, 0.0, 0.0, 0.0, 1.0],
                [0.926251, 0.086858, -0.366763, -0.014036, -0.376141, 0.150995, -0.914176, 0.82997, -0.024025, 0.984711, 0.17253, 0.706904, 0.0, 0.0, 0.0, 1.0],
                [0.927415, 0.085925, -0.364031, -0.015902, -0.373258, 0.149945, -0.91553, 0.832112, -0.024082, 0.984953, 0.171134, 0.708516, 0.0, 0.0, 0.0, 1.0],
                [0.928634, 0.084944, -0.361141, -0.017871, -0.370211, 0.148834, -0.916947, 0.834364, -0.02414, 0.985207, 0.16966, 0.710217, 0.0, 0.0, 0.0, 1.0],
                [0.929905, 0.08392, -0.358098, -0.019941, -0.367003, 0.147662, -0.918425, 0.836722, -0.024197, 0.985471, 0.16811, 0.712004, 0.0, 0.0, 0.0, 1.0],
                [0.931224, 0.082852, -0.354905, -0.022108, -0.363639, 0.146429, -0.919959, 0.839183, -0.024252, 0.985745, 0.166487, 0.713875, 0.0, 0.0, 0.0, 1.0],
                [0.932588, 0.081744, -0.351564, -0.024369, -0.360123, 0.145138, -0.921546, 0.841743, -0.024305, 0.986029, 0.164792, 0.715828, 0.0, 0.0, 0.0, 1.0],
                [0.933994, 0.080597, -0.34808, -0.026721, -0.356458, 0.143789, -0.923181, 0.844401, -0.024355, 0.986321, 0.163028, 0.717859, 0.0, 0.0, 0.0, 1.0],
                [0.935438, 0.079413, -0.344456, -0.029162, -0.352649, 0.142384, -0.92486, 0.847152, -0.024401, 0.986621, 0.161196, 0.719967, 0.0, 0.0, 0.0, 1.0],
                [0.936916, 0.078195, -0.340696, -0.031688, -0.348699, 0.140923, -0.92658, 0.849992, -0.024442, 0.986928, 0.159299, 0.722148, 0.0, 0.0, 0.0, 1.0],
                [0.938426, 0.076944, -0.336803, -0.034296, -0.344612, 0.139407, -0.928336, 0.85292, -0.024477, 0.987241, 0.157339, 0.724401, 0.0, 0.0, 0.0, 1.0],
                [0.939964, 0.075662, -0.332781, -0.036983, -0.340393, 0.137839, -0.930125, 0.855931, -0.024505, 0.98756, 0.155319, 0.726721, 0.0, 0.0, 0.0, 1.0],
                [0.941526, 0.074352, -0.328634, -0.039747, -0.336046, 0.136219, -0.931943, 0.859023, -0.024526, 0.987885, 0.15324, 0.729108, 0.0, 0.0, 0.0, 1.0],
                [0.94311, 0.073015, -0.324364, -0.042584, -0.331574, 0.134548, -0.933786, 0.862192, -0.024538, 0.988213, 0.151104, 0.731558, 0.0, 0.0, 0.0, 1.0],
                [0.944712, 0.071653, -0.319977, -0.045491, -0.326982, 0.132828, -0.935649, 0.865435, -0.02454, 0.988546, 0.148913, 0.734068, 0.0, 0.0, 0.0, 1.0],
                [0.946328, 0.070268, -0.315476, -0.048465, -0.322274, 0.13106, -0.93753, 0.868749, -0.024533, 0.988881, 0.146671, 0.736637, 0.0, 0.0, 0.0, 1.0],
                [0.947957, 0.068863, -0.310864, -0.051503, -0.317455, 0.129245, -0.939424, 0.87213, -0.024514, 0.989219, 0.144379, 0.73926, 0.0, 0.0, 0.0, 1.0],
                [0.949593, 0.067439, -0.306146, -0.054603, -0.312528, 0.127384, -0.941329, 0.875575, -0.024484, 0.989558, 0.14204, 0.741937, 0.0, 0.0, 0.0, 1.0],
                [0.951235, 0.065998, -0.301326, -0.057761, -0.307499, 0.12548, -0.943239, 0.879082, -0.024441, 0.989899, 0.139655, 0.744664, 0.0, 0.0, 0.0, 1.0],
                [0.952878, 0.064541, -0.296407, -0.060974, -0.302371, 0.123532, -0.945152, 0.882646, -0.024385, 0.990239, 0.137227, 0.747439, 0.0, 0.0, 0.0, 1.0],
                [0.954522, 0.063072, -0.291394, -0.064239, -0.297149, 0.121544, -0.947064, 0.886265, -0.024316, 0.99058, 0.134758, 0.750259, 0.0, 0.0, 0.0, 1.0],
                [0.956161, 0.061592, -0.286291, -0.067553, -0.291837, 0.119516, -0.948971, 0.889935, -0.024232, 0.99092, 0.132251, 0.753121, 0.0, 0.0, 0.0, 1.0],
                [0.957794, 0.060102, -0.281103, -0.070914, -0.286441, 0.11745, -0.950872, 0.893654, -0.024134, 0.991259, 0.129708, 0.756024, 0.0, 0.0, 0.0, 1.0],
                [0.959417, 0.058604, -0.275833, -0.074318, -0.280965, 0.115347, -0.952761, 0.897417, -0.02402, 0.991595, 0.127131, 0.758963, 0.0, 0.0, 0.0, 1.0],
                [0.961029, 0.057101, -0.270487, -0.077762, -0.275414, 0.113209, -0.954637, 0.901222, -0.02389, 0.991929, 0.124523, 0.761937, 0.0, 0.0, 0.0, 1.0],
                [0.962626, 0.055594, -0.265067, -0.081243, -0.269792, 0.111037, -0.956495, 0.905065, -0.023743, 0.99226, 0.121886, 0.764944, 0.0, 0.0, 0.0, 1.0],
                [0.964206, 0.054085, -0.25958, -0.084759, -0.264104, 0.108834, -0.958334, 0.908944, -0.02358, 0.992587, 0.119223, 0.76798, 0.0, 0.0, 0.0, 1.0],
                [0.965766, 0.052576, -0.25403, -0.088306, -0.258356, 0.106601, -0.96015, 0.912854, -0.023401, 0.992911, 0.116535, 0.771043, 0.0, 0.0, 0.0, 1.0],
                [0.967305, 0.051067, -0.24842, -0.09188, -0.252551, 0.10434, -0.961941, 0.916794, -0.023203, 0.99323, 0.113826, 0.77413, 0.0, 0.0, 0.0, 1.0],
                [0.96882, 0.049562, -0.242757, -0.095481, -0.246696, 0.102053, -0.963704, 0.920758, -0.022989, 0.993544, 0.111097, 0.777239, 0.0, 0.0, 0.0, 1.0],
                [0.970309, 0.04806, -0.237045, -0.099103, -0.240795, 0.099741, -0.965437, 0.924745, -0.022756, 0.993852, 0.108352, 0.780367, 0.0, 0.0, 0.0, 1.0],
                [0.97177, 0.046565, -0.231289, -0.102744, -0.234854, 0.097406, -0.967138, 0.928752, -0.022506, 0.994155, 0.105592, 0.783512, 0.0, 0.0, 0.0, 1.0],
                [0.973201, 0.045078, -0.225493, -0.106402, -0.228876, 0.095051, -0.968804, 0.932774, -0.022238, 0.994451, 0.102821, 0.78667, 0.0, 0.0, 0.0, 1.0],
                [0.974601, 0.043599, -0.219662, -0.110073, -0.222869, 0.092677, -0.970433, 0.936808, -0.021953, 0.994741, 0.10004, 0.78984, 0.0, 0.0, 0.0, 1.0],
                [0.975968, 0.042131, -0.213803, -0.113754, -0.216836, 0.090286, -0.972024, 0.940852, -0.021649, 0.995024, 0.097251, 0.793019, 0.0, 0.0, 0.0, 1.0],
                [0.9773, 0.040675, -0.207919, -0.117442, -0.210784, 0.08788, -0.973575, 0.944902, -0.021328, 0.9953, 0.094459, 0.796204, 0.0, 0.0, 0.0, 1.0],
                [0.978596, 0.039232, -0.202016, -0.121134, -0.204717, 0.085462, -0.975083, 0.948955, -0.020989, 0.995569, 0.091664, 0.799393, 0.0, 0.0, 0.0, 1.0],
                [0.979855, 0.037803, -0.196099, -0.124828, -0.19864, 0.083033, -0.976549, 0.953008, -0.020634, 0.99583, 0.08887, 0.802583, 0.0, 0.0, 0.0, 1.0],
                [0.981076, 0.03639, -0.190173, -0.12852, -0.19256, 0.080596, -0.97797, 0.957057, -0.020261, 0.996082, 0.086078, 0.805771, 0.0, 0.0, 0.0, 1.0],
                [0.982257, 0.034994, -0.184243, -0.132206, -0.186481, 0.078153, -0.979345, 0.961099, -0.019872, 0.996327, 0.083292, 0.808955, 0.0, 0.0, 0.0, 1.0],
                [0.983399, 0.033616, -0.178316, -0.135886, -0.18041, 0.075706, -0.980674, 0.965132, -0.019467, 0.996563, 0.080514, 0.812132, 0.0, 0.0, 0.0, 1.0],
                [0.9845, 0.032257, -0.172395, -0.139554, -0.17435, 0.073257, -0.981955, 0.969151, -0.019046, 0.996791, 0.077746, 0.8153, 0.0, 0.0, 0.0, 1.0],
                [0.985559, 0.030918, -0.166487, -0.143208, -0.168308, 0.070809, -0.983188, 0.973153, -0.01861, 0.997011, 0.07499, 0.818456, 0.0, 0.0, 0.0, 1.0],
                [0.986576, 0.029601, -0.160597, -0.146846, -0.16229, 0.068363, -0.984372, 0.977136, -0.018159, 0.997221, 0.072249, 0.821597, 0.0, 0.0, 0.0, 1.0],
                [0.987551, 0.028306, -0.15473, -0.150464, -0.1563, 0.065923, -0.985507, 0.981096, -0.017695, 0.997423, 0.069526, 0.824721, 0.0, 0.0, 0.0, 1.0],
                [0.988484, 0.027033, -0.148892, -0.154058, -0.150343, 0.06349, -0.986593, 0.98503, -0.017218, 0.997616, 0.066823, 0.827826, 0.0, 0.0, 0.0, 1.0],
                [0.989374, 0.025784, -0.143088, -0.157628, -0.144427, 0.061067, -0.987629, 0.988934, -0.016728, 0.997801, 0.064142, 0.830908, 0.0, 0.0, 0.0, 1.0],
                [0.990222, 0.02456, -0.137323, -0.161168, -0.138555, 0.058656, -0.988616, 0.992806, -0.016226, 0.997976, 0.061485, 0.833965, 0.0, 0.0, 0.0, 1.0],
                [0.991027, 0.023362, -0.131603, -0.164676, -0.132733, 0.056259, -0.989554, 0.996642, -0.015714, 0.998143, 0.058855, 0.836995, 0.0, 0.0, 0.0, 1.0],
                [0.991791, 0.022189, -0.125933, -0.16815, -0.126968, 0.05388, -0.990442, 1.000439, -0.015192, 0.998301, 0.056255, 0.839995, 0.0, 0.0, 0.0, 1.0],
                [0.992512, 0.021043, -0.12032, -0.171585, -0.121263, 0.05152, -0.991283, 1.004194, -0.014661, 0.99845, 0.053686, 0.842962, 0.0, 0.0, 0.0, 1.0],
                [0.993193, 0.019924, -0.114767, -0.17498, -0.115624, 0.049182, -0.992075, 1.007903, -0.014122, 0.998591, 0.051151, 0.845894, 0.0, 0.0, 0.0, 1.0],
                [0.993832, 0.018833, -0.109281, -0.178331, -0.110058, 0.046868, -0.99282, 1.011563, -0.013576, 0.998724, 0.048651, 0.848787, 0.0, 0.0, 0.0, 1.0],
                [0.994432, 0.01777, -0.103867, -0.181635, -0.104569, 0.04458, -0.993518, 1.015171, -0.013024, 0.998848, 0.04619, 0.851641, 0.0, 0.0, 0.0, 1.0],
                [0.994993, 0.016736, -0.098531, -0.18489, -0.099162, 0.042322, -0.994171, 1.018724, -0.012468, 0.998964, 0.04377, 0.854451, 0.0, 0.0, 0.0, 1.0],
                [0.995516, 0.015731, -0.093278, -0.188091, -0.093842, 0.040096, -0.994779, 1.022219, -0.011909, 0.999072, 0.041392, 0.857216, 0.0, 0.0, 0.0, 1.0],
                [0.996001, 0.014755, -0.088113, -0.191237, -0.088616, 0.037904, -0.995344, 1.025651, -0.011347, 0.999172, 0.03906, 0.859932, 0.0, 0.0, 0.0, 1.0],
                [0.99645, 0.013809, -0.083042, -0.194323, -0.083488, 0.035748, -0.995867, 1.029019, -0.010784, 0.999265, 0.036774, 0.862598, 0.0, 0.0, 0.0, 1.0],
                [0.996865, 0.012893, -0.078069, -0.197348, -0.078464, 0.033631, -0.99635, 1.032319, -0.010221, 0.999351, 0.034537, 0.86521, 0.0, 0.0, 0.0, 1.0],
                [0.997245, 0.012008, -0.073201, -0.200308, -0.073548, 0.031555, -0.996792, 1.035548, -0.009659, 0.99943, 0.032352, 0.867766, 0.0, 0.0, 0.0, 1.0],
                [0.997593, 0.011153, -0.068443, -0.2032, -0.068746, 0.029524, -0.997197, 1.038702, -0.009101, 0.999502, 0.03022, 0.870264, 0.0, 0.0, 0.0, 1.0],
                [0.997909, 0.010329, -0.063799, -0.206022, -0.064062, 0.027539, -0.997566, 1.041777, -0.008546, 0.999567, 0.028143, 0.8727, 0.0, 0.0, 0.0, 1.0],
                [0.998196, 0.009535, -0.059276, -0.208769, -0.059503, 0.025603, -0.9979, 1.044772, -0.007997, 0.999627, 0.026124, 0.875073, 0.0, 0.0, 0.0, 1.0],
                [0.998454, 0.008773, -0.054878, -0.21144, -0.055072, 0.023718, -0.998201, 1.047683, -0.007455, 0.99968, 0.024164, 0.877379, 0.0, 0.0, 0.0, 1.0],
                [0.998686, 0.008041, -0.05061, -0.21403, -0.050776, 0.021886, -0.99847, 1.050506, -0.006921, 0.999728, 0.022266, 0.879616, 0.0, 0.0, 0.0, 1.0],
                [0.998892, 0.007341, -0.046479, -0.216538, -0.046618, 0.020111, -0.99871, 1.053239, -0.006397, 0.999771, 0.020431, 0.881782, 0.0, 0.0, 0.0, 1.0],
                [0.999075, 0.006672, -0.042488, -0.21896, -0.042604, 0.018395, -0.998923, 1.055877, -0.005883, 0.999809, 0.018662, 0.883874, 0.0, 0.0, 0.0, 1.0],
                [0.999235, 0.006035, -0.038643, -0.221293, -0.038739, 0.016739, -0.999109, 1.058418, -0.005382, 0.999842, 0.01696, 0.885888, 0.0, 0.0, 0.0, 1.0],
                [0.999374, 0.005428, -0.034949, -0.223534, -0.035028, 0.015147, -0.999271, 1.060859, -0.004895, 0.99987, 0.015327, 0.887824, 0.0, 0.0, 0.0, 1.0],
                [0.999495, 0.004854, -0.031412, -0.22568, -0.031475, 0.01362, -0.999412, 1.063196, -0.004423, 0.999895, 0.013766, 0.889677, 0.0, 0.0, 0.0, 1.0],
                [0.999598, 0.004311, -0.028036, -0.227729, -0.028086, 0.012162, -0.999532, 1.065426, -0.003968, 0.999917, 0.012278, 0.891446, 0.0, 0.0, 0.0, 1.0],
                [0.999685, 0.003799, -0.024825, -0.229676, -0.024865, 0.010774, -0.999633, 1.067546, -0.00353, 0.999935, 0.010865, 0.893128, 0.0, 0.0, 0.0, 1.0],
                [0.999757, 0.003319, -0.021787, -0.23152, -0.021817, 0.009459, -0.999717, 1.069552, -0.003112, 0.99995, 0.009529, 0.89472, 0.0, 0.0, 0.0, 1.0],
                [0.999817, 0.00287, -0.018924, -0.233256, -0.018947, 0.00822, -0.999787, 1.071442, -0.002714, 0.999962, 0.008273, 0.89622, 0.0, 0.0, 0.0, 1.0],
                [0.999865, 0.002454, -0.016243, -0.234883, -0.01626, 0.007058, -0.999843, 1.073213, -0.002339, 0.999972, 0.007097, 0.897625, 0.0, 0.0, 0.0, 1.0],
                [0.999903, 0.002069, -0.013748, -0.236397, -0.01376, 0.005976, -0.999887, 1.07486, -0.001987, 0.99998, 0.006004, 0.898932, 0.0, 0.0, 0.0, 1.0],
                [0.999933, 0.001716, -0.011444, -0.237795, -0.011452, 0.004976, -0.999922, 1.07638, -0.001659, 0.999986, 0.004995, 0.90014, 0.0, 0.0, 0.0, 1.0],
                [0.999955, 0.001396, -0.009336, -0.239074, -0.009342, 0.00406, -0.999948, 1.077772, -0.001358, 0.999991, 0.004073, 0.901244, 0.0, 0.0, 0.0, 1.0],
                [0.999972, 0.001107, -0.007429, -0.240232, -0.007433, 0.003232, -0.999967, 1.079031, -0.001083, 0.999994, 0.00324, 0.902244, 0.0, 0.0, 0.0, 1.0],
                [0.999983, 0.000852, -0.005728, -0.241264, -0.00573, 0.002493, -0.99998, 1.080153, -0.000837, 0.999997, 0.002497, 0.903135, 0.0, 0.0, 0.0, 1.0],
                [0.999991, 0.000629, -0.004238, -0.242168, -0.004239, 0.001844, -0.999989, 1.081137, -0.000621, 0.999998, 0.001847, 0.903916, 0.0, 0.0, 0.0, 1.0],
                [0.999996, 0.000439, -0.002964, -0.242942, -0.002964, 0.00129, -0.999995, 1.081977, -0.000435, 0.999999, 0.001291, 0.904584, 0.0, 0.0, 0.0, 1.0],
                [0.999998, 0.000282, -0.00191, -0.243581, -0.00191, 0.000831, -0.999998, 1.082673, -0.000281, 1.0, 0.000832, 0.905136, 0.0, 0.0, 0.0, 1.0],
                [0.999999, 0.00016, -0.001082, -0.244084, -0.001082, 0.000471, -0.999999, 1.083219, -0.000159, 1.0, 0.000471, 0.905571, 0.0, 0.0, 0.0, 1.0],
                [1.0, 7.1e-05, -0.000484, -0.244447, -0.000484, 0.000211, -1.0, 1.083614, -7.1e-05, 1.0, 0.000211, 0.905884, 0.0, 0.0, 0.0, 1.0],
                [1.0, 1.8e-05, -0.000122, -0.244667, -0.000122, 5.3e-05, -1.0, 1.083853, -1.8e-05, 1.0, 5.3e-05, 0.906074, 0.0, 0.0, 0.0, 1.0],
                [1.0, 0.0, -0.0, -0.244741, -0.0, 0.0, -1.0, 1.083933, 0.0, 1.0, 0.0, 0.906138, 0.0, 0.0, 0.0, 1.0]
            ]
        },
        {
            "name": "body",
            "time": [0.0, 0.0167, 0.0333, 0.05, 0.0667, 0.0833, 0.1, 0.1167, 0.1333, 0.15, 0.1667, 0.1833, 0.2, 0.2167, 0.2333, 0.25, 0.2667, 0.2833, 0.3, 0.3167, 0.3333, 0.35, 0.3667, 0.3833, 0.4, 0.4167, 0.4333, 0.45, 0.4667, 0.4833, 0.5, 0.5167, 0.5333, 0.55, 0.5667, 0.5833, 0.6, 0.6167, 0.6333, 0.65, 0.6667, 0.6833, 0.7, 0.7167, 0.7333, 0.75, 0.7667, 0.7833, 0.8, 0.8167, 0.8333, 0.85, 0.8667, 0.8833, 0.9, 0.9167, 0.9333, 0.95, 0.9667, 0.9833, 1.0, 1.0167, 1.0333, 1.05, 1.0667, 1.0833, 1.1, 1.1167, 1.1333, 1.15, 1.1667, 1.1833, 1.2, 1.2167, 1.2333, 1.25, 1.2667, 1.2833, 1.3, 1.3167, 1.3333, 1.35, 1.3667, 1.3833, 1.4, 1.4167, 1.4333, 1.45, 1.4667, 1.4833, 1.5, 1.5167, 1.5333, 1.55, 1.5667, 1.5833, 1.6, 1.6167, 1.6333, 1.65, 1.6667, 1.6833, 1.7, 1.7167, 1.7333, 1.75, 1.7667, 1.7833, 1.8, 1.8167, 1.8333, 1.85, 1.8667, 1.8833, 1.9, 1.9167, 1.9333, 1.95, 1.9667, 1.9833, 2.0, 2.0167, 2.0333, 2.05, 2.0667, 2.0833, 2.1, 2.1167, 2.1333, 2.15, 2.1667, 2.1833, 2.2, 2.2167, 2.2333, 2.25, 2.2667, 2.2833, 2.3, 2.3167, 2.3333, 2.35, 2.3667, 2.3833, 2.4, 2.4167, 2.4333, 2.45, 2.4667, 2.4833, 2.5],
            "transform": [
                [0.932348, -0.115856, 0.342498, -0.0, 0.024157, 0.965116, 0.260707, 0.084155, -0.360754, -0.234796, 0.902622, 0.0, 0.0, 0.0, 0.0, 1.0],
                [0.932218, -0.115338, 0.343025, -0.0, 0.024015, 0.96548, 0.259366, 0.084155, -0.361099, -0.233548, 0.902808, -0.0, 0.0, 0.0, 0.0, 1.0],
                [0.93184, -0.113821, 0.344555, -0.0, 0.023597, 0.96653, 0.255468, 0.084155, -0.3621, -0.229924, 0.903337, -0.0, 0.0, 0.0, 0.0, 1.0],
                [0.93123, -0.111355, 0.347002, 0.0, 0.02292, 0.968184, 0.249188, 0.084155, -0.363711, -0.224098, 0.904154, 0.0, 0.0, 0.0, 0.0, 1.0],
                [0.930401, -0.107985, 0.350276, -0.0, 0.022003, 0.97035, 0.240702, 0.084155, -0.365883, -0.216242, 0.90519, -0.0, 0.0, 0.0, 0.0, 1.0],
                [0.929365, -0.103751, 0.354282, 0.0, 0.020868, 0.972925, 0.230178, 0.084155, -0.368571, -0.206527, 0.906367, 0.0, 0.0, 0.0, 0.0, 1.0],
                [0.928135, -0.098693, 0.358923, 0.0, 0.019539, 0.9758, 0.217789, 0.084155, -0.371731, -0.195124, 0.907603, 0.0, 0.0, 0.0, 0.0, 1.0],
                [0.926721, -0.09285, 0.364097, 0.0, 0.018041, 0.978866, 0.203705, 0.084155, -0.375316, -0.182209, 0.908811, 0.0, 0.0, 0.0, 0.0, 1.0],
                [0.925136, -0.086264, 0.369705, -0.0, 0.016397, 0.982013, 0.188103, 0.084155, -0.379282, -0.167958, 0.90991, -0.0, 0.0, 0.0, 0.0, 1.0],
                [0.923392, -0.078981, 0.375646, 0.0, 0.014631, 0.985134, 0.171162, 0.084155, -0.38358, -0.152553, 0.91082, -0.0, 0.0, 0.0, 0.0, 1.0],
                [0.921501, -0.071049, 0.38182, -0.0, 0.012763, 0.988133, 0.153068, 0.084155, -0.388165, -0.136179, 0.911473, -0.0, 0.0, 0.0, 0.0, 1.0],
                [0.91948, -0.062524, 0.388132, -0.0, 0.010812, 0.990921, 0.134013, 0.084155, -0.392987, -0.119026, 0.911808, 0.0, 0.0, 0.0, 0.0, 1.0],
                [0.917344, -0.053466, 0.394489, -0.0, 0.008793, 0.99342, 0.114194, 0.084155, -0.397998, -0.101287, 0.911778, -0.0, 0.0, 0.0, 0.0, 1.0],
                [0.91511, -0.043943, 0.400802, -0.0, 0.006717, 0.995567, 0.093815, 0.084155, -0.403148, -0.083159, 0.911349, 0.0, 0.0, 0.0, 0.0, 1.0],
                [0.912798, -0.034028, 0.406992, 0.0, 0.004594, 0.997315, 0.073082, 0.084155, -0.408386, -0.064839, 0.910504, -0.0, 0.0, 0.0, 0.0, 1.0],
                [0.910428, -0.023801, 0.412982, 0.0, 0.002425, 0.998633, 0.052206, 0.084155, -0.41366, -0.046528, 0.909242, -0.0, 0.0, 0.0, 0.0, 1.0],
                [0.908024, -0.013345, 0.418706, 0.0, 0.000211, 0.999507, 0.0314, 0.084155, -0.418919, -0.028424, 0.907579, 0.0, 0.0, 0.0, 0.0, 1.0],
                [0.905608, -0.002752, 0.424107, -0.0, -0.002056, 0.999939, 0.010878, 0.084155, -0.424111, -0.010724, 0.905547, 0.0, 0.0, 0.0, 0.0, 1.0],
                [0.903207, 0.007886, 0.429134, -0.0, -0.004386, 0.999949, -0.009146, 0.084155, -0.429184, 0.006379, 0.903195, -0.0, 0.0, 0.0, 0.0, 1.0],
                [0.900846, 0.018472, 0.433746, 0.0, -0.006793, 0.999572, -0.028462, 0.084155, -0.434086, 0.022693, 0.900585, -0.0, 0.0, 0.0, 0.0, 1.0],
                [0.898553, 0.028907, 0.437911, 0.0, -0.009297, 0.998858, -0.046861, 0.084155, -0.438766, 0.038036, 0.897796, 0.0, 0.0, 0.0, 0.0, 1.0],
                [0.896357, 0.039091, 0.441606, -0.0, -0.01192, 0.99787, -0.064138, 0.084155, -0.443173, 0.052227, 0.894914, -0.0, 0.0, 0.0, 0.0, 1.0],
                [0.894286, 0.048924, 0.444813, 0.0, -0.014688, 0.996679, -0.080092, 0.084155, -0.447254, 0.065092, 0.892035, -0.0, 0.0, 0.0, 0.0, 1.0],
                [0.89237, 0.058305, 0.447522, -0.0, -0.01763, 0.995366, -0.094526, 0.084155, -0.450959, 0.076462, 0.889263, -0.0, 0.0, 0.0, 0.0, 1.0],
                [0.89064, 0.067138, 0.449726, 0.0, -0.020776, 0.994015, -0.107247, 0.084155, -0.454235, 0.086175, 0.886704, -0.0, 0.0, 0.0, 0.0, 1.0],
                [0.889124, 0.075326, 0.451425, -0.0, -0.024158, 0.992712, -0.118065, 0.084155, -0.457028, 0.094068, 0.884464, -0.0, 0.0, 0.0, 0.0, 1.0],
                [0.887824, 0.082852, 0.452664, 0.0, -0.027765, 0.991511, -0.127021, 0.084155, -0.459346, 0.100204, 0.882588, -0.0, 0.0, 0.0, 0.0, 1.0],
                [0.886701, 0.089843, 0.453529, -0.0, -0.031601, 0.990421, -0.134417, 0.084155, -0.461261, 0.104856, 0.881047, 0.0, 0.0, 0.0, 0.0, 1.0],
                [0.885733, 0.096419, 0.454072, 0.0, -0.03571, 0.989445, -0.140443, 0.084155, -0.46282, 0.10818, 0.879826, -0.0, 0.0, 0.0, 0.0, 1.0],
                [0.88489, 0.102702, 0.454337, 0.0, -0.040137, 0.988574, -0.145292, 0.084155, -0.464068, 0.110332, 0.878902, 0.0, 0.0, 0.0, 0.0, 1.0],
                [0.884144, 0.108814, 0.454366, -0.0, -0.044921, 0.987793, -0.149152, 0.084155, -0.465049, 0.111461, 0.87824, -0.0, 0.0, 0.0, 0.0, 1.0],
                [0.883466, 0.11488, 0.454192, -0.0, -0.050101, 0.987077, -0.152211, 0.084155, -0.465809, 0.111718, 0.877805, 0.0, 0.0, 0.0, 0.0, 1.0],
                [0.882822, 0.121023, 0.45385, 0.0, -0.055714, 0.986396, -0.154657, 0.084155, -0.466393, 0.111249, 0.877554, -0.0, 0.0, 0.0, 0.0, 1.0],
                [0.882177, 0.127365, 0.453367, -0.0, -0.061795, 0.985715, -0.156676, 0.084155, -0.466846, 0.1102, 0.877446, 0.0, 0.0, 0.0, 0.0, 1.0],
                [0.881496, 0.134028, 0.45277, 0.0, -0.068377, 0.984996, -0.158453, 0.084155, -0.467214, 0.108717, 0.877435, 0.0, 0.0, 0.0, 0.0, 1.0],
                [0.880739, 0.141135, 0.452084, -0.0, -0.075495, 0.984197, -0.160175, 0.084155, -0.467546, 0.106943, 0.877476, -0.0, 0.0, 0.0, 0.0, 1.0],
                [0.901731, 0.144329, 0.407492, 0.0, -0.090246, 0.984701, -0.149065, 0.084155, -0.422772, 0.097642, 0.900961, 0.0, 0.0, 0.0, 0.0, 1.0],
                [0.946991, 0.142322, 0.288014, 0.0, -0.113491, 0.986916, -0.114525, 0.084155, -0.300545, 0.075768, 0.950753, 0.0, 0.0, 0.0, 0.0, 1.0],
                [0.983291, 0.140327, 0.115963, 0.0, -0.133926, 0.989094, -0.061301, 0.084155, -0.123301, 0.044747, 0.99136, -0.0, 0.0, 0.0, 0.0, 1.0],
                [0.9872, 0.141931, -0.07275, 0.0, -0.142263, 0.989829, 0.000634, 0.084155, 0.0721, 0.009724, 0.99735, 0.0, 0.0, 0.0, 0.0, 1.0],
                [0.960971, 0.146716, -0.234539, 0.0, -0.136946, 0.988908, 0.057506, 0.084155, 0.240375, -0.023142, 0.970404, 0.0, 0.0, 0.0, 0.0, 1.0],
                [0.933313, 0.107946, -0.342454, 0.0, -0.081368, 0.992512, 0.091097, 0.084155, 0.349724, -0.057157, 0.935108, 0.0, 0.0, 0.0, 0.0, 1.0],
                [0.91497, 0.0314, -0.402298, -0.0, 0.008632, 0.995217, 0.09731, 0.084155, 0.403429, -0.092509, 0.910323, 0.0, 0.0, 0.0, 0.0, 1.0],
                [0.907113, -0.010081, -0.420768, 0.0, 0.054996, 0.993981, 0.09475, 0.084155, 0.41728, -0.109089, 0.902207, 0.0, 0.0, 0.0, 0.0, 1.0],
                [0.907219, -0.010089, -0.420537, -0.0, 0.054952, 0.993988, 0.094703, 0.084155, 0.417053, -0.109026, 0.902319, 0.0, 0.0, 0.0, 0.0, 1.0],
                [0.907305, -0.010095, -0.420353, -0.0, 0.054918, 0.993993, 0.094665, 0.084155, 0.416872, -0.108975, 0.902409, 0.0, 0.0, 0.0, 0.0, 1.0],
                [0.907375, -0.0101, -0.4202, -0.0, 0.054889, 0.993998, 0.094633, 0.084155, 0.416722, -0.108932, 0.902484, 0.0, 0.0, 0.0, 0.0, 1.0],
                [0.907438, -0.010105, -0.420065, 0.0, 0.054863, 0.994002, 0.094606, 0.084155, 0.416589, -0.108895, 0.902549, 0.0, 0.0, 0.0, 0.0, 1.0],
                [0.907499, -0.01011, -0.419933, -0.0, 0.054838, 0.994006, 0.094579, 0.084155, 0.41646, -0.108858, 0.902613, -0.0, 0.0, 0.0, 0.0, 1.0],
                [0.907564, -0.010115, -0.419791, 0.0, 0.054812, 0.99401, 0.094549, 0.084155, 0.41632, -0.108819, 0.902683, 0.0, 0.0, 0.0, 0.0, 1.0],
                [0.907641, -0.01012, -0.419624, -0.0, 0.05478, 0.994015, 0.094515, 0.084155, 0.416157, -0.108773, 0.902764, -0.0, 0.0, 0.0, 0.0, 1.0],
                [0.907736, -0.010128, -0.419419, 0.0, 0.054741, 0.994021, 0.094473, 0.084155, 0.415954, -0.108716, 0.902864, -0.0, 0.0, 0.0, 0.0, 1.0],
                [0.907856, -0.010137, -0.41916, 0.0, 0.054693, 0.994029, 0.09442, 0.084155, 0.415701, -0.108644, 0.902989, -0.0, 0.0, 0.0, 0.0, 1.0],
                [0.908042, -0.01015, -0.418756, 0.0, 0.054616, 0.994041, 0.094337, 0.084155, 0.415303, -0.108533, 0.903185, 0.0, 0.0, 0.0, 0.0, 1.0],
                [0.908333, -0.010172, -0.418125, 0.0, 0.054498, 0.99406, 0.094207, 0.084155, 0.414683, -0.108358, 0.903491, -0.0, 0.0, 0.0, 0.0, 1.0],
                [0.908724, -0.010201, -0.417272, 0.0, 0.054337, 0.994085, 0.094031, 0.084155, 0.413845, -0.108122, 0.903904, 0.0, 0.0, 0.0, 0.0, 1.0],
                [0.909215, -0.010237, -0.416201, -0.0, 0.054136, 0.994117, 0.093811, 0.084155, 0.412792, -0.107826, 0.90442, -0.0, 0.0, 0.0, 0.0, 1.0],
                [0.909801, -0.01028, -0.414917, -0.0, 0.053896, 0.994155, 0.093547, 0.084155, 0.41153, -0.107471, 0.905037, 0.0, 0.0, 0.0, 0.0, 1.0],
                [0.91048, -0.010329, -0.413424, 0.0, 0.053616, 0.994199, 0.093239, 0.084155, 0.410062, -0.107059, 0.905752, -0.0, 0.0, 0.0, 0.0, 1.0],
                [0.911249, -0.010384, -0.411726, -0.0, 0.0533, 0.994249, 0.092889, 0.084155, 0.408393, -0.10659, 0.906561, 0.0, 0.0, 0.0, 0.0, 1.0],
                [0.912103, -0.010445, -0.409828, 0.0, 0.052947, 0.994304, 0.092497, 0.084155, 0.406527, -0.106066, 0.907461, -0.0, 0.0, 0.0, 0.0, 1.0],
                [0.913041, -0.01051, -0.407732, -0.0, 0.052559, 0.994365, 0.092064, 0.084155, 0.404467, -0.105488, 0.908449, 0.0, 0.0, 0.0, 0.0, 1.0],
                [0.914058, -0.01058, -0.405445, 0.0, 0.052137, 0.994431, 0.091591, 0.084155, 0.402218, -0.104858, 0.90952, -0.0, 0.0, 0.0, 0.0, 1.0],
                [0.915152, -0.010654, -0.402969, -0.0, 0.051682, 0.994502, 0.091078, 0.084155, 0.399783, -0.104176, 0.910671, 0.0, 0.0, 0.0, 0.0, 1.0],
                [0.916318, -0.010731, -0.400308, 0.0, 0.051195, 0.994578, 0.090526, 0.084155, 0.397166, -0.103445, 0.911898, 0.0, 0.0, 0.0, 0.0, 1.0],
                [0.917553, -0.010811, -0.397467, -0.0, 0.050678, 0.994657, 0.089936, 0.084155, 0.394372, -0.102664, 0.913198, -0.0, 0.0, 0.0, 0.0, 1.0],
                [0.918853, -0.010893, -0.39445, -0.0, 0.050131, 0.994742, 0.089308, 0.084155, 0.391403, -0.101836, 0.914567, 0.0, 0.0, 0.0, 0.0, 1.0],
                [0.920215, -0.010976, -0.39126, 0.0, 0.049556, 0.99483, 0.088644, 0.084155, 0.388265, -0.100961, 0.916001, -0.0, 0.0, 0.0, 0.0, 1.0],
                [0.921634, -0.011061, -0.387902, 0.0, 0.048954, 0.994922, 0.087943, 0.084155, 0.38496, -0.100041, 0.917495, -0.0, 0.0, 0.0, 0.0, 1.0],
                [0.923108, -0.011146, -0.38438, 0.0, 0.048326, 0.995018, 0.087207, 0.084155, 0.381492, -0.099077, 0.919047, 0.0, 0.0, 0.0, 0.0, 1.0],
                [0.924632, -0.01123, -0.380696, -0.0, 0.047674, 0.995116, 0.086436, 0.084155, 0.377866, -0.098071, 0.920651, 0.0, 0.0, 0.0, 0.0, 1.0],
                [0.926202, -0.011314, -0.376857, -0.0, 0.046999, 0.995218, 0.08563, 0.084155, 0.374086, -0.097023, 0.922305, 0.0, 0.0, 0.0, 0.0, 1.0],
                [0.927816, -0.011396, -0.372865, -0.0, 0.046301, 0.995322, 0.084791, 0.084155, 0.370154, -0.095934, 0.924003, -0.0, 0.0, 0.0, 0.0, 1.0],
                [0.929468, -0.011477, -0.368725, -0.0, 0.045582, 0.995429, 0.083919, 0.084155, 0.366076, -0.094807, 0.925743, 0.0, 0.0, 0.0, 0.0, 1.0],
                [0.931155, -0.011555, -0.36444, 0.0, 0.044844, 0.995539, 0.083015, 0.084155, 0.361855, -0.093643, 0.927519, -0.0, 0.0, 0.0, 0.0, 1.0],
                [0.932874, -0.011629, -0.360016, 0.0, 0.044088, 0.99565, 0.082079, 0.084155, 0.357495, -0.092442, 0.929329, -0.0, 0.0, 0.0, 0.0, 1.0],
                [0.93462, -0.0117, -0.355456, 0.0, 0.043314, 0.995763, 0.081113, 0.084155, 0.353001, -0.091206, 0.931167, -0.0, 0.0, 0.0, 0.0, 1.0],
                [0.93639, -0.011766, -0.350764, -0.0, 0.042524, 0.995878, 0.080116, 0.084155, 0.348375, -0.089936, 0.933031, -0.0, 0.0, 0.0, 0.0, 1.0],
                [0.93818, -0.011827, -0.345945, -0.0, 0.04172, 0.995994, 0.079091, 0.084155, 0.343624, -0.088634, 0.934915, 0.0, 0.0, 0.0, 0.0, 1.0],
                [0.939987, -0.011883, -0.341003, 0.0, 0.040902, 0.996111, 0.078036, 0.084155, 0.33875, -0.087301, 0.936818, 0.0, 0.0, 0.0, 0.0, 1.0],
                [0.941807, -0.011932, -0.335943, -0.0, 0.040072, 0.996229, 0.076954, 0.084155, 0.333758, -0.085938, 0.938734, -0.0, 0.0, 0.0, 0.0, 1.0],
                [0.943636, -0.011976, -0.330768, -0.0, 0.03923, 0.996348, 0.075845, 0.084155, 0.328652, -0.084546, 0.940659, -0.0, 0.0, 0.0, 0.0, 1.0],
                [0.945471, -0.012012, -0.325484, -0.0, 0.038379, 0.996466, 0.07471, 0.084155, 0.323437, -0.083128, 0.942591, -0.0, 0.0, 0.0, 0.0, 1.0],
                [0.947309, -0.01204, -0.320096, 0.0, 0.037519, 0.996586, 0.07355, 0.084155, 0.318117, -0.081684, 0.944526, -0.0, 0.0, 0.0, 0.0, 1.0],
                [0.949145, -0.012061, -0.314607, -0.0, 0.036651, 0.996705, 0.072365, 0.084155, 0.312697, -0.080215, 0.94646, 0.0, 0.0, 0.0, 0.0, 1.0],
                [0.950978, -0.012073, -0.309023, -0.0, 0.035777, 0.996823, 0.071156, 0.084155, 0.307182, -0.078724, 0.948389, 0.0, 0.0, 0.0, 0.0, 1.0],
                [0.952803, -0.012076, -0.303348, -0.0, 0.034898, 0.996942, 0.069925, 0.084155, 0.301575, -0.077211, 0.950311, 0.0, 0.0, 0.0, 0.0, 1.0],
                [0.954619, -0.01207, -0.297587, 0.0, 0.034014, 0.997059, 0.068672, 0.084155, 0.295883, -0.075678, 0.952222, -0.0, 0.0, 0.0, 0.0, 1.0],
                [0.95642, -0.012055, -0.291745, 0.0, 0.033128, 0.997176, 0.067399, 0.084155, 0.290109, -0.074126, 0.954118, -0.0, 0.0, 0.0, 0.0, 1.0],
