{
    "animation": [
        {
            "name": "Root",
            "time": [0.0, 0.0167, 0.0333, 0.05, 0.0667, 0.0833, 0.1, 0.1167, 0.1333, 0.15, 0.1667, 0.1833, 0.2, 0.2167, 0.2333, 0.25, 0.2667, 0.2833, 0.3, 0.3167, 0.3333, 0.35, 0.3667, 0.3833, 0.4, 0.4167, 0.4333, 0.45, 0.4667, 0.4833, 0.5, 0.5167, 0.5333, 0.55, 0.5667, 0.5833, 0.6, 0.6167, 0.6333, 0.65, 0.6667, 0.6833, 0.7, 0.7167, 0.7333, 0.75, 0.7667, 0.7833, 0.8, 0.8167, 0.8333, 0.85, 0.8667, 0.8833, 0.9, 0.9167, 0.9333, 0.95, 0.9667, 0.9833, 1.0, 1.0167, 1.0333, 1.05, 1.0667, 1.0833, 1.1, 1.1167, 1.1333, 1.15, 1.1667, 1.1833, 1.2, 1.2167, 1.2333, 1.25, 1.2667, 1.2833, 1.3, 1.3167, 1.3333, 1.35, 1.3667, 1.3833, 1.4, 1.4167, 1.4333, 1.45, 1.4667, 1.4833, 1.5, 1.5167, 1.5333, 1.55, 1.5667, 1.5833, 1.6, 1.6167, 1.6333, 1.65, 1.6667, 1.6833, 1.7, 1.7167, 1.7333, 1.75, 1.7667, 1.7833, 1.8, 1.8167, 1.8333, 1.85, 1.8667, 1.8833, 1.9, 1.9167, 1.9333, 1.95, 1.9667, 1.9833, 2.0, 2.0167, 2.0333, 2.05, 2.0667, 2.0833, 2.1, 2.1167, 2.1333, 2.15, 2.1667, 2.1833, 2.2, 2.2167, 2.2333, 2.25, 2.2667, 2.2833, 2.3, 2.3167, 2.3333, 2.35, 2.3667, 2.3833, 2.4, 2.4167, 2.4333, 2.45, 2.4667, 2.4833, 2.5, 2.5167, 2.5333, 2.55, 2.5667, 2.5833, 2.6, 2.6167, 2.6333, 2.65, 2.6667],
            "transform": [
                [1.0, 0.0, 0.0, 0.0, 0.0, 0.0, -1.0, 0.0, 0.0, 1.0, 0.0, 0.906138, 0.0, 0.0, 0.0, 1.0],
                [1.0, 0.0, 0.000492, -0.000372, 0.000492, 0.0, -1.0, -0.001514, 0.0, 1.0, 0.0, 0.905272, 0.0, 0.0, 0.0, 1.0],
                [0.999998, 0.0, 0.001919, -0.001455, 0.001919, 0.0, -0.999998, -0.005912, 0.0, 1.0, 0.0, 0.902758, 0.0, 0.0, 0.0, 1.0],
                [0.999991, 0.0, 0.004213, -0.003197, 0.004213, 0.0, -0.999991, -0.012977, 0.0, 1.0, 0.0, 0.898719, 0.0, 0.0, 0.0, 1.0],
                [0.999973, 0.0, 0.007302, -0.005549, 0.007302, 0.0, -0.999973, -0.022492, 0.0, 1.0, 0.0, 0.893279, 0.0, 0.0, 0.0, 1.0],
                [0.999938, 0.0, 0.011116, -0.008459, 0.011116, 0.0, -0.999938, -0.03424, 0.0, 1.0, 0.0, 0.886564, 0.0, 0.0, 0.0, 1.0],
                [0.999878, 0.0, 0.015585, -0.011878, 0.015585, 0.0, -0.999878, -0.048003, 0.0, 1.0, 0.0, 0.878696, 0.0, 0.0, 0.0, 1.0],
                [0.999787, 0.0, 0.020637, -0.015754, 0.020637, 0.0, -0.999787, -0.063564, 0.0, 1.0, 0.0, 0.8698, 0.0, 0.0, 0.0, 1.0],
                [0.999657, 0.0, 0.026203, -0.020038, 0.026203, 0.0, -0.999657, -0.080707, 0.0, 1.0, 0.0, 0.859999, 0.0, 0.0, 0.0, 1.0],
                [0.999481, 0.0, 0.032211, -0.024678, 0.032211, 0.0, -0.999481, -0.099215, 0.0, 1.0, 0.0, 0.849419, 0.0, 0.0, 0.0, 1.0],
                [0.999255, 0.0, 0.03859, -0.029624, 0.03859, 0.0, -0.999255, -0.11887, 0.0, 1.0, 0.0, 0.838183, 0.0, 0.0, 0.0, 1.0],
                [0.998975, 0.0, 0.04527, -0.034825, 0.04527, 0.0, -0.998975, -0.139455, 0.0, 1.0, 0.0, 0.826415, 0.0, 0.0, 0.0, 1.0],
                [0.998638, 0.0, 0.05218, -0.040232, 0.05218, 0.0, -0.998638, -0.160753, 0.0, 1.0, 0.0, 0.81424, 0.0, 0.0, 0.0, 1.0],
                [0.998243, 0.0, 0.059247, -0.045793, 0.059247, 0.0, -0.998243, -0.182548, 0.0, 1.0, 0.0, 0.80178, 0.0, 0.0, 0.0, 1.0],
                [0.997793, 0.0, 0.066402, -0.051457, 0.066402, 0.0, -0.997793, -0.204621, 0.0, 1.0, 0.0, 0.789161, 0.0, 0.0, 0.0, 1.0],
                [0.99729, 0.0, 0.073573, -0.057175, 0.073573, 0.0, -0.99729, -0.226757, 0.0, 1.0, 0.0, 0.776507, 0.0, 0.0, 0.0, 1.0],
                [0.996739, 0.0, 0.080689, -0.062896, 0.080689, 0.0, -0.996739, -0.248737, 0.0, 1.0, 0.0, 0.763942, 0.0, 0.0, 0.0, 1.0],
                [0.996149, 0.0, 0.087679, -0.068568, 0.087679, 0.0, -0.996149, -0.270346, 0.0, 1.0, 0.0, 0.751589, 0.0, 0.0, 0.0, 1.0],
                [0.995527, 0.0, 0.094474, -0.074142, 0.094474, 0.0, -0.995527, -0.291365, 0.0, 1.0, 0.0, 0.739572, 0.0, 0.0, 0.0, 1.0],
                [0.994886, 0.0, 0.101002, -0.079568, 0.101002, 0.0, -0.994886, -0.311578, 0.0, 1.0, 0.0, 0.728017, 0.0, 0.0, 0.0, 1.0],
                [0.994238, 0.0, 0.107195, -0.084794, 0.107195, 0.0, -0.994238, -0.330768, 0.0, 1.0, 0.0, 0.717047, 0.0, 0.0, 0.0, 1.0],
                [0.993597, 0.0, 0.112983, -0.089769, 0.112983, 0.0, -0.993597, -0.348717, 0.0, 1.0, 0.0, 0.706786, 0.0, 0.0, 0.0, 1.0],
                [0.992978, 0.0, 0.118296, -0.094444, 0.118296, 0.0, -0.992978, -0.365209, 0.0, 1.0, 0.0, 0.697358, 0.0, 0.0, 0.0, 1.0],
                [0.992399, 0.0, 0.123065, -0.098768, 0.123065, 0.0, -0.992399, -0.380026, 0.0, 1.0, 0.0, 0.688887, 0.0, 0.0, 0.0, 1.0],
                [0.991874, 0.0, 0.127223, -0.10269, 0.127223, 0.0, -0.991874, -0.392952, 0.0, 1.0, 0.0, 0.681498, 0.0, 0.0, 0.0, 1.0],
                [0.991422, 0.0, 0.130699, -0.10616, 0.130699, 0.0, -0.991422, -0.403769, 0.0, 1.0, 0.0, 0.675314, 0.0, 0.0, 0.0, 1.0],
                [0.991047, 0.0, 0.13351, -0.109151, 0.13351, 0.0, -0.991047, -0.412523, 0.0, 1.0, 0.0, 0.67031, 0.0, 0.0, 0.0, 1.0],
                [0.990742, 0.0, 0.135761, -0.111726, 0.135761, 0.0, -0.990742, -0.419533, 0.0, 1.0, 0.0, 0.666303, 0.0, 0.0, 0.0, 1.0],
                [0.9905, 0.0, 0.137514, -0.113975, 0.137514, 0.0, -0.9905, -0.424991, 0.0, 1.0, 0.0, 0.663182, 0.0, 0.0, 0.0, 1.0],
                [0.990316, 0.0, 0.138834, -0.115986, 0.138834, 0.0, -0.990316, -0.429094, 0.0, 1.0, 0.0, 0.660837, 0.0, 0.0, 0.0, 1.0],
                [0.990182, 0.0, 0.139784, -0.117846, 0.139784, 0.0, -0.990182, -0.432033, 0.0, 1.0, 0.0, 0.659156, 0.0, 0.0, 0.0, 1.0],
                [0.990091, 0.0, 0.140427, -0.119644, 0.140427, 0.0, -0.990091, -0.434004, 0.0, 1.0, 0.0, 0.65803, 0.0, 0.0, 0.0, 1.0],
                [0.990034, 0.0, 0.140828, -0.121469, 0.140828, 0.0, -0.990034, -0.435199, 0.0, 1.0, 0.0, 0.657347, 0.0, 0.0, 0.0, 1.0],
                [0.990003, 0.0, 0.141048, -0.123407, 0.141048, 0.0, -0.990003, -0.435813, 0.0, 1.0, 0.0, 0.656996, 0.0, 0.0, 0.0, 1.0],
                [0.989988, 0.0, 0.141152, -0.125548, 0.141152, 0.0, -0.989988, -0.436039, 0.0, 1.0, 0.0, 0.656867, 0.0, 0.0, 0.0, 1.0],
                [0.989981, 0.0, 0.141202, -0.12798, 0.141202, 0.0, -0.989981, -0.436071, 0.0, 1.0, 0.0, 0.656848, 0.0, 0.0, 0.0, 1.0],
                [0.996808, 0.003301, 0.079769, -0.13073, 0.079784, -0.004618, -0.996801, -0.346776, -0.002922, 0.999984, -0.004867, 0.660895, 0.0, 0.0, 0.0, 1.0],
                [0.997496, 0.010207, -0.069984, -0.133587, -0.069795, -0.01778, -0.997403, -0.130803, -0.011425, 0.99979, -0.017023, 0.670545, 0.0, 0.0, 0.0, 1.0],
                [0.968414, 0.015895, -0.248841, -0.136279, -0.248116, -0.037647, -0.967998, 0.133979, -0.024754, 0.999165, -0.032514, 0.682062, 0.0, 0.0, 0.0, 1.0],
                [0.9195, 0.017562, -0.392697, -0.138533, -0.391066, -0.060358, -0.918381, 0.369704, -0.039831, 0.998022, -0.048632, 0.691712, 0.0, 0.0, 0.0, 1.0],
                [0.892803, 0.01628, -0.450153, -0.140078, -0.447522, -0.08165, -0.890538, 0.498503, -0.051253, 0.996528, -0.065611, 0.695759, 0.0, 0.0, 0.0, 1.0],
                [0.892958, 0.014744, -0.449898, -0.141052, -0.446389, -0.099744, -0.889263, 0.543094, -0.057986, 0.994904, -0.082485, 0.694784, 0.0, 0.0, 0.0, 1.0],
                [0.893434, 0.013308, -0.448997, -0.141798, -0.444678, -0.115178, -0.888254, 0.578772, -0.063535, 0.993256, -0.096987, 0.692138, 0.0, 0.0, 0.0, 1.0],
                [0.894185, 0.012005, -0.447537, -0.142352, -0.442505, -0.128121, -0.887567, 0.606535, -0.067994, 0.991686, -0.109252, 0.688239, 0.0, 0.0, 0.0, 1.0],
                [0.895163, 0.010863, -0.445606, -0.142747, -0.439972, -0.138747, -0.887228, 0.627382, -0.071465, 0.990268, -0.119422, 0.683504, 0.0, 0.0, 0.0, 1.0],
                [0.896325, 0.009902, -0.443287, -0.143018, -0.43717, -0.147237, -0.887245, 0.64231, -0.074053, 0.989052, -0.127644, 0.678351, 0.0, 0.0, 0.0, 1.0],
                [0.897626, 0.009137, -0.440663, -0.143201, -0.434179, -0.153772, -0.887605, 0.652317, -0.075872, 0.988064, -0.134062, 0.673198, 0.0, 0.0, 0.0, 1.0],
                [0.899024, 0.008582, -0.437816, -0.143331, -0.431071, -0.158531, -0.888282, 0.658402, -0.077031, 0.987317, -0.138824, 0.668463, 0.0, 0.0, 0.0, 1.0],
                [0.900478, 0.00825, -0.434823, -0.143441, -0.427914, -0.161694, -0.889238, 0.661563, -0.077644, 0.986806, -0.142072, 0.664564, 0.0, 0.0, 0.0, 1.0],
                [0.901951, 0.00815, -0.431761, -0.143567, -0.424768, -0.163436, -0.890427, 0.662797, -0.077822, 0.98652, -0.143949, 0.661918, 0.0, 0.0, 0.0, 1.0],
                [0.903406, 0.008296, -0.428705, -0.143743, -0.421691, -0.163927, -0.891798, 0.663104, -0.077675, 0.986438, -0.144594, 0.660943, 0.0, 0.0, 0.0, 1.0],
                [0.904856, 0.008571, -0.425632, -0.143999, -0.418627, -0.16381, -0.893262, 0.663314, -0.077379, 0.986455, -0.144636, 0.661003, 0.0, 0.0, 0.0, 1.0],
                [0.906333, 0.008849, -0.422472, -0.144338, -0.415482, -0.163618, -0.894765, 0.663592, -0.077042, 0.986484, -0.144615, 0.661183, 0.0, 0.0, 0.0, 1.0],
                [0.907836, 0.00913, -0.419225, -0.14476, -0.412257, -0.16335, -0.896304, 0.663938, -0.076663, 0.986526, -0.144532, 0.66148, 0.0, 0.0, 0.0, 1.0],
                [0.909364, 0.009412, -0.415895, -0.145262, -0.408954, -0.16301, -0.897878, 0.664351, -0.076246, 0.98658, -0.144386, 0.661892, 0.0, 0.0, 0.0, 1.0],
                [0.910915, 0.009696, -0.412481, -0.145844, -0.405575, -0.162598, -0.899484, 0.664828, -0.07579, 0.986645, -0.14418, 0.662417, 0.0, 0.0, 0.0, 1.0],
                [0.912486, 0.00998, -0.408987, -0.146502, -0.40212, -0.162115, -0.901121, 0.665369, -0.075296, 0.986721, -0.143914, 0.663052, 0.0, 0.0, 0.0, 1.0],
                [0.914076, 0.010265, -0.405412, -0.147237, -0.398591, -0.161563, -0.902786, 0.665972, -0.074767, 0.986809, -0.14359, 0.663795, 0.0, 0.0, 0.0, 1.0],
                [0.915684, 0.01055, -0.40176, -0.148046, -0.394989, -0.160944, -0.904478, 0.666636, -0.074203, 0.986907, -0.143207, 0.664645, 0.0, 0.0, 0.0, 1.0],
                [0.917308, 0.010834, -0.398032, -0.148927, -0.391317, -0.160259, -0.906194, 0.667359, -0.073606, 0.987016, -0.142767, 0.665598, 0.0, 0.0, 0.0, 1.0],
                [0.918945, 0.011117, -0.394228, -0.149879, -0.387575, -0.159508, -0.907933, 0.668141, -0.072976, 0.987134, -0.142271, 0.666654, 0.0, 0.0, 0.0, 1.0],
                [0.920595, 0.011397, -0.390352, -0.150901, -0.383764, -0.158694, -0.909693, 0.66898, -0.072314, 0.987262, -0.141719, 0.667808, 0.0, 0.0, 0.0, 1.0],
                [0.922256, 0.011676, -0.386403, -0.151991, -0.379887, -0.157817, -0.911471, 0.669874, -0.071623, 0.987399, -0.141112, 0.66906, 0.0, 0.0, 0.0, 1.0],
                [0.923926, 0.011951, -0.382385, -0.153147, -0.375944, -0.15688, -0.913266, 0.670823, -0.070903, 0.987545, -0.140452, 0.670407, 0.0, 0.0, 0.0, 1.0],
                [0.925603, 0.012222, -0.378298, -0.154368, -0.371937, -0.155883, -0.915075, 0.671826, -0.070155, 0.9877, -0.13974, 0.671847, 0.0, 0.0, 0.0, 1.0],
                [0.927286, 0.01249, -0.374145, -0.155652, -0.367868, -0.154828, -0.916898, 0.67288, -0.06938, 0.987863, -0.138975, 0.673378, 0.0, 0.0, 0.0, 1.0],
                [0.928973, 0.012753, -0.369927, -0.156997, -0.363738, -0.153715, -0.918731, 0.673984, -0.06858, 0.988033, -0.138159, 0.674996, 0.0, 0.0, 0.0, 1.0],
                [0.930663, 0.01301, -0.365645, -0.158403, -0.359548, -0.152548, -0.920573, 0.675138, -0.067755, 0.98821, -0.137293, 0.676702, 0.0, 0.0, 0.0, 1.0],
                [0.932355, 0.013262, -0.361302, -0.159867, -0.3553, -0.151326, -0.922422, 0.67634, -0.066908, 0.988395, -0.136377, 0.678491, 0.0, 0.0, 0.0, 1.0],
                [0.934045, 0.013508, -0.356899, -0.161387, -0.350997, -0.150051, -0.924276, 0.677588, -0.066038, 0.988586, -0.135413, 0.680362, 0.0, 0.0, 0.0, 1.0],
                [0.935734, 0.013747, -0.352439, -0.162963, -0.346638, -0.148725, -0.926133, 0.678881, -0.065148, 0.988783, -0.134402, 0.682312, 0.0, 0.0, 0.0, 1.0],
                [0.937419, 0.013979, -0.347922, -0.164592, -0.342226, -0.147349, -0.927992, 0.680219, -0.064238, 0.988986, -0.133344, 0.68434, 0.0, 0.0, 0.0, 1.0],
                [0.9391, 0.014203, -0.343351, -0.166274, -0.337763, -0.145923, -0.929851, 0.681599, -0.063309, 0.989194, -0.13224, 0.686443, 0.0, 0.0, 0.0, 1.0],
                [0.940774, 0.014418, -0.338728, -0.168005, -0.333249, -0.144451, -0.931707, 0.683021, -0.062363, 0.989407, -0.131091, 0.688619, 0.0, 0.0, 0.0, 1.0],
                [0.942441, 0.014625, -0.334054, -0.169786, -0.328688, -0.142932, -0.93356, 0.684483, -0.061401, 0.989624, -0.129898, 0.690866, 0.0, 0.0, 0.0, 1.0],
                [0.944098, 0.014823, -0.329331, -0.171614, -0.32408, -0.141369, -0.935407, 0.685983, -0.060423, 0.989846, -0.128662, 0.693181, 0.0, 0.0, 0.0, 1.0],
                [0.945745, 0.015011, -0.324562, -0.173488, -0.319428, -0.139763, -0.937247, 0.687521, -0.059431, 0.990071, -0.127385, 0.695563, 0.0, 0.0, 0.0, 1.0],
                [0.947381, 0.015189, -0.319749, -0.175405, -0.314732, -0.138114, -0.939078, 0.689095, -0.058426, 0.9903, -0.126066, 0.698008, 0.0, 0.0, 0.0, 1.0],
                [0.949003, 0.015357, -0.314893, -0.177365, -0.309996, -0.136425, -0.940899, 0.690705, -0.057409, 0.990531, -0.124707, 0.700516, 0.0, 0.0, 0.0, 1.0],
                [0.950611, 0.015514, -0.309996, -0.179366, -0.30522, -0.134697, -0.942708, 0.692347, -0.056381, 0.990765, -0.123309, 0.703083, 0.0, 0.0, 0.0, 1.0],
                [0.952204, 0.01566, -0.30506, -0.181407, -0.300407, -0.132931, -0.944503, 0.694022, -0.055343, 0.991002, -0.121873, 0.705708, 0.0, 0.0, 0.0, 1.0],
                [0.953781, 0.015794, -0.300089, -0.183485, -0.295558, -0.131129, -0.946282, 0.695728, -0.054296, 0.991239, -0.120401, 0.708388, 0.0, 0.0, 0.0, 1.0],
                [0.955339, 0.015916, -0.295083, -0.185599, -0.290676, -0.129293, -0.948046, 0.697464, -0.053242, 0.991479, -0.118892, 0.711121, 0.0, 0.0, 0.0, 1.0],
                [0.956879, 0.016027, -0.290045, -0.187748, -0.285762, -0.127422, -0.949791, 0.699228, -0.05218, 0.991719, -0.117348, 0.713905, 0.0, 0.0, 0.0, 1.0],
                [0.958399, 0.016124, -0.284977, -0.18993, -0.280819, -0.12552, -0.951517, 0.701019, -0.051113, 0.99196, -0.11577, 0.716737, 0.0, 0.0, 0.0, 1.0],
                [0.959898, 0.016209, -0.279881, -0.192143, -0.275848, -0.123587, -0.953223, 0.702836, -0.050041, 0.992201, -0.11416, 0.719616, 0.0, 0.0, 0.0, 1.0],
                [0.961375, 0.016281, -0.27476, -0.194386, -0.270851, -0.121625, -0.954907, 0.704677, -0.048964, 0.992442, -0.112518, 0.72254, 0.0, 0.0, 0.0, 1.0],
                [0.96283, 0.016339, -0.269615, -0.196657, -0.265831, -0.119636, -0.956567, 0.706541, -0.047885, 0.992683, -0.110845, 0.725505, 0.0, 0.0, 0.0, 1.0],
                [0.96426, 0.016385, -0.26445, -0.198955, -0.26079, -0.11762, -0.958204, 0.708428, -0.046804, 0.992923, -0.109143, 0.72851, 0.0, 0.0, 0.0, 1.0],
                [0.965667, 0.016416, -0.259266, -0.201278, -0.25573, -0.11558, -0.959814, 0.710335, -0.045722, 0.993163, -0.107413, 0.731552, 0.0, 0.0, 0.0, 1.0],
                [0.967047, 0.016434, -0.254065, -0.203624, -0.250652, -0.113516, -0.961399, 0.712261, -0.04464, 0.9934, -0.105656, 0.73463, 0.0, 0.0, 0.0, 1.0],
                [0.968402, 0.016437, -0.248851, -0.205992, -0.24556, -0.111431, -0.962956, 0.714205, -0.043558, 0.993636, -0.103873, 0.737741, 0.0, 0.0, 0.0, 1.0],
                [0.96973, 0.016427, -0.243625, -0.208381, -0.240455, -0.109325, -0.964484, 0.716165, -0.042478, 0.99387, -0.102066, 0.740883, 0.0, 0.0, 0.0, 1.0],
                [0.971031, 0.016403, -0.23839, -0.210788, -0.23534, -0.107201, -0.965983, 0.718141, -0.0414, 0.994102, -0.100235, 0.744054, 0.0, 0.0, 0.0, 1.0],
                [0.972304, 0.016364, -0.233148, -0.213212, -0.230216, -0.105059, -0.967452, 0.720132, -0.040326, 0.994331, -0.098382, 0.747251, 0.0, 0.0, 0.0, 1.0],
                [0.973548, 0.016311, -0.227902, -0.215652, -0.225087, -0.102901, -0.96889, 0.722134, -0.039255, 0.994558, -0.096508, 0.750473, 0.0, 0.0, 0.0, 1.0],
                [0.974762, 0.016244, -0.222654, -0.218106, -0.219955, -0.10073, -0.970296, 0.724149, -0.03819, 0.994781, -0.094614, 0.753717, 0.0, 0.0, 0.0, 1.0],
                [0.975947, 0.016163, -0.217406, -0.220572, -0.214821, -0.098545, -0.971669, 0.726173, -0.037129, 0.995001, -0.092703, 0.75698, 0.0, 0.0, 0.0, 1.0],
                [0.977102, 0.016067, -0.212162, -0.223048, -0.209689, -0.096349, -0.973009, 0.728206, -0.036075, 0.995218, -0.090774, 0.760262, 0.0, 0.0, 0.0, 1.0],
                [0.978227, 0.015958, -0.206923, -0.225534, -0.20456, -0.094144, -0.974316, 0.730247, -0.035029, 0.995431, -0.08883, 0.763558, 0.0, 0.0, 0.0, 1.0],
                [0.979321, 0.015834, -0.201693, -0.228028, -0.199438, -0.09193, -0.975589, 0.732294, -0.03399, 0.99564, -0.086871, 0.766868, 0.0, 0.0, 0.0, 1.0],
                [0.980383, 0.015697, -0.196473, -0.230527, -0.194324, -0.08971, -0.976827, 0.734346, -0.032959, 0.995844, -0.0849, 0.77019, 0.0, 0.0, 0.0, 1.0],
                [0.981415, 0.015546, -0.191267, -0.233031, -0.189221, -0.087484, -0.978029, 0.736401, -0.031937, 0.996045, -0.082917, 0.773519, 0.0, 0.0, 0.0, 1.0],
                [0.982415, 0.015381, -0.186076, -0.235538, -0.184132, -0.085255, -0.979197, 0.738459, -0.030925, 0.99624, -0.080924, 0.776856, 0.0, 0.0, 0.0, 1.0],
                [0.983383, 0.015203, -0.180904, -0.238046, -0.179059, -0.083024, -0.980329, 0.740518, -0.029924, 0.996432, -0.078922, 0.780197, 0.0, 0.0, 0.0, 1.0],
                [0.98432, 0.015012, -0.175753, -0.240554, -0.174004, -0.080792, -0.981425, 0.742577, -0.028933, 0.996618, -0.076913, 0.78354, 0.0, 0.0, 0.0, 1.0],
                [0.985225, 0.014808, -0.170625, -0.24306, -0.16897, -0.078561, -0.982485, 0.744634, -0.027954, 0.996799, -0.074898, 0.786883, 0.0, 0.0, 0.0, 1.0],
                [0.986098, 0.014592, -0.165524, -0.245562, -0.16396, -0.076332, -0.983509, 0.746688, -0.026986, 0.996976, -0.072878, 0.790224, 0.0, 0.0, 0.0, 1.0],
                [0.986939, 0.014363, -0.160451, -0.248059, -0.158976, -0.074107, -0.984497, 0.748738, -0.026031, 0.997147, -0.070856, 0.793561, 0.0, 0.0, 0.0, 1.0],
                [0.987749, 0.014123, -0.15541, -0.250549, -0.15402, -0.071888, -0.985449, 0.750782, -0.02509, 0.997313, -0.068832, 0.796891, 0.0, 0.0, 0.0, 1.0],
                [0.988527, 0.013871, -0.150403, -0.253031, -0.149096, -0.069676, -0.986365, 0.75282, -0.024161, 0.997473, -0.066809, 0.800212, 0.0, 0.0, 0.0, 1.0],
                [0.989275, 0.013608, -0.145433, -0.255503, -0.144206, -0.067472, -0.987245, 0.754849, -0.023247, 0.997628, -0.064786, 0.803522, 0.0, 0.0, 0.0, 1.0],
                [0.989991, 0.013334, -0.140502, -0.257964, -0.139352, -0.065279, -0.988089, 0.756869, -0.022347, 0.997778, -0.062767, 0.806819, 0.0, 0.0, 0.0, 1.0],
                [0.990676, 0.01305, -0.135612, -0.260412, -0.134538, -0.063097, -0.988898, 0.758879, -0.021461, 0.997922, -0.060753, 0.8101, 0.0, 0.0, 0.0, 1.0],
                [0.991331, 0.012756, -0.130768, -0.262845, -0.129765, -0.060927, -0.989671, 0.760876, -0.020591, 0.998061, -0.058744, 0.813364, 0.0, 0.0, 0.0, 1.0],
                [0.991956, 0.012452, -0.12597, -0.265262, -0.125036, -0.058773, -0.99041, 0.76286, -0.019737, 0.998194, -0.056743, 0.816607, 0.0, 0.0, 0.0, 1.0],
                [0.992551, 0.01214, -0.121222, -0.267661, -0.120354, -0.056634, -0.991114, 0.764829, -0.018898, 0.998321, -0.054751, 0.819829, 0.0, 0.0, 0.0, 1.0],
                [0.993117, 0.01182, -0.116527, -0.27004, -0.115722, -0.054513, -0.991785, 0.766783, -0.018075, 0.998443, -0.05277, 0.823026, 0.0, 0.0, 0.0, 1.0],
                [0.993655, 0.011492, -0.111886, -0.272399, -0.111141, -0.052411, -0.992422, 0.768719, -0.017269, 0.998559, -0.050801, 0.826197, 0.0, 0.0, 0.0, 1.0],
                [0.994164, 0.011156, -0.107303, -0.274735, -0.106616, -0.050329, -0.993026, 0.770637, -0.016479, 0.99867, -0.048846, 0.829339, 0.0, 0.0, 0.0, 1.0],
                [0.994645, 0.010815, -0.102781, -0.277047, -0.102147, -0.048269, -0.993598, 0.772535, -0.015706, 0.998776, -0.046906, 0.83245, 0.0, 0.0, 0.0, 1.0],
                [0.9951, 0.010467, -0.098321, -0.279333, -0.097739, -0.046233, -0.994138, 0.774411, -0.014951, 0.998876, -0.044983, 0.835528, 0.0, 0.0, 0.0, 1.0],
                [0.995528, 0.010114, -0.093926, -0.281592, -0.093394, -0.044221, -0.994647, 0.776266, -0.014213, 0.998971, -0.043079, 0.838571, 0.0, 0.0, 0.0, 1.0],
                [0.99593, 0.009756, -0.089599, -0.283822, -0.089113, -0.042236, -0.995126, 0.778096, -0.013493, 0.99906, -0.041194, 0.841576, 0.0, 0.0, 0.0, 1.0],
                [0.996307, 0.009394, -0.085343, -0.286022, -0.084901, -0.040278, -0.995575, 0.779902, -0.01279, 0.999144, -0.039332, 0.844541, 0.0, 0.0, 0.0, 1.0],
                [0.99666, 0.009029, -0.08116, -0.288189, -0.080759, -0.03835, -0.995996, 0.781681, -0.012105, 0.999224, -0.037492, 0.847464, 0.0, 0.0, 0.0, 1.0],
                [0.996989, 0.008661, -0.077053, -0.290322, -0.076689, -0.036452, -0.996388, 0.783432, -0.011438, 0.999298, -0.035678, 0.850343, 0.0, 0.0, 0.0, 1.0],
                [0.997296, 0.008291, -0.073023, -0.292421, -0.072696, -0.034586, -0.996754, 0.785155, -0.01079, 0.999367, -0.03389, 0.853176, 0.0, 0.0, 0.0, 1.0],
                [0.99758, 0.00792, -0.069074, -0.294482, -0.068781, -0.032754, -0.997094, 0.786847, -0.01016, 0.999432, -0.03213, 0.855959, 0.0, 0.0, 0.0, 1.0],
                [0.997843, 0.007549, -0.065209, -0.296506, -0.064946, -0.030956, -0.997408, 0.788508, -0.009548, 0.999492, -0.030399, 0.858693, 0.0, 0.0, 0.0, 1.0],
                [0.998086, 0.007178, -0.061429, -0.298489, -0.061196, -0.029195, -0.997699, 0.790136, -0.008955, 0.999548, -0.0287, 0.861373, 0.0, 0.0, 0.0, 1.0],
                [0.998309, 0.006808, -0.057738, -0.30043, -0.057531, -0.027471, -0.997966, 0.79173, -0.00838, 0.999599, -0.027033, 0.863997, 0.0, 0.0, 0.0, 1.0],
                [0.998513, 0.00644, -0.054137, -0.302328, -0.053954, -0.025787, -0.99821, 0.793288, -0.007824, 0.999647, -0.025401, 0.866565, 0.0, 0.0, 0.0, 1.0],
                [0.998699, 0.006074, -0.050629, -0.304182, -0.050469, -0.024143, -0.998434, 0.79481, -0.007287, 0.99969, -0.023805, 0.869072, 0.0, 0.0, 0.0, 1.0],
                [0.998868, 0.005712, -0.047217, -0.305989, -0.047078, -0.02254, -0.998637, 0.796293, -0.006768, 0.99973, -0.022246, 0.871518, 0.0, 0.0, 0.0, 1.0],
                [0.999021, 0.005354, -0.043904, -0.307748, -0.043782, -0.020981, -0.998821, 0.797737, -0.006268, 0.999766, -0.020726, 0.873899, 0.0, 0.0, 0.0, 1.0],
                [0.999159, 0.005, -0.04069, -0.309458, -0.040586, -0.019467, -0.998986, 0.799141, -0.005787, 0.999798, -0.019247, 0.876215, 0.0, 0.0, 0.0, 1.0],
                [0.999283, 0.004653, -0.03758, -0.311116, -0.037491, -0.017998, -0.999135, 0.800502, -0.005325, 0.999827, -0.017811, 0.878461, 0.0, 0.0, 0.0, 1.0],
                [0.999393, 0.004312, -0.034575, -0.312722, -0.034499, -0.016577, -0.999267, 0.80182, -0.004882, 0.999853, -0.016418, 0.880637, 0.0, 0.0, 0.0, 1.0],
                [0.99949, 0.003978, -0.031678, -0.314273, -0.031614, -0.015204, -0.999385, 0.803094, -0.004458, 0.999876, -0.01507, 0.88274, 0.0, 0.0, 0.0, 1.0],
                [0.999576, 0.003653, -0.028892, -0.315769, -0.028838, -0.013881, -0.999488, 0.804322, -0.004052, 0.999897, -0.01377, 0.884768, 0.0, 0.0, 0.0, 1.0],
                [0.999651, 0.003336, -0.026218, -0.317207, -0.026174, -0.01261, -0.999578, 0.805502, -0.003666, 0.999915, -0.012518, 0.886719, 0.0, 0.0, 0.0, 1.0],
                [0.999716, 0.00303, -0.023659, -0.318586, -0.023623, -0.011391, -0.999656, 0.806634, -0.003298, 0.99993, -0.011316, 0.88859, 0.0, 0.0, 0.0, 1.0],
                [0.999771, 0.002733, -0.021218, -0.319904, -0.021189, -0.010226, -0.999723, 0.807716, -0.002949, 0.999944, -0.010166, 0.890379, 0.0, 0.0, 0.0, 1.0],
                [0.999818, 0.002448, -0.018896, -0.32116, -0.018873, -0.009117, -0.99978, 0.808748, -0.00262, 0.999955, -0.009069, 0.892084, 0.0, 0.0, 0.0, 1.0],
                [0.999858, 0.002175, -0.016697, -0.322352, -0.016679, -0.008064, -0.999828, 0.809726, -0.002309, 0.999965, -0.008027, 0.893703, 0.0, 0.0, 0.0, 1.0],
                [0.999891, 0.001914, -0.014623, -0.323479, -0.014609, -0.00707, -0.999868, 0.810651, -0.002018, 0.999973, -0.007041, 0.895233, 0.0, 0.0, 0.0, 1.0],
                [0.999918, 0.001668, -0.012675, -0.324539, -0.012665, -0.006135, -0.999901, 0.811521, -0.001745, 0.99998, -0.006113, 0.896673, 0.0, 0.0, 0.0, 1.0],
                [0.99994, 0.001435, -0.010857, -0.32553, -0.01085, -0.00526, -0.999927, 0.812335, -0.001492, 0.999985, -0.005244, 0.89802, 0.0, 0.0, 0.0, 1.0],
                [0.999957, 0.001217, -0.009171, -0.326451, -0.009166, -0.004448, -0.999948, 0.813091, -0.001258, 0.999989, -0.004437, 0.899272, 0.0, 0.0, 0.0, 1.0],
                [0.99997, 0.001016, -0.007619, -0.327301, -0.007615, -0.003699, -0.999964, 0.813788, -0.001044, 0.999993, -0.003691, 0.900427, 0.0, 0.0, 0.0, 1.0],
                [0.99998, 0.00083, -0.006204, -0.328077, -0.006201, -0.003015, -0.999976, 0.814425, -0.000849, 0.999995, -0.00301, 0.901482, 0.0, 0.0, 0.0, 1.0],
                [0.999988, 0.000662, -0.004927, -0.328778, -0.004925, -0.002397, -0.999985, 0.815001, -0.000673, 0.999997, -0.002394, 0.902436, 0.0, 0.0, 0.0, 1.0],
                [0.999993, 0.000511, -0.003792, -0.329402, -0.003791, -0.001847, -0.999991, 0.815513, -0.000518, 0.999998, -0.001845, 0.903285, 0.0, 0.0, 0.0, 1.0],
                [0.999996, 0.000378, -0.0028, -0.329948, -0.0028, -0.001365, -0.999995, 0.815962, -0.000382, 0.999999, -0.001364, 0.904029, 0.0, 0.0, 0.0, 1.0],
                [0.999998, 0.000265, -0.001954, -0.330415, -0.001954, -0.000954, -0.999998, 0.816345, -0.000267, 1.0, -0.000953, 0.904664, 0.0, 0.0, 0.0, 1.0],
                [0.999999, 0.000171, -0.001257, -0.3308, -0.001257, -0.000614, -0.999999, 0.816661, -0.000172, 1.0, -0.000614, 0.905189, 0.0, 0.0, 0.0, 1.0],
                [1.0, 9.7e-05, -0.000711, -0.331103, -0.000711, -0.000348, -1.0, 0.81691, -9.7e-05, 1.0, -0.000348, 0.9056, 0.0, 0.0, 0.0, 1.0],
                [1.0, 4.3e-05, -0.000317, -0.331321, -0.000317, -0.000155, -1.0, 0.817089, -4.3e-05, 1.0, -0.000155, 0.905897, 0.0, 0.0, 0.0, 1.0],
                [1.0, 1.1e-05, -8e-05, -0.331453, -8e-05, -3.9e-05, -1.0, 0.817197, -1.1e-05, 1.0, -3.9e-05, 0.906077, 0.0, 0.0, 0.0, 1.0],
                [1.0, -0.0, 0.0, -0.331497, 0.0, 0.0, -1.0, 0.817233, 0.0, 1.0, 0.0, 0.906138, 0.0, 0.0, 0.0, 1.0]
            ]
        },
        {
            "name": "body",
            "time": [0.0, 0.0167, 0.0333, 0.05, 0.0667, 0.0833, 0.1, 0.1167, 0.1333, 0.15, 0.1667, 0.1833, 0.2, 0.2167, 0.2333, 0.25, 0.2667, 0.2833, 0.3, 0.3167, 0.3333, 0.35, 0.3667, 0.3833, 0.4, 0.4167, 0.4333, 0.45, 0.4667, 0.4833, 0.5, 0.5167, 0.5333, 0.55, 0.5667, 0.5833, 0.6, 0.6167, 0.6333, 0.65, 0.6667, 0.6833, 0.7, 0.7167, 0.7333, 0.75, 0.7667, 0.7833, 0.8, 0.8167, 0.8333, 0.85, 0.8667, 0.8833, 0.9, 0.9167, 0.9333, 0.95, 0.9667, 0.9833, 1.0, 1.0167, 1.0333, 1.05, 1.0667, 1.0833, 1.1, 1.1167, 1.1333, 1.15, 1.1667, 1.1833, 1.2, 1.2167, 1.2333, 1.25, 1.2667, 1.2833, 1.3, 1.3167, 1.3333, 1.35, 1.3667, 1.3833, 1.4, 1.4167, 1.4333, 1.45, 1.4667, 1.4833, 1.5, 1.5167, 1.5333, 1.55, 1.5667, 1.5833, 1.6, 1.6167, 1.6333, 1.65, 1.6667, 1.6833, 1.7, 1.7167, 1.7333, 1.75, 1.7667, 1.7833, 1.8, 1.8167, 1.8333, 1.85, 1.8667, 1.8833, 1.9, 1.9167, 1.9333, 1.95, 1.9667, 1.9833, 2.0, 2.0167, 2.0333, 2.05, 2.0667, 2.0833, 2.1, 2.1167, 2.1333, 2.15, 2.1667, 2.1833, 2.2, 2.2167, 2.2333, 2.25, 2.2667, 2.2833, 2.3, 2.3167, 2.3333, 2.35, 2.3667, 2.3833, 2.4, 2.4167, 2.4333, 2.45, 2.4667, 2.4833, 2.5, 2.5167, 2.5333, 2.55, 2.5667, 2.5833, 2.6, 2.6167, 2.6333, 2.65, 2.6667],
            "transform": [
                [1.0, 0.0, 0.0, 0.0, 0.0, 1.0, 0.0, 0.084155, 0.0, 0.0, 1.0, 0.0, 0.0, 0.0, 0.0, 1.0],
                [0.999999, -5.7e-05, 0.001247, 0.0, 5.7e-05, 1.0, 0.000413, 0.084155, -0.001247, -0.000413, 0.999999, -0.0, 0.0, 0.0, 0.0, 1.0],
                [0.999988, -0.000227, 0.00487, -0.0, 0.000219, 0.999999, 0.001613, 0.084155, -0.00487, -0.001612, 0.999987, -0.0, 0.0, 0.0, 0.0, 1.0],
                [0.999943, -0.000508, 0.010691, 0.0, 0.00047, 0.999994, 0.003538, 0.084155, -0.010693, -0.003533, 0.999936, 0.0, 0.0, 0.0, 0.0, 1.0],
                [0.999828, -0.000903, 0.018533, -0.0, 0.00079, 0.999981, 0.006128, 0.084155, -0.018538, -0.006113, 0.99981, 0.0, 0.0, 0.0, 0.0, 1.0],
                [0.999601, -0.001419, 0.028217, 0.0, 0.001156, 0.999956, 0.009325, 0.084155, -0.028229, -0.009288, 0.999558, -0.0, 0.0, 0.0, 0.0, 1.0],
                [0.999215, -0.00206, 0.039564, 0.0, 0.001544, 0.999913, 0.013066, 0.084155, -0.039588, -0.012995, 0.999132, -0.0, 0.0, 0.0, 0.0, 1.0],
                [0.998623, -0.002835, 0.052393, -0.0, 0.001931, 0.999849, 0.017293, 0.084155, -0.052435, -0.017168, 0.998477, 0.0, 0.0, 0.0, 0.0, 1.0],
                [0.997778, -0.003749, 0.066521, -0.0, 0.002293, 0.999757, 0.021944, 0.084155, -0.066587, -0.021743, 0.997544, -0.0, 0.0, 0.0, 0.0, 1.0],
                [0.99664, -0.004806, 0.081761, -0.0, 0.002609, 0.999633, 0.026956, 0.084155, -0.08186, -0.026652, 0.996287, 0.0, 0.0, 0.0, 0.0, 1.0],
                [0.995176, -0.006007, 0.097926, -0.0, 0.002858, 0.999475, 0.032265, 0.084155, -0.098068, -0.031829, 0.994671, 0.0, 0.0, 0.0, 0.0, 1.0],
                [0.993358, -0.007351, 0.114826, -0.0, 0.003025, 0.99928, 0.037808, 0.084155, -0.115022, -0.037209, 0.992666, -0.0, 0.0, 0.0, 0.0, 1.0],
                [0.991174, -0.008833, 0.132272, 0.0, 0.003096, 0.999048, 0.043518, 0.084155, -0.132531, -0.042724, 0.990258, 0.0, 0.0, 0.0, 0.0, 1.0],
                [0.98862, -0.010443, 0.150072, 0.0, 0.003062, 0.998778, 0.04933, 0.084155, -0.150404, -0.04831, 0.987443, -0.0, 0.0, 0.0, 0.0, 1.0],
                [0.985705, -0.012168, 0.168037, 0.0, 0.002919, 0.998472, 0.055178, 0.084155, -0.168452, -0.053899, 0.984235, -0.0, 0.0, 0.0, 0.0, 1.0],
                [0.982454, -0.01399, 0.185978, 0.0, 0.002667, 0.998134, 0.060996, 0.084155, -0.186485, -0.05943, 0.980659, 0.0, 0.0, 0.0, 0.0, 1.0],
                [0.978902, -0.015887, 0.203711, 0.0, 0.002309, 0.997769, 0.066716, 0.084155, -0.204316, -0.064838, 0.976755, -0.0, 0.0, 0.0, 0.0, 1.0],
                [0.975098, -0.017832, 0.221053, -0.0, 0.001855, 0.997383, 0.072275, 0.084155, -0.221764, -0.070065, 0.97258, -0.0, 0.0, 0.0, 0.0, 1.0],
                [0.971105, -0.019797, 0.237829, -0.0, 0.001318, 0.996983, 0.077607, 0.084155, -0.238648, -0.075051, 0.968202, -0.0, 0.0, 0.0, 0.0, 1.0],
                [0.966995, -0.021747, 0.253866, 0.0, 0.000714, 0.996579, 0.082649, 0.084155, -0.254795, -0.079739, 0.963702, -0.0, 0.0, 0.0, 0.0, 1.0],
                [0.96285, -0.023646, 0.268998, 0.0, 6.4e-05, 0.996179, 0.087338, 0.084155, -0.270036, -0.084077, 0.959173, -0.0, 0.0, 0.0, 0.0, 1.0],
                [0.958763, -0.025455, 0.283065, 0.0, -0.00061, 0.995794, 0.091616, 0.084155, -0.284207, -0.08801, 0.954715, -0.0, 0.0, 0.0, 0.0, 1.0],
                [0.95483, -0.027135, 0.295912, -0.0, -0.001283, 0.995436, 0.095421, 0.084155, -0.297151, -0.091491, 0.950437, 0.0, 0.0, 0.0, 0.0, 1.0],
                [0.951153, -0.028645, 0.307387, 0.0, -0.001927, 0.995116, 0.098697, 0.084155, -0.308713, -0.094468, 0.946453, 0.0, 0.0, 0.0, 0.0, 1.0],
                [0.947838, -0.029942, 0.317343, 0.0, -0.002517, 0.994844, 0.101385, 0.084155, -0.318742, -0.096895, 0.942876, 0.0, 0.0, 0.0, 0.0, 1.0],
                [0.944988, -0.030987, 0.325634, 0.0, -0.003026, 0.994632, 0.10343, 0.084155, -0.327091, -0.098725, 0.939822, 0.0, 0.0, 0.0, 0.0, 1.0],
                [0.942632, -0.031781, 0.332316, 0.0, -0.003444, 0.994479, 0.104876, 0.084155, -0.333815, -0.100004, 0.937319, -0.0, 0.0, 0.0, 0.0, 1.0],
                [0.940712, -0.03247, 0.33765, 0.0, -0.003791, 0.99434, 0.106182, 0.084155, -0.339186, -0.101166, 0.935264, 0.0, 0.0, 0.0, 0.0, 1.0],
                [0.939187, -0.033231, 0.341795, 0.0, -0.004095, 0.994152, 0.107908, 0.084155, -0.343382, -0.102745, 0.933559, -0.0, 0.0, 0.0, 0.0, 1.0],
                [0.938012, -0.034247, 0.344908, -0.0, -0.004387, 0.993854, 0.110613, 0.084155, -0.346576, -0.10527, 0.932096, -0.0, 0.0, 0.0, 0.0, 1.0],
                [0.937134, -0.035702, 0.347138, -0.0, -0.004702, 0.993371, 0.114859, 0.084155, -0.348938, -0.10927, 0.930754, -0.0, 0.0, 0.0, 0.0, 1.0],
                [0.936499, -0.037783, 0.348629, 0.0, -0.005074, 0.992615, 0.121204, 0.084155, -0.350634, -0.115276, 0.929391, 0.0, 0.0, 0.0, 0.0, 1.0],
                [0.936048, -0.040673, 0.349515, -0.0, -0.005538, 0.991471, 0.130208, 0.084155, -0.35183, -0.123816, 0.927839, -0.0, 0.0, 0.0, 0.0, 1.0],
                [0.935721, -0.04456, 0.349915, 0.0, -0.006128, 0.989786, 0.142432, 0.084155, -0.352687, -0.135421, 0.92589, 0.0, 0.0, 0.0, 0.0, 1.0],
                [0.93546, -0.04963, 0.34993, 0.0, -0.006883, 0.987346, 0.158434, 0.084155, -0.353365, -0.150617, 0.923281, 0.0, 0.0, 0.0, 0.0, 1.0],
                [0.935206, -0.056072, 0.349638, -0.0, -0.007843, 0.983861, 0.178763, 0.084155, -0.354019, -0.169923, 0.919672, 0.0, 0.0, 0.0, 0.0, 1.0],
                [0.952171, -0.075258, 0.296152, -0.0, 0.010547, 0.976713, 0.21429, 0.084155, -0.305383, -0.200918, 0.930792, 0.0, 0.0, 0.0, 0.0, 1.0],
                [0.982051, -0.106933, 0.155375, 0.0, 0.063057, 0.962497, 0.263862, 0.084155, -0.177764, -0.249329, 0.951964, 0.0, 0.0, 0.0, 0.0, 1.0],
                [0.990353, -0.133506, -0.037096, 0.0, 0.138428, 0.941392, 0.307601, 0.084155, -0.006145, -0.309768, 0.950792, 0.0, 0.0, 0.0, 0.0, 1.0],
                [0.963116, -0.14263, -0.228177, -0.0, 0.214733, 0.91841, 0.332284, 0.084155, 0.162166, -0.369025, 0.915162, -0.0, 0.0, 0.0, 0.0, 1.0],
                [0.922242, -0.133374, -0.362878, -0.0, 0.264527, 0.902195, 0.34069, 0.084155, 0.281948, -0.410189, 0.867324, 0.0, 0.0, 0.0, 0.0, 1.0],
                [0.888386, -0.117584, -0.443785, -0.0, 0.289863, 0.89327, 0.343582, 0.084155, 0.35602, -0.43387, 0.827651, 0.0, 0.0, 0.0, 0.0, 1.0],
                [0.85686, -0.103587, -0.505035, -0.0, 0.309984, 0.886268, 0.344149, 0.084155, 0.411947, -0.45144, 0.791519, -0.0, 0.0, 0.0, 0.0, 1.0],
                [0.829876, -0.091965, -0.550317, 0.0, 0.325446, 0.88094, 0.343555, 0.084155, 0.453201, -0.464207, 0.761, -0.0, 0.0, 0.0, 0.0, 1.0],
                [0.808333, -0.082867, -0.582865, -0.0, 0.336902, 0.87702, 0.342537, 0.084155, 0.482799, -0.473253, 0.736842, -0.0, 0.0, 0.0, 0.0, 1.0],
                [0.792285, -0.076177, -0.605377, -0.0, 0.345009, 0.874262, 0.341518, 0.084155, 0.503242, -0.47944, 0.718947, 0.0, 0.0, 0.0, 0.0, 1.0],
                [0.781262, -0.07162, -0.620081, 0.0, 0.350391, 0.872438, 0.340703, 0.084155, 0.516581, -0.483449, 0.706698, 0.0, 0.0, 0.0, 0.0, 1.0],
                [0.774477, -0.068829, -0.628847, 0.0, 0.353633, 0.871342, 0.340158, 0.084155, 0.524528, -0.485825, 0.699174, 0.0, 0.0, 0.0, 0.0, 1.0],
                [0.770965, -0.067388, -0.633303, -0.0, 0.355291, 0.870782, 0.339864, 0.084155, 0.528566, -0.48703, 0.695284, 0.0, 0.0, 0.0, 0.0, 1.0],
                [0.769666, -0.066856, -0.634937, 0.0, 0.355901, 0.870576, 0.339753, 0.084155, 0.530047, -0.487471, 0.693847, -0.0, 0.0, 0.0, 0.0, 1.0],
                [0.76948, -0.06678, -0.63517, -0.0, 0.355988, 0.870547, 0.339737, 0.084155, 0.530257, -0.487534, 0.693641, 0.0, 0.0, 0.0, 0.0, 1.0],
                [0.769584, -0.066807, -0.635042, -0.0, 0.355885, 0.870605, 0.339696, 0.084155, 0.530176, -0.487426, 0.693779, 0.0, 0.0, 0.0, 0.0, 1.0],
                [0.769892, -0.066887, -0.634659, -0.0, 0.355578, 0.870778, 0.339573, 0.084155, 0.529934, -0.487105, 0.694189, -0.0, 0.0, 0.0, 0.0, 1.0],
                [0.770402, -0.067019, -0.634027, 0.0, 0.355071, 0.871064, 0.339369, 0.084155, 0.529533, -0.486575, 0.694866, -0.0, 0.0, 0.0, 0.0, 1.0],
                [0.771107, -0.067202, -0.633149, -0.0, 0.354368, 0.871461, 0.339086, 0.084155, 0.528977, -0.48584, 0.695804, 0.0, 0.0, 0.0, 0.0, 1.0],
                [0.772005, -0.067433, -0.632029, -0.0, 0.353473, 0.871965, 0.338724, 0.084155, 0.528266, -0.484902, 0.696997, -0.0, 0.0, 0.0, 0.0, 1.0],
                [0.773092, -0.067711, -0.63067, -0.0, 0.352388, 0.872575, 0.338284, 0.084155, 0.527401, -0.483765, 0.698441, 0.0, 0.0, 0.0, 0.0, 1.0],
                [0.77436, -0.068034, -0.629077, -0.0, 0.351119, 0.873287, 0.337764, 0.084155, 0.526385, -0.482432, 0.700127, -0.0, 0.0, 0.0, 0.0, 1.0],
                [0.775808, -0.068399, -0.627251, -0.0, 0.349668, 0.8741, 0.337166, 0.084155, 0.525218, -0.480906, 0.702051, 0.0, 0.0, 0.0, 0.0, 1.0],
                [0.777429, -0.068804, -0.625196, 0.0, 0.34804, 0.87501, 0.336489, 0.084155, 0.523901, -0.47919, 0.704205, -0.0, 0.0, 0.0, 0.0, 1.0],
                [0.779218, -0.069247, -0.622916, -0.0, 0.346238, 0.876015, 0.335733, 0.084155, 0.522435, -0.477286, 0.706583, 0.0, 0.0, 0.0, 0.0, 1.0],
                [0.781171, -0.069725, -0.620411, 0.0, 0.344265, 0.877112, 0.334897, 0.084155, 0.52082, -0.475198, 0.709179, -0.0, 0.0, 0.0, 0.0, 1.0],
                [0.783282, -0.070235, -0.617686, 0.0, 0.342127, 0.878297, 0.33398, 0.084155, 0.519055, -0.472928, 0.711984, 0.0, 0.0, 0.0, 0.0, 1.0],
                [0.785546, -0.070774, -0.614742, -0.0, 0.339826, 0.879569, 0.332982, 0.084155, 0.517142, -0.470478, 0.714993, -0.0, 0.0, 0.0, 0.0, 1.0],
                [0.787958, -0.07134, -0.611582, 0.0, 0.337366, 0.880924, 0.331901, 0.084155, 0.515079, -0.467851, 0.718198, -0.0, 0.0, 0.0, 0.0, 1.0],
                [0.790512, -0.071929, -0.608209, 0.0, 0.334751, 0.882358, 0.330738, 0.084155, 0.512868, -0.46505, 0.721592, -0.0, 0.0, 0.0, 0.0, 1.0],
                [0.793202, -0.072538, -0.604623, 0.0, 0.331985, 0.883868, 0.32949, 0.084155, 0.510507, -0.462077, 0.725167, 0.0, 0.0, 0.0, 0.0, 1.0],
                [0.796023, -0.073163, -0.600829, -0.0, 0.329072, 0.885452, 0.328156, 0.084155, 0.507996, -0.458935, 0.728916, 0.0, 0.0, 0.0, 0.0, 1.0],
                [0.798968, -0.073803, -0.596828, 0.0, 0.326015, 0.887106, 0.326736, 0.084155, 0.505336, -0.455626, 0.732831, 0.0, 0.0, 0.0, 0.0, 1.0],
                [0.802033, -0.074453, -0.592621, -0.0, 0.32282, 0.888827, 0.325228, 0.084155, 0.502524, -0.452153, 0.736904, 0.0, 0.0, 0.0, 0.0, 1.0],
                [0.805211, -0.075109, -0.588213, 0.0, 0.31949, 0.890612, 0.32363, 0.084155, 0.499562, -0.448519, 0.741127, 0.0, 0.0, 0.0, 0.0, 1.0],
                [0.808496, -0.075769, -0.583604, -0.0, 0.316028, 0.892457, 0.321942, 0.084155, 0.496448, -0.444725, 0.745493, 0.0, 0.0, 0.0, 0.0, 1.0],
                [0.811882, -0.076429, -0.578798, 0.0, 0.31244, 0.894358, 0.320163, 0.084155, 0.493183, -0.440774, 0.749993, 0.0, 0.0, 0.0, 0.0, 1.0],
                [0.815363, -0.077085, -0.573796, 0.0, 0.30873, 0.896313, 0.318291, 0.084155, 0.489765, -0.43667, 0.754618, -0.0, 0.0, 0.0, 0.0, 1.0],
                [0.818932, -0.077735, -0.568601, -0.0, 0.304901, 0.898317, 0.316324, 0.084155, 0.486195, -0.432415, 0.759362, -0.0, 0.0, 0.0, 0.0, 1.0],
                [0.822584, -0.078374, -0.563217, 0.0, 0.300958, 0.900368, 0.314263, 0.084155, 0.482472, -0.428012, 0.764216, 0.0, 0.0, 0.0, 0.0, 1.0],
                [0.826312, -0.078999, -0.557645, 0.0, 0.296906, 0.902462, 0.312105, 0.084155, 0.478597, -0.423464, 0.76917, -0.0, 0.0, 0.0, 0.0, 1.0],
                [0.83011, -0.079606, -0.551888, -0.0, 0.292749, 0.904595, 0.30985, 0.084155, 0.474569, -0.418774, 0.774217, 0.0, 0.0, 0.0, 0.0, 1.0],
                [0.833971, -0.080193, -0.54595, -0.0, 0.288492, 0.906763, 0.307496, 0.084155, 0.470388, -0.413945, 0.779349, 0.0, 0.0, 0.0, 0.0, 1.0],
                [0.837889, -0.080756, -0.539834, 0.0, 0.284138, 0.908963, 0.305043, 0.084155, 0.466055, -0.40898, 0.784556, 0.0, 0.0, 0.0, 0.0, 1.0],
                [0.841858, -0.081291, -0.533542, 0.0, 0.279694, 0.911192, 0.30249, 0.084155, 0.46157, -0.403883, 0.78983, 0.0, 0.0, 0.0, 0.0, 1.0],
