{
    "animation": [
        {
            "name": "Root",
            "time": [0.0, 0.0167, 0.0333, 0.05, 0.0667, 0.0833, 0.1, 0.1167, 0.1333, 0.15, 0.1667, 0.1833, 0.2, 0.2167, 0.2333, 0.25, 0.2667, 0.2833, 0.3, 0.3167, 0.3333, 0.35, 0.3667, 0.3833, 0.4, 0.4167, 0.4333, 0.45, 0.4667, 0.4833, 0.5, 0.5167, 0.5333, 0.55, 0.5667, 0.5833, 0.6, 0.6167, 0.6333, 0.65, 0.6667, 0.6833, 0.7, 0.7167, 0.7333, 0.75, 0.7667, 0.7833, 0.8, 0.8167, 0.8333, 0.85, 0.8667, 0.8833, 0.9, 0.9167, 0.9333, 0.95, 0.9667, 0.9833, 1.0, 1.0167, 1.0333, 1.05, 1.0667, 1.0833, 1.1, 1.1167, 1.1333, 1.15, 1.1667, 1.1833, 1.2, 1.2167, 1.2333, 1.25, 1.2667, 1.2833, 1.3, 1.3167, 1.3333, 1.35, 1.3667, 1.3833, 1.4, 1.4167, 1.4333, 1.45, 1.4667, 1.4833, 1.5, 1.5167, 1.5333, 1.55, 1.5667, 1.5833, 1.6, 1.6167, 1.6333, 1.65, 1.6667, 1.6833, 1.7, 1.7167, 1.7333, 1.75, 1.7667, 1.7833, 1.8, 1.8167, 1.8333, 1.85, 1.8667, 1.8833, 1.9, 1.9167, 1.9333, 1.95, 1.9667, 1.9833, 2.0, 2.0167, 2.0333, 2.05, 2.0667, 2.0833, 2.1, 2.1167, 2.1333, 2.15, 2.1667, 2.1833, 2.2, 2.2167, 2.2333, 2.25, 2.2667, 2.2833, 2.3, 2.3167, 2.3333, 2.35, 2.3667, 2.3833, 2.4, 2.4167, 2.4333, 2.45, 2.4667, 2.4833, 2.5, 2.5167, 2.5333, 2.55, 2.5667, 2.5833, 2.6, 2.6167, 2.6333, 2.65, 2.6667],
            "transform": [
                [0.903406, 0.008296, -0.428705, 0.0, -0.421691, -0.163927, -0.891798, 0.0, -0.077675, 0.986438, -0.144594, 0.660943, 0.0, 0.0, 0.0, 1.0],
                [0.902662, 0.007776, -0.43028, 0.0, -0.423283, -0.164412, -0.890955, 0.0, -0.077671, 0.986361, -0.145117, 0.660943, 0.0, 0.0, 0.0, 1.0],
                [0.900483, 0.006258, -0.434846, 0.0, -0.4279, -0.165814, -0.888486, 0.0, -0.077663, 0.986137, -0.146635, 0.660943, 0.0, 0.0, 0.0, 1.0],
                [0.896929, 0.0038, -0.442158, 0.0, -0.4353, -0.168052, -0.884462, 0.0, -0.077666, 0.985771, -0.149076, 0.660943, 0.0, 0.0, 0.0, 1.0],
                [0.892038, 0.000454, -0.45196, 0.0, -0.445231, -0.171034, -0.878929, 0.0, -0.0777, 0.985265, -0.152367, 0.660943, 0.0, 0.0, 0.0, 1.0],
                [0.885834, -0.003731, -0.463987, 0.0, -0.457435, -0.174667, -0.87192, 0.0, -0.07779, 0.984621, -0.156433, 0.660943, 0.0, 0.0, 0.0, 1.0],
                [0.878335, -0.008711, -0.477967, 0.0, -0.471646, -0.178851, -0.86346, 0.0, -0.077963, 0.983838, -0.1612, 0.660943, 0.0, 0.0, 0.0, 1.0],
                [0.869557, -0.014438, -0.493621, 0.0, -0.487593, -0.183486, -0.853572, 0.0, -0.078248, 0.982916, -0.166591, 0.660943, 0.0, 0.0, 0.0, 1.0],
                [0.859526, -0.020863, -0.510666, 0.0, -0.505001, -0.188469, -0.842291, 0.0, -0.078673, 0.981857, -0.17253, 0.660943, 0.0, 0.0, 0.0, 1.0],
                [0.848275, -0.027929, -0.528819, 0.0, -0.523591, -0.193701, -0.829658, 0.0, -0.079261, 0.980663, -0.178935, 0.660943, 0.0, 0.0, 0.0, 1.0],
                [0.835855, -0.035578, -0.547797, 0.0, -0.543085, -0.199083, -0.815736, 0.0, -0.080035, 0.979337, -0.185726, 0.660943, 0.0, 0.0, 0.0, 1.0],
                [0.822336, -0.04374, -0.567319, 0.0, -0.563206, -0.204519, -0.800606, 0.0, -0.081009, 0.977885, -0.192819, 0.660943, 0.0, 0.0, 0.0, 1.0],
                [0.80781, -0.052343, -0.587115, 0.0, -0.583685, -0.209922, -0.784376, 0.0, -0.082192, 0.976316, -0.200129, 0.660943, 0.0, 0.0, 0.0, 1.0],
                [0.792393, -0.061302, -0.606923, 0.0, -0.604257, -0.215208, -0.767176, 0.0, -0.083585, 0.974642, -0.207571, 0.660943, 0.0, 0.0, 0.0, 1.0],
                [0.776225, -0.070529, -0.626498, 0.0, -0.624675, -0.220305, -0.749165, 0.0, -0.085182, 0.972878, -0.215064, 0.660943, 0.0, 0.0, 0.0, 1.0],
                [0.759471, -0.079928, -0.645613, 0.0, -0.644702, -0.225148, -0.730526, 0.0, -0.086969, 0.971041, -0.222523, 0.660943, 0.0, 0.0, 0.0, 1.0],
                [0.742317, -0.089396, -0.664059, 0.0, -0.664123, -0.229686, -0.711467, 0.0, -0.088923, 0.969151, -0.229869, 0.660943, 0.0, 0.0, 0.0, 1.0],
                [0.72497, -0.098827, -0.681654, 0.0, -0.682741, -0.233875, -0.692219, 0.0, -0.091012, 0.967231, -0.237025, 0.660943, 0.0, 0.0, 0.0, 1.0],
                [0.707656, -0.108112, -0.698236, 0.0, -0.700383, -0.237685, -0.67303, 0.0, -0.093198, 0.965307, -0.243919, 0.660943, 0.0, 0.0, 0.0, 1.0],
                [0.690616, -0.11714, -0.713672, 0.0, -0.716897, -0.241097, -0.654164, 0.0, -0.095436, 0.963405, -0.250483, 0.660943, 0.0, 0.0, 0.0, 1.0],
                [0.6741, -0.125798, -0.72785, 0.0, -0.732154, -0.244102, -0.635897, 0.0, -0.097675, 0.961556, -0.256652, 0.660943, 0.0, 0.0, 0.0, 1.0],
                [0.658367, -0.133974, -0.740678, 0.0, -0.746044, -0.246699, -0.618513, 0.0, -0.09986, 0.959787, -0.262368, 0.660943, 0.0, 0.0, 0.0, 1.0],
                [0.64368, -0.141558, -0.752088, 0.0, -0.758476, -0.248895, -0.6023, 0.0, -0.101931, 0.95813, -0.267577, 0.660943, 0.0, 0.0, 0.0, 1.0],
                [0.630305, -0.148442, -0.762024, 0.0, -0.769373, -0.250705, -0.587547, 0.0, -0.103826, 0.956615, -0.272228, 0.660943, 0.0, 0.0, 0.0, 1.0],
                [0.618504, -0.154519, -0.770439, 0.0, -0.778669, -0.252144, -0.574541, 0.0, -0.105484, 0.955273, -0.276271, 0.660943, 0.0, 0.0, 0.0, 1.0],
                [0.608535, -0.159686, -0.777294, 0.0, -0.786301, -0.253232, -0.563563, 0.0, -0.106842, 0.954135, -0.279662, 0.660943, 0.0, 0.0, 0.0, 1.0],
                [0.600408, -0.163929, -0.782712, 0.0, -0.79238, -0.254029, -0.55462, 0.0, -0.107913, 0.953203, -0.282415, 0.660943, 0.0, 0.0, 0.0, 1.0],
                [0.593862, -0.167359, -0.786968, 0.0, -0.797182, -0.254616, -0.547422, 0.0, -0.108758, 0.95245, -0.284623, 0.660943, 0.0, 0.0, 0.0, 1.0],
                [0.588741, -0.170063, -0.790229, 0.0, -0.800885, -0.255035, -0.541795, 0.0, -0.109397, 0.951859, -0.28635, 0.660943, 0.0, 0.0, 0.0, 1.0],
                [0.58488, -0.172127, -0.792646, 0.0, -0.803647, -0.25532, -0.537553, 0.0, -0.109851, 0.951412, -0.28766, 0.660943, 0.0, 0.0, 0.0, 1.0],
                [0.582106, -0.173638, -0.794357, 0.0, -0.805618, -0.2555, -0.534508, 0.0, -0.110148, 0.951089, -0.288614, 0.660943, 0.0, 0.0, 0.0, 1.0],
                [0.580242, -0.174683, -0.795491, 0.0, -0.806939, -0.2556, -0.532464, 0.0, -0.110315, 0.95087, -0.289269, 0.660943, 0.0, 0.0, 0.0, 1.0],
                [0.579109, -0.175352, -0.796169, 0.0, -0.807743, -0.255642, -0.531224, 0.0, -0.110383, 0.950736, -0.289684, 0.660943, 0.0, 0.0, 0.0, 1.0],
                [0.578525, -0.175729, -0.79651, 0.0, -0.808161, -0.255645, -0.530587, 0.0, -0.110384, 0.950666, -0.289914, 0.660943, 0.0, 0.0, 0.0, 1.0],
                [0.578309, -0.175903, -0.796628, 0.0, -0.80832, -0.255627, -0.530352, 0.0, -0.110349, 0.950638, -0.290017, 0.660943, 0.0, 0.0, 0.0, 1.0],
                [0.578277, -0.175961, -0.796639, 0.0, -0.808349, -0.255607, -0.530319, 0.0, -0.110311, 0.950633, -0.290049, 0.660943, 0.0, 0.0, 0.0, 1.0],
                [0.618083, -0.159088, -0.769846, 0.001247, -0.780733, -0.238599, -0.577518, 0.098487, -0.091808, 0.957999, -0.27168, 0.657277, 0.0, 0.0, 0.0, 1.0],
                [0.716679, -0.121094, -0.68681, 0.00447, -0.695612, -0.194666, -0.691542, 0.318841, -0.049957, 0.973366, -0.223747, 0.647808, 0.0, 0.0, 0.0, 1.0],
                [0.835078, -0.082226, -0.543952, 0.008887, -0.550092, -0.136703, -0.823839, 0.548407, -0.006619, 0.987194, -0.15939, 0.634828, 0.0, 0.0, 0.0, 1.0],
                [0.931744, -0.057557, -0.358525, 0.01372, -0.362461, -0.088169, -0.927819, 0.674528, 0.021792, 0.994441, -0.103014, 0.620628, 0.0, 0.0, 0.0, 1.0],
                [0.98396, -0.055724, -0.169464, 0.018254, -0.172785, -0.061431, -0.983042, 0.702929, 0.044369, 0.996554, -0.070074, 0.607304, 0.0, 0.0, 0.0, 1.0],
                [0.99742, -0.071161, -0.009492, 0.022043, -0.013016, -0.049223, -0.998703, 0.717513, 0.070601, 0.99625, -0.050022, 0.59617, 0.0, 0.0, 0.0, 1.0],
                [0.990923, -0.089526, 0.100286, 0.024706, 0.096297, -0.047818, -0.994203, 0.722886, 0.093803, 0.994836, -0.038762, 0.588343, 0.0, 0.0, 0.0, 1.0],
                [0.984117, -0.099947, 0.146713, 0.025864, 0.142334, -0.049653, -0.988572, 0.723654, 0.106089, 0.993753, -0.034639, 0.584941, 0.0, 0.0, 0.0, 1.0],
                [0.982186, -0.103189, 0.157045, 0.026111, 0.152526, -0.050368, -0.987015, 0.723654, 0.109759, 0.993386, -0.033732, 0.584171, 0.0, 0.0, 0.0, 1.0],
                [0.980387, -0.106036, 0.166123, 0.026299, 0.161481, -0.051012, -0.985556, 0.723657, 0.112979, 0.993053, -0.032889, 0.583492, 0.0, 0.0, 0.0, 1.0],
                [0.978742, -0.108518, 0.174034, 0.026438, 0.169289, -0.05158, -0.984216, 0.723664, 0.115782, 0.992755, -0.032113, 0.582898, 0.0, 0.0, 0.0, 1.0],
                [0.977262, -0.110662, 0.180867, 0.026535, 0.176033, -0.052071, -0.983006, 0.723679, 0.1182, 0.992493, -0.031407, 0.582382, 0.0, 0.0, 0.0, 1.0],
                [0.975954, -0.112496, 0.186705, 0.026597, 0.1818, -0.052484, -0.981934, 0.723702, 0.120263, 0.992265, -0.03077, 0.58194, 0.0, 0.0, 0.0, 1.0],
                [0.974818, -0.114046, 0.191633, 0.026632, 0.186669, -0.05282, -0.981002, 0.723737, 0.122001, 0.99207, -0.030201, 0.581566, 0.0, 0.0, 0.0, 1.0],
                [0.973852, -0.115337, 0.19573, 0.026647, 0.190721, -0.053081, -0.980208, 0.723786, 0.123444, 0.991907, -0.029695, 0.581255, 0.0, 0.0, 0.0, 1.0],
                [0.973047, -0.116395, 0.199076, 0.026652, 0.194034, -0.05327, -0.979547, 0.723851, 0.12462, 0.991773, -0.029249, 0.580999, 0.0, 0.0, 0.0, 1.0],
                [0.972394, -0.117245, 0.20175, 0.026652, 0.196685, -0.053391, -0.979012, 0.723934, 0.125556, 0.991667, -0.028857, 0.580795, 0.0, 0.0, 0.0, 1.0],
                [0.971881, -0.117909, 0.203827, 0.026656, 0.19875, -0.053449, -0.978592, 0.724038, 0.12628, 0.991585, -0.028512, 0.580636, 0.0, 0.0, 0.0, 1.0],
                [0.971492, -0.118413, 0.205383, 0.026672, 0.200302, -0.05345, -0.978275, 0.724166, 0.126818, 0.991525, -0.028207, 0.580516, 0.0, 0.0, 0.0, 1.0],
                [0.971211, -0.118779, 0.206494, 0.026707, 0.201417, -0.053398, -0.978049, 0.724319, 0.127198, 0.991484, -0.027936, 0.58043, 0.0, 0.0, 0.0, 1.0],
                [0.971023, -0.119031, 0.207234, 0.026769, 0.202168, -0.0533, -0.977899, 0.724499, 0.127446, 0.991459, -0.027691, 0.580373, 0.0, 0.0, 0.0, 1.0],
                [0.970909, -0.119192, 0.207678, 0.026865, 0.202628, -0.053161, -0.977812, 0.724709, 0.127588, 0.991447, -0.027463, 0.580338, 0.0, 0.0, 0.0, 1.0],
                [0.97085, -0.119285, 0.207898, 0.027004, 0.20287, -0.052989, -0.977771, 0.724952, 0.127649, 0.991445, -0.027245, 0.58032, 0.0, 0.0, 0.0, 1.0],
                [0.970829, -0.119332, 0.20797, 0.027193, 0.202966, -0.052789, -0.977762, 0.725229, 0.127657, 0.99145, -0.027029, 0.580313, 0.0, 0.0, 0.0, 1.0],
                [0.970826, -0.119358, 0.207966, 0.027439, 0.202991, -0.052568, -0.977769, 0.725543, 0.127637, 0.991459, -0.026806, 0.580312, 0.0, 0.0, 0.0, 1.0],
                [0.970844, -0.119347, 0.207889, 0.027807, 0.202944, -0.052324, -0.977791, 0.725953, 0.127574, 0.991473, -0.026577, 0.58041, 0.0, 0.0, 0.0, 1.0],
                [0.970896, -0.119268, 0.207691, 0.028353, 0.202782, -0.052051, -0.97784, 0.726512, 0.127436, 0.991497, -0.02635, 0.580698, 0.0, 0.0, 0.0, 1.0],
                [0.970982, -0.119124, 0.207375, 0.029072, 0.202506, -0.051749, -0.977913, 0.727218, 0.127224, 0.99153, -0.026124, 0.581175, 0.0, 0.0, 0.0, 1.0],
                [0.971099, -0.118915, 0.206943, 0.029961, 0.202119, -0.051421, -0.97801, 0.728068, 0.126942, 0.991572, -0.0259, 0.581835, 0.0, 0.0, 0.0, 1.0],
                [0.971248, -0.118643, 0.206399, 0.031017, 0.201624, -0.051065, -0.978131, 0.729058, 0.126589, 0.991623, -0.025676, 0.582675, 0.0, 0.0, 0.0, 1.0],
                [0.971428, -0.118309, 0.205744, 0.032236, 0.201022, -0.050684, -0.978275, 0.730185, 0.126167, 0.991682, -0.025453, 0.583691, 0.0, 0.0, 0.0, 1.0],
                [0.971637, -0.117915, 0.204981, 0.033613, 0.200315, -0.050277, -0.978441, 0.731447, 0.125679, 0.99175, -0.025231, 0.584879, 0.0, 0.0, 0.0, 1.0],
                [0.971875, -0.117461, 0.204113, 0.035146, 0.199507, -0.049846, -0.978628, 0.73284, 0.125125, 0.991826, -0.02501, 0.586235, 0.0, 0.0, 0.0, 1.0],
                [0.97214, -0.116949, 0.203141, 0.036831, 0.198598, -0.049391, -0.978836, 0.734361, 0.124507, 0.991909, -0.024789, 0.587755, 0.0, 0.0, 0.0, 1.0],
                [0.972432, -0.116379, 0.202068, 0.038664, 0.197592, -0.048913, -0.979063, 0.736006, 0.123827, 0.992, -0.024569, 0.589436, 0.0, 0.0, 0.0, 1.0],
                [0.972749, -0.115755, 0.200897, 0.040641, 0.196491, -0.048413, -0.97931, 0.737774, 0.123086, 0.992097, -0.024349, 0.591273, 0.0, 0.0, 0.0, 1.0],
                [0.973091, -0.115075, 0.19963, 0.042759, 0.195296, -0.047891, -0.979574, 0.73966, 0.122285, 0.992202, -0.024129, 0.593262, 0.0, 0.0, 0.0, 1.0],
                [0.973455, -0.114343, 0.198269, 0.045014, 0.194011, -0.047349, -0.979856, 0.741661, 0.121427, 0.992312, -0.023909, 0.5954, 0.0, 0.0, 0.0, 1.0],
                [0.973842, -0.113558, 0.196817, 0.047402, 0.192636, -0.046787, -0.980154, 0.743775, 0.120513, 0.992429, -0.023688, 0.597683, 0.0, 0.0, 0.0, 1.0],
                [0.974249, -0.112723, 0.195275, 0.04992, 0.191176, -0.046207, -0.980468, 0.745998, 0.119544, 0.992551, -0.023467, 0.600106, 0.0, 0.0, 0.0, 1.0],
                [0.974676, -0.111838, 0.193648, 0.052564, 0.18963, -0.045608, -0.980796, 0.748327, 0.118522, 0.992679, -0.023245, 0.602667, 0.0, 0.0, 0.0, 1.0],
                [0.975121, -0.110904, 0.191936, 0.05533, 0.188003, -0.044992, -0.981137, 0.750759, 0.117448, 0.992812, -0.023022, 0.60536, 0.0, 0.0, 0.0, 1.0],
                [0.975583, -0.109924, 0.190142, 0.058215, 0.186295, -0.044359, -0.981492, 0.753291, 0.116324, 0.99295, -0.022798, 0.608182, 0.0, 0.0, 0.0, 1.0],
                [0.976062, -0.108898, 0.188269, 0.061215, 0.18451, -0.043711, -0.981858, 0.75592, 0.115151, 0.993091, -0.022572, 0.61113, 0.0, 0.0, 0.0, 1.0],
                [0.976555, -0.107827, 0.186318, 0.064326, 0.182649, -0.043048, -0.982235, 0.758642, 0.113932, 0.993237, -0.022344, 0.614198, 0.0, 0.0, 0.0, 1.0],
                [0.977061, -0.106712, 0.184294, 0.067545, 0.180715, -0.042371, -0.982622, 0.761455, 0.112667, 0.993387, -0.022115, 0.617384, 0.0, 0.0, 0.0, 1.0],
                [0.97758, -0.105556, 0.182196, 0.070867, 0.178709, -0.041682, -0.983019, 0.764355, 0.111358, 0.993539, -0.021883, 0.620683, 0.0, 0.0, 0.0, 1.0],
                [0.97811, -0.104358, 0.180029, 0.07429, 0.176635, -0.04098, -0.983423, 0.767339, 0.110006, 0.993695, -0.021649, 0.624092, 0.0, 0.0, 0.0, 1.0],
                [0.978649, -0.103121, 0.177795, 0.077809, 0.174494, -0.040266, -0.983834, 0.770405, 0.108613, 0.993853, -0.021413, 0.627607, 0.0, 0.0, 0.0, 1.0],
                [0.979198, -0.101846, 0.175496, 0.081421, 0.172289, -0.039543, -0.984253, 0.773548, 0.107181, 0.994014, -0.021173, 0.631223, 0.0, 0.0, 0.0, 1.0],
                [0.979754, -0.100533, 0.173134, 0.085123, 0.170021, -0.038809, -0.984676, 0.776766, 0.105712, 0.994176, -0.020931, 0.634936, 0.0, 0.0, 0.0, 1.0],
                [0.980316, -0.099184, 0.170711, 0.08891, 0.167694, -0.038067, -0.985104, 0.780056, 0.104205, 0.994341, -0.020685, 0.638744, 0.0, 0.0, 0.0, 1.0],
                [0.980884, -0.097801, 0.168231, 0.092778, 0.165308, -0.037317, -0.985536, 0.783414, 0.102664, 0.994506, -0.020436, 0.642642, 0.0, 0.0, 0.0, 1.0],
                [0.981456, -0.096385, 0.165696, 0.096725, 0.162868, -0.036559, -0.98597, 0.786838, 0.10109, 0.994673, -0.020183, 0.646625, 0.0, 0.0, 0.0, 1.0],
                [0.98203, -0.094936, 0.163107, 0.100747, 0.160374, -0.035795, -0.986407, 0.790324, 0.099484, 0.99484, -0.019927, 0.650691, 0.0, 0.0, 0.0, 1.0],
                [0.982607, -0.093457, 0.160468, 0.104839, 0.157829, -0.035026, -0.986845, 0.79387, 0.097848, 0.995007, -0.019667, 0.654835, 0.0, 0.0, 0.0, 1.0],
                [0.983184, -0.091948, 0.157781, 0.108998, 0.155236, -0.034252, -0.987283, 0.797471, 0.096183, 0.995175, -0.019402, 0.659053, 0.0, 0.0, 0.0, 1.0],
                [0.983761, -0.090411, 0.155049, 0.113221, 0.152597, -0.033474, -0.987722, 0.801126, 0.094491, 0.995342, -0.019134, 0.663341, 0.0, 0.0, 0.0, 1.0],
                [0.984337, -0.088848, 0.152273, 0.117503, 0.149914, -0.032692, -0.988158, 0.80483, 0.092774, 0.995508, -0.018861, 0.667696, 0.0, 0.0, 0.0, 1.0],
                [0.98491, -0.087259, 0.149457, 0.121842, 0.147189, -0.031909, -0.988594, 0.808581, 0.091033, 0.995674, -0.018584, 0.672114, 0.0, 0.0, 0.0, 1.0],
                [0.985481, -0.085646, 0.146602, 0.126233, 0.144425, -0.031123, -0.989026, 0.812375, 0.089269, 0.995839, -0.018302, 0.67659, 0.0, 0.0, 0.0, 1.0],
                [0.986047, -0.08401, 0.143712, 0.130672, 0.141624, -0.030337, -0.989455, 0.81621, 0.087484, 0.996003, -0.018016, 0.681121, 0.0, 0.0, 0.0, 1.0],
                [0.986609, -0.082353, 0.140789, 0.135157, 0.138789, -0.02955, -0.989881, 0.820082, 0.08568, 0.996165, -0.017725, 0.685703, 0.0, 0.0, 0.0, 1.0],
                [0.987164, -0.080676, 0.137835, 0.139683, 0.135922, -0.028764, -0.990302, 0.823989, 0.083858, 0.996325, -0.017429, 0.690331, 0.0, 0.0, 0.0, 1.0],
                [0.987713, -0.078981, 0.134852, 0.144247, 0.133025, -0.027979, -0.990718, 0.827926, 0.082021, 0.996483, -0.017129, 0.695003, 0.0, 0.0, 0.0, 1.0],
                [0.988254, -0.077268, 0.131844, 0.148845, 0.130101, -0.027196, -0.991128, 0.831892, 0.080168, 0.996639, -0.016824, 0.699714, 0.0, 0.0, 0.0, 1.0],
                [0.988788, -0.075539, 0.128813, 0.153473, 0.127153, -0.026416, -0.991531, 0.835882, 0.078302, 0.996793, -0.016514, 0.70446, 0.0, 0.0, 0.0, 1.0],
                [0.989312, -0.073797, 0.125762, 0.158127, 0.124182, -0.025638, -0.991928, 0.839894, 0.076425, 0.996944, -0.0162, 0.709237, 0.0, 0.0, 0.0, 1.0],
                [0.989827, -0.072041, 0.122692, 0.162805, 0.121191, -0.024865, -0.992318, 0.843924, 0.074538, 0.997092, -0.015881, 0.714042, 0.0, 0.0, 0.0, 1.0],
                [0.990331, -0.070274, 0.119606, 0.167502, 0.118182, -0.024096, -0.992699, 0.84797, 0.072643, 0.997237, -0.015558, 0.71887, 0.0, 0.0, 0.0, 1.0],
                [0.990825, -0.068497, 0.116508, 0.172215, 0.115159, -0.023332, -0.993073, 0.852028, 0.070741, 0.997378, -0.01523, 0.723717, 0.0, 0.0, 0.0, 1.0],
                [0.991307, -0.066711, 0.113398, 0.176939, 0.112123, -0.022574, -0.993438, 0.856096, 0.068833, 0.997517, -0.014898, 0.72858, 0.0, 0.0, 0.0, 1.0],
                [0.991778, -0.064918, 0.110281, 0.181672, 0.109077, -0.021822, -0.993794, 0.860169, 0.066922, 0.997652, -0.014562, 0.733455, 0.0, 0.0, 0.0, 1.0],
                [0.992236, -0.06312, 0.107159, 0.18641, 0.106024, -0.021077, -0.99414, 0.864245, 0.065008, 0.997783, -0.014221, 0.738338, 0.0, 0.0, 0.0, 1.0],
                [0.992682, -0.061317, 0.104034, 0.191148, 0.102965, -0.020339, -0.994477, 0.868321, 0.063094, 0.997911, -0.013877, 0.743225, 0.0, 0.0, 0.0, 1.0],
                [0.993114, -0.059512, 0.100908, 0.195883, 0.099905, -0.019609, -0.994804, 0.872394, 0.061181, 0.998035, -0.013529, 0.748112, 0.0, 0.0, 0.0, 1.0],
                [0.993533, -0.057705, 0.097784, 0.200612, 0.096844, -0.018888, -0.99512, 0.87646, 0.059271, 0.998155, -0.013177, 0.752995, 0.0, 0.0, 0.0, 1.0],
                [0.993938, -0.055899, 0.094666, 0.205331, 0.093785, -0.018175, -0.995427, 0.880517, 0.057364, 0.998271, -0.012822, 0.75787, 0.0, 0.0, 0.0, 1.0],
                [0.99433, -0.054095, 0.091555, 0.210036, 0.090732, -0.017472, -0.995722, 0.884561, 0.055464, 0.998383, -0.012464, 0.762733, 0.0, 0.0, 0.0, 1.0],
                [0.994707, -0.052295, 0.088453, 0.214724, 0.087687, -0.016778, -0.996007, 0.888589, 0.05357, 0.998491, -0.012104, 0.76758, 0.0, 0.0, 0.0, 1.0],
                [0.995069, -0.050499, 0.085364, 0.21939, 0.084651, -0.016095, -0.996281, 0.892598, 0.051685, 0.998594, -0.01174, 0.772409, 0.0, 0.0, 0.0, 1.0],
                [0.995417, -0.048709, 0.08229, 0.224032, 0.081629, -0.015422, -0.996543, 0.896585, 0.04981, 0.998694, -0.011375, 0.777213, 0.0, 0.0, 0.0, 1.0],
                [0.995751, -0.046928, 0.079234, 0.228645, 0.078621, -0.01476, -0.996795, 0.900547, 0.047947, 0.998789, -0.011008, 0.78199, 0.0, 0.0, 0.0, 1.0],
                [0.99607, -0.045156, 0.076198, 0.233226, 0.075632, -0.014109, -0.997036, 0.904481, 0.046097, 0.99888, -0.010639, 0.786736, 0.0, 0.0, 0.0, 1.0],
                [0.996374, -0.043395, 0.073184, 0.237771, 0.072663, -0.01347, -0.997266, 0.908383, 0.044262, 0.998967, -0.010268, 0.791447, 0.0, 0.0, 0.0, 1.0],
                [0.996664, -0.041647, 0.070196, 0.242276, 0.069717, -0.012844, -0.997484, 0.91225, 0.042444, 0.99905, -0.009897, 0.796119, 0.0, 0.0, 0.0, 1.0],
                [0.996939, -0.039913, 0.067235, 0.246738, 0.066796, -0.012229, -0.997692, 0.91608, 0.040643, 0.999128, -0.009526, 0.800748, 0.0, 0.0, 0.0, 1.0],
                [0.997199, -0.038195, 0.064305, 0.251154, 0.063904, -0.011628, -0.997888, 0.919869, 0.038862, 0.999203, -0.009154, 0.805329, 0.0, 0.0, 0.0, 1.0],
                [0.997445, -0.036494, 0.061407, 0.255518, 0.061042, -0.011039, -0.998074, 0.923614, 0.037101, 0.999273, -0.008783, 0.80986, 0.0, 0.0, 0.0, 1.0],
                [0.997678, -0.034812, 0.058545, 0.259829, 0.058214, -0.010463, -0.998249, 0.927312, 0.035363, 0.999339, -0.008412, 0.814336, 0.0, 0.0, 0.0, 1.0],
                [0.997896, -0.03315, 0.055721, 0.264081, 0.055421, -0.009901, -0.998414, 0.930959, 0.033649, 0.999401, -0.008043, 0.818754, 0.0, 0.0, 0.0, 1.0],
                [0.998101, -0.03151, 0.052937, 0.268272, 0.052667, -0.009353, -0.998568, 0.934553, 0.03196, 0.99946, -0.007676, 0.823109, 0.0, 0.0, 0.0, 1.0],
                [0.998292, -0.029894, 0.050196, 0.272397, 0.049953, -0.008819, -0.998713, 0.938091, 0.030298, 0.999514, -0.00731, 0.827397, 0.0, 0.0, 0.0, 1.0],
                [0.99847, -0.028303, 0.047501, 0.276453, 0.047284, -0.008299, -0.998847, 0.941569, 0.028665, 0.999565, -0.006948, 0.831616, 0.0, 0.0, 0.0, 1.0],
                [0.998636, -0.026739, 0.044853, 0.280437, 0.04466, -0.007793, -0.998972, 0.944984, 0.027061, 0.999612, -0.006588, 0.835759, 0.0, 0.0, 0.0, 1.0],
                [0.998789, -0.025203, 0.042257, 0.284345, 0.042085, -0.007302, -0.999087, 0.948334, 0.025488, 0.999656, -0.006232, 0.839825, 0.0, 0.0, 0.0, 1.0],
                [0.99893, -0.023697, 0.039713, 0.288172, 0.039561, -0.006825, -0.999194, 0.951614, 0.023949, 0.999696, -0.00588, 0.843809, 0.0, 0.0, 0.0, 1.0],
                [0.99906, -0.022222, 0.037224, 0.291915, 0.037091, -0.006364, -0.999292, 0.954823, 0.022443, 0.999733, -0.005533, 0.847706, 0.0, 0.0, 0.0, 1.0],
                [0.999178, -0.02078, 0.034794, 0.295572, 0.034678, -0.005917, -0.999381, 0.957956, 0.020973, 0.999766, -0.005192, 0.851514, 0.0, 0.0, 0.0, 1.0],
                [0.999286, -0.019373, 0.032423, 0.299137, 0.032323, -0.005486, -0.999462, 0.961011, 0.019541, 0.999797, -0.004856, 0.855227, 0.0, 0.0, 0.0, 1.0],
                [0.999384, -0.018002, 0.030116, 0.302607, 0.03003, -0.00507, -0.999536, 0.963984, 0.018147, 0.999825, -0.004526, 0.858843, 0.0, 0.0, 0.0, 1.0],
                [0.999472, -0.016669, 0.027874, 0.305979, 0.0278, -0.00467, -0.999603, 0.966873, 0.016793, 0.99985, -0.004204, 0.862358, 0.0, 0.0, 0.0, 1.0],
                [0.999551, -0.015375, 0.025701, 0.309249, 0.025637, -0.004285, -0.999662, 0.969674, 0.01548, 0.999873, -0.003889, 0.865767, 0.0, 0.0, 0.0, 1.0],
                [0.999622, -0.014122, 0.023597, 0.312413, 0.023544, -0.003916, -0.999715, 0.972383, 0.014211, 0.999893, -0.003582, 0.869066, 0.0, 0.0, 0.0, 1.0],
                [0.999684, -0.012912, 0.021566, 0.315468, 0.021522, -0.003562, -0.999762, 0.975, 0.012985, 0.99991, -0.003283, 0.872252, 0.0, 0.0, 0.0, 1.0],
                [0.999739, -0.011745, 0.019611, 0.318409, 0.019574, -0.003225, -0.999803, 0.977518, 0.011806, 0.999926, -0.002994, 0.87532, 0.0, 0.0, 0.0, 1.0],
                [0.999786, -0.010624, 0.017733, 0.321234, 0.017703, -0.002903, -0.999839, 0.979937, 0.010674, 0.999939, -0.002715, 0.878268, 0.0, 0.0, 0.0, 1.0],
                [0.999827, -0.00955, 0.015935, 0.323938, 0.015911, -0.002598, -0.99987, 0.982252, 0.00959, 0.999951, -0.002446, 0.88109, 0.0, 0.0, 0.0, 1.0],
                [0.999862, -0.008525, 0.01422, 0.326518, 0.014201, -0.002309, -0.999897, 0.984461, 0.008557, 0.999961, -0.002188, 0.883783, 0.0, 0.0, 0.0, 1.0],
                [0.999892, -0.00755, 0.01259, 0.32897, 0.012575, -0.002037, -0.999919, 0.98656, 0.007575, 0.999969, -0.001941, 0.886344, 0.0, 0.0, 0.0, 1.0],
                [0.999917, -0.006626, 0.011047, 0.331291, 0.011035, -0.00178, -0.999938, 0.988546, 0.006646, 0.999976, -0.001707, 0.888767, 0.0, 0.0, 0.0, 1.0],
                [0.999937, -0.005756, 0.009594, 0.333476, 0.009585, -0.001541, -0.999953, 0.990417, 0.005771, 0.999982, -0.001485, 0.89105, 0.0, 0.0, 0.0, 1.0],
                [0.999954, -0.004941, 0.008234, 0.335523, 0.008227, -0.001318, -0.999965, 0.992168, 0.004952, 0.999987, -0.001277, 0.893188, 0.0, 0.0, 0.0, 1.0],
                [0.999967, -0.004183, 0.006968, 0.337426, 0.006963, -0.001112, -0.999975, 0.993797, 0.00419, 0.999991, -0.001082, 0.895177, 0.0, 0.0, 0.0, 1.0],
                [0.999977, -0.003482, 0.0058, 0.339184, 0.005796, -0.000922, -0.999983, 0.995301, 0.003487, 0.999993, -0.000902, 0.897014, 0.0, 0.0, 0.0, 1.0],
                [0.999985, -0.002841, 0.004731, 0.340792, 0.004729, -0.00075, -0.999989, 0.996677, 0.002844, 0.999996, -0.000737, 0.898695, 0.0, 0.0, 0.0, 1.0],
                [0.99999, -0.002261, 0.003764, 0.342246, 0.003763, -0.000595, -0.999993, 0.997921, 0.002263, 0.999997, -0.000587, 0.900215, 0.0, 0.0, 0.0, 1.0],
                [0.999994, -0.001743, 0.002902, 0.343543, 0.002901, -0.000458, -0.999996, 0.99903, 0.001745, 0.999998, -0.000453, 0.901571, 0.0, 0.0, 0.0, 1.0],
                [0.999997, -0.00129, 0.002147, 0.344678, 0.002147, -0.000338, -0.999998, 1.000002, 0.001291, 0.999999, -0.000335, 0.902759, 0.0, 0.0, 0.0, 1.0],
                [0.999998, -0.000902, 0.001501, 0.34565, 0.001501, -0.000236, -0.999999, 1.000833, 0.000902, 1.0, -0.000234, 0.903775, 0.0, 0.0, 0.0, 1.0],
                [0.999999, -0.000581, 0.000967, 0.346452, 0.000967, -0.000152, -1.0, 1.001519, 0.000581, 1.0, -0.000151, 0.904615, 0.0, 0.0, 0.0, 1.0],
                [1.0, -0.000329, 0.000548, 0.347083, 0.000548, -8.6e-05, -1.0, 1.002059, 0.000329, 1.0, -8.6e-05, 0.905275, 0.0, 0.0, 0.0, 1.0],
                [1.0, -0.000147, 0.000245, 0.347538, 0.000245, -3.8e-05, -1.0, 1.002448, 0.000147, 1.0, -3.8e-05, 0.905752, 0.0, 0.0, 0.0, 1.0],
                [1.0, -3.7e-05, 6.2e-05, 0.347814, 6.2e-05, -1e-05, -1.0, 1.002684, 3.7e-05, 1.0, -1e-05, 0.90604, 0.0, 0.0, 0.0, 1.0],
                [1.0, 0.0, 0.0, 0.347907, 0.0, 0.0, -1.0, 1.002763, 0.0, 1.0, 0.0, 0.906138, 0.0, 0.0, 0.0, 1.0]
            ]
        },
        {
            "name": "body",
            "time": [0.0, 0.0167, 0.0333, 0.05, 0.0667, 0.0833, 0.1, 0.1167, 0.1333, 0.15, 0.1667, 0.1833, 0.2, 0.2167, 0.2333, 0.25, 0.2667, 0.2833, 0.3, 0.3167, 0.3333, 0.35, 0.3667, 0.3833, 0.4, 0.4167, 0.4333, 0.45, 0.4667, 0.4833, 0.5, 0.5167, 0.5333, 0.55, 0.5667, 0.5833, 0.6, 0.6167, 0.6333, 0.65, 0.6667, 0.6833, 0.7, 0.7167, 0.7333, 0.75, 0.7667, 0.7833, 0.8, 0.8167, 0.8333, 0.85, 0.8667, 0.8833, 0.9, 0.9167, 0.9333, 0.95, 0.9667, 0.9833, 1.0, 1.0167, 1.0333, 1.05, 1.0667, 1.0833, 1.1, 1.1167, 1.1333, 1.15, 1.1667, 1.1833, 1.2, 1.2167, 1.2333, 1.25, 1.2667, 1.2833, 1.3, 1.3167, 1.3333, 1.35, 1.3667, 1.3833, 1.4, 1.4167, 1.4333, 1.45, 1.4667, 1.4833, 1.5, 1.5167, 1.5333, 1.55, 1.5667, 1.5833, 1.6, 1.6167, 1.6333, 1.65, 1.6667, 1.6833, 1.7, 1.7167, 1.7333, 1.75, 1.7667, 1.7833, 1.8, 1.8167, 1.8333, 1.85, 1.8667, 1.8833, 1.9, 1.9167, 1.9333, 1.95, 1.9667, 1.9833, 2.0, 2.0167, 2.0333, 2.05, 2.0667, 2.0833, 2.1, 2.1167, 2.1333, 2.15, 2.1667, 2.1833, 2.2, 2.2167, 2.2333, 2.25, 2.2667, 2.2833, 2.3, 2.3167, 2.3333, 2.35, 2.3667, 2.3833, 2.4, 2.4167, 2.4333, 2.45, 2.4667, 2.4833, 2.5, 2.5167, 2.5333, 2.55, 2.5667, 2.5833, 2.6, 2.6167, 2.6333, 2.65, 2.6667],
            "transform": [
                [0.76948, -0.06678, -0.63517, 0.0, 0.355988, 0.870547, 0.339737, 0.084155, 0.530258, -0.487534, 0.693641, -0.0, 0.0, 0.0, 0.0, 1.0],
                [0.770187, -0.067828, -0.634201, 0.0, 0.355777, 0.870953, 0.338915, 0.084155, 0.529372, -0.486662, 0.694929, 0.0, 0.0, 0.0, 0.0, 1.0],
                [0.772236, -0.070865, -0.631372, -0.0, 0.35517, 0.872128, 0.336523, 0.084155, 0.526789, -0.484119, 0.698657, 0.0, 0.0, 0.0, 0.0, 1.0],
                [0.775505, -0.075726, -0.626783, 0.0, 0.354211, 0.873996, 0.332664, 0.084155, 0.522615, -0.479996, 0.704612, -0.0, 0.0, 0.0, 0.0, 1.0],
                [0.779868, -0.082238, -0.620518, 0.0, 0.352953, 0.876477, 0.327432, 0.084155, 0.516943, -0.474367, 0.712563, 0.0, 0.0, 0.0, 0.0, 1.0],
                [0.78519, -0.09022, -0.612648, -0.0, 0.351454, 0.879483, 0.32092, 0.084155, 0.50986, -0.467301, 0.722269, -0.0, 0.0, 0.0, 0.0, 1.0],
                [0.791329, -0.099488, -0.603241, -0.0, 0.349775, 0.882922, 0.31322, 0.084155, 0.501453, -0.458859, 0.73348, -0.0, 0.0, 0.0, 0.0, 1.0],
                [0.798144, -0.109851, -0.592367, -0.0, 0.347977, 0.886701, 0.304425, 0.084155, 0.491811, -0.449105, 0.745941, -0.0, 0.0, 0.0, 0.0, 1.0],
                [0.805491, -0.121119, -0.580098, -0.0, 0.346122, 0.890726, 0.29463, 0.084155, 0.481023, -0.438107, 0.759394, -0.0, 0.0, 0.0, 0.0, 1.0],
                [0.813227, -0.133099, -0.566521, 0.0, 0.34427, 0.894906, 0.28394, 0.084155, 0.469191, -0.425944, 0.773584, 0.0, 0.0, 0.0, 0.0, 1.0],
                [0.821212, -0.145602, -0.551734, 0.0, 0.342476, 0.899152, 0.272463, 0.084155, 0.456422, -0.412706, 0.78826, 0.0, 0.0, 0.0, 0.0, 1.0],
                [0.829313, -0.158441, -0.535852, -0.0, 0.340792, 0.903381, 0.260315, 0.084155, 0.442834, -0.398496, 0.80318, 0.0, 0.0, 0.0, 0.0, 1.0],
                [0.837401, -0.171435, -0.519008, 0.0, 0.339261, 0.907517, 0.24762, 0.084155, 0.428558, -0.383437, 0.818116, -0.0, 0.0, 0.0, 0.0, 1.0],
                [0.845361, -0.184412, -0.501355, 0.0, 0.337918, 0.911491, 0.234511, 0.084155, 0.413734, -0.367663, 0.832855, 0.0, 0.0, 0.0, 0.0, 1.0],
                [0.853086, -0.197211, -0.483065, -0.0, 0.336793, 0.915246, 0.221124, 0.084155, 0.398515, -0.351331, 0.847203, -0.0, 0.0, 0.0, 0.0, 1.0],
                [0.860485, -0.209683, -0.464326, -0.0, 0.335902, 0.918733, 0.207604, 0.084155, 0.383061, -0.334608, 0.860989, 0.0, 0.0, 0.0, 0.0, 1.0],
                [0.867478, -0.221696, -0.445346, -0.0, 0.335254, 0.921917, 0.194098, 0.084155, 0.367541, -0.31768, 0.874067, -0.0, 0.0, 0.0, 0.0, 1.0],
                [0.874002, -0.233131, -0.426346, 0.0, 0.334848, 0.924772, 0.180757, 0.084155, 0.352133, -0.300743, 0.886316, -0.0, 0.0, 0.0, 0.0, 1.0],
                [0.880008, -0.243887, -0.407559, 0.0, 0.334672, 0.927287, 0.167733, 0.084155, 0.337016, -0.284005, 0.897642, 0.0, 0.0, 0.0, 0.0, 1.0],
                [0.885465, -0.253881, -0.389226, 0.0, 0.334706, 0.929458, 0.155176, 0.084155, 0.322373, -0.267679, 0.907978, -0.0, 0.0, 0.0, 0.0, 1.0],
                [0.89035, -0.263044, -0.371597, -0.0, 0.334922, 0.931295, 0.143237, 0.084155, 0.308389, -0.251987, 0.917278, -0.0, 0.0, 0.0, 0.0, 1.0],
                [0.894658, -0.271322, -0.354923, 0.0, 0.335285, 0.932815, 0.132063, 0.084155, 0.295246, -0.237152, 0.925521, 0.0, 0.0, 0.0, 0.0, 1.0],
                [0.898392, -0.278676, -0.339458, -0.0, 0.335755, 0.934042, 0.121798, 0.084155, 0.283126, -0.223397, 0.932702, -0.0, 0.0, 0.0, 0.0, 1.0],
                [0.901562, -0.285073, -0.325452, -0.0, 0.336288, 0.935006, 0.11258, 0.084155, 0.272206, -0.210944, 0.938833, -0.0, 0.0, 0.0, 0.0, 1.0],
                [0.904184, -0.290491, -0.313154, -0.0, 0.336838, 0.93574, 0.104548, 0.084155, 0.262661, -0.200013, 0.94393, 0.0, 0.0, 0.0, 0.0, 1.0],
                [0.906276, -0.294907, -0.30281, 0.0, 0.337359, 0.936278, 0.097835, 0.084155, 0.254662, -0.190821, 0.948016, -0.0, 0.0, 0.0, 0.0, 1.0],
                [0.9079, -0.298401, -0.294406, 0.0, 0.33782, 0.936663, 0.092409, 0.084155, 0.248184, -0.183354, 0.951202, 0.0, 0.0, 0.0, 0.0, 1.0],
                [0.909156, -0.301148, -0.287656, 0.0, 0.338215, 0.936939, 0.088069, 0.084155, 0.242994, -0.177358, 0.953676, -0.0, 0.0, 0.0, 0.0, 1.0],
                [0.910107, -0.303255, -0.282387, -0.0, 0.338539, 0.937133, 0.084692, 0.084155, 0.238951, -0.172678, 0.955555, 0.0, 0.0, 0.0, 0.0, 1.0],
                [0.910806, -0.30482, -0.27842, 0.0, 0.33879, 0.937268, 0.082157, 0.084155, 0.235911, -0.169155, 0.956939, -0.0, 0.0, 0.0, 0.0, 1.0],
                [0.911298, -0.305932, -0.275575, 0.0, 0.338976, 0.937358, 0.080341, 0.084155, 0.233733, -0.166628, 0.957916, 0.0, 0.0, 0.0, 0.0, 1.0],
                [0.911624, -0.306673, -0.273666, 0.0, 0.339102, 0.937416, 0.079125, 0.084155, 0.232273, -0.164933, 0.958565, -0.0, 0.0, 0.0, 0.0, 1.0],
                [0.91182, -0.30712, -0.272508, 0.0, 0.33918, 0.93745, 0.078387, 0.084155, 0.231388, -0.163904, 0.958955, -0.0, 0.0, 0.0, 0.0, 1.0],
                [0.911921, -0.30735, -0.271913, 0.0, 0.33922, 0.937467, 0.078009, 0.084155, 0.230933, -0.163376, 0.959155, -0.0, 0.0, 0.0, 0.0, 1.0],
                [0.911958, -0.307434, -0.271693, -0.0, 0.339235, 0.937473, 0.077869, 0.084155, 0.230766, -0.163181, 0.959229, -0.0, 0.0, 0.0, 0.0, 1.0],
                [0.911963, -0.307446, -0.271662, -0.0, 0.339237, 0.937474, 0.077849, 0.084155, 0.230742, -0.163153, 0.959239, -0.0, 0.0, 0.0, 0.0, 1.0],
                [0.915523, -0.281458, -0.287402, -0.0, 0.316131, 0.94522, 0.08137, 0.084155, 0.248755, -0.165353, 0.954347, -0.0, 0.0, 0.0, 0.0, 1.0],
                [0.92107, -0.219329, -0.321752, -0.0, 0.261347, 0.96073, 0.09325, 0.084155, 0.288664, -0.169979, 0.942221, -0.0, 0.0, 0.0, 0.0, 1.0],
                [0.923348, -0.146041, -0.355105, -0.0, 0.197868, 0.973564, 0.11411, 0.084155, 0.329053, -0.175627, 0.927836, 0.0, 0.0, 0.0, 0.0, 1.0],
                [0.925167, -0.089209, -0.368929, 0.0, 0.15044, 0.978564, 0.140639, 0.084155, 0.348474, -0.185617, 0.918756, 0.0, 0.0, 0.0, 0.0, 1.0],
                [0.95344, -0.066105, -0.294249, 0.0, 0.1215, 0.977193, 0.174158, 0.084155, 0.276025, -0.2018, 0.939727, -0.0, 0.0, 0.0, 0.0, 1.0],
                [0.990236, -0.068567, -0.121371, 0.0, 0.093105, 0.97331, 0.209759, 0.084155, 0.103749, -0.219011, 0.970191, 0.0, 0.0, 0.0, 0.0, 1.0],
                [0.994467, -0.083919, 0.063198, 0.0, 0.066837, 0.969529, 0.235684, 0.084155, -0.08105, -0.230156, 0.969773, 0.0, 0.0, 0.0, 0.0, 1.0],
                [0.981664, -0.095369, 0.165049, -0.0, 0.05254, 0.967678, 0.246656, 0.084155, -0.183237, -0.233461, 0.954945, -0.0, 0.0, 0.0, 0.0, 1.0],
                [0.975684, -0.09909, 0.195503, 0.0, 0.048251, 0.967193, 0.249418, 0.084155, -0.213804, -0.233921, 0.948456, -0.0, 0.0, 0.0, 0.0, 1.0],
                [0.969636, -0.102368, 0.222098, -0.0, 0.044406, 0.966777, 0.251735, 0.084155, -0.240489, -0.234229, 0.941967, -0.0, 0.0, 0.0, 0.0, 1.0],
                [0.963761, -0.105226, 0.245135, -0.0, 0.040995, 0.966422, 0.253668, 0.084155, -0.263597, -0.234426, 0.935714, -0.0, 0.0, 0.0, 0.0, 1.0],
                [0.95824, -0.107689, 0.264913, -0.0, 0.038003, 0.966123, 0.25527, 0.084155, -0.283428, -0.234543, 0.92987, -0.0, 0.0, 0.0, 0.0, 1.0],
                [0.953196, -0.109783, 0.28172, -0.0, 0.035407, 0.965872, 0.256589, 0.084155, -0.300274, -0.234605, 0.924552, 0.0, 0.0, 0.0, 0.0, 1.0],
                [0.948706, -0.111537, 0.295833, 0.0, 0.033183, 0.965664, 0.257665, 0.084155, -0.314415, -0.234632, 0.919832, 0.0, 0.0, 0.0, 0.0, 1.0],
                [0.944811, -0.112976, 0.30752, -0.0, 0.031302, 0.965496, 0.258532, 0.084155, -0.326117, -0.234638, 0.915747, -0.0, 0.0, 0.0, 0.0, 1.0],
                [0.941522, -0.114128, 0.317033, -0.0, 0.029732, 0.965361, 0.259219, 0.084155, -0.335636, -0.234634, 0.912302, -0.0, 0.0, 0.0, 0.0, 1.0],
                [0.938826, -0.11502, 0.324617, -0.0, 0.028444, 0.965257, 0.259752, 0.084155, -0.343215, -0.234629, 0.909479, -0.0, 0.0, 0.0, 0.0, 1.0],
                [0.936689, -0.115677, 0.330503, 0.0, 0.027402, 0.965179, 0.260153, 0.084155, -0.349088, -0.234626, 0.907242, 0.0, 0.0, 0.0, 0.0, 1.0],
                [0.935064, -0.116125, 0.334918, -0.0, 0.026575, 0.965124, 0.260441, 0.084155, -0.353481, -0.234629, 0.905539, -0.0, 0.0, 0.0, 0.0, 1.0],
                [0.933892, -0.116391, 0.33808, 0.0, 0.025926, 0.965089, 0.260634, 0.084155, -0.356613, -0.234639, 0.904307, 0.0, 0.0, 0.0, 0.0, 1.0],
                [0.933107, -0.116499, 0.340204, 0.0, 0.025423, 0.965072, 0.260749, 0.084155, -0.358698, -0.234658, 0.903477, -0.0, 0.0, 0.0, 0.0, 1.0],
                [0.932637, -0.116474, 0.341499, -0.0, 0.025029, 0.965069, 0.260799, 0.084155, -0.359947, -0.234683, 0.902974, 0.0, 0.0, 0.0, 0.0, 1.0],
                [0.932405, -0.116343, 0.342176, 0.0, 0.02471, 0.965077, 0.2608, 0.084155, -0.360568, -0.234716, 0.902718, 0.0, 0.0, 0.0, 0.0, 1.0],
                [0.932335, -0.116128, 0.34244, -0.0, 0.024432, 0.965093, 0.260764, 0.084155, -0.360768, -0.234754, 0.902628, 0.0, 0.0, 0.0, 0.0, 1.0],
                [0.932348, -0.115856, 0.342498, 0.0, 0.024157, 0.965116, 0.260707, 0.084155, -0.360754, -0.234796, 0.902622, -0.0, 0.0, 0.0, 0.0, 1.0],
                [0.932414, -0.115524, 0.34243, -0.0, 0.023887, 0.96516, 0.260568, 0.084155, -0.360601, -0.234778, 0.902688, -0.0, 0.0, 0.0, 0.0, 1.0],
                [0.932557, -0.115112, 0.34218, 0.0, 0.023642, 0.965243, 0.260283, 0.084155, -0.360248, -0.234639, 0.902865, 0.0, 0.0, 0.0, 0.0, 1.0],
                [0.932774, -0.114624, 0.341752, -0.0, 0.023422, 0.965364, 0.259854, 0.084155, -0.359701, -0.234381, 0.903151, 0.0, 0.0, 0.0, 0.0, 1.0],
                [0.933063, -0.11406, 0.34115, -0.0, 0.023227, 0.965521, 0.259285, 0.084155, -0.358961, -0.234005, 0.903542, 0.0, 0.0, 0.0, 0.0, 1.0],
                [0.933424, -0.113422, 0.340376, 0.0, 0.023055, 0.965715, 0.258577, 0.084155, -0.358035, -0.233515, 0.904036, 0.0, 0.0, 0.0, 0.0, 1.0],
                [0.933853, -0.112712, 0.339435, -0.0, 0.022905, 0.965944, 0.257735, 0.084155, -0.356925, -0.232911, 0.904631, -0.0, 0.0, 0.0, 0.0, 1.0],
                [0.934347, -0.111933, 0.338328, 0.0, 0.022777, 0.966207, 0.25676, 0.084155, -0.355635, -0.232197, 0.905322, -0.0, 0.0, 0.0, 0.0, 1.0],
                [0.934907, -0.111086, 0.33706, -0.0, 0.022669, 0.966502, 0.255657, 0.084155, -0.354169, -0.231374, 0.906107, -0.0, 0.0, 0.0, 0.0, 1.0],
                [0.935528, -0.110174, 0.335633, -0.0, 0.022581, 0.966828, 0.254427, 0.084155, -0.35253, -0.230444, 0.906983, -0.0, 0.0, 0.0, 0.0, 1.0],
                [0.936209, -0.109198, 0.33405, -0.0, 0.022511, 0.967185, 0.253073, 0.084155, -0.350723, -0.22941, 0.907945, -0.0, 0.0, 0.0, 0.0, 1.0],
                [0.936946, -0.10816, 0.332315, 0.0, 0.022459, 0.967571, 0.251599, 0.084155, -0.348751, -0.228271, 0.908991, -0.0, 0.0, 0.0, 0.0, 1.0],
                [0.937739, -0.107063, 0.33043, -0.0, 0.022422, 0.967984, 0.250007, 0.084155, -0.346617, -0.227032, 0.910117, 0.0, 0.0, 0.0, 0.0, 1.0],
                [0.938583, -0.105909, 0.328398, 0.0, 0.0224, 0.968424, 0.248299, 0.084155, -0.344325, -0.225693, 0.911319, 0.0, 0.0, 0.0, 0.0, 1.0],
                [0.939477, -0.1047, 0.326222, 0.0, 0.022392, 0.968889, 0.246479, 0.084155, -0.341879, -0.224257, 0.912594, -0.0, 0.0, 0.0, 0.0, 1.0],
                [0.940418, -0.103439, 0.323905, 0.0, 0.022395, 0.969378, 0.244549, 0.084155, -0.339282, -0.222724, 0.913938, 0.0, 0.0, 0.0, 0.0, 1.0],
                [0.941403, -0.102127, 0.32145, -0.0, 0.02241, 0.96989, 0.242512, 0.084155, -0.336538, -0.221098, 0.915346, -0.0, 0.0, 0.0, 0.0, 1.0],
                [0.94243, -0.100767, 0.318859, -0.0, 0.022434, 0.970422, 0.24037, 0.084155, -0.333649, -0.219379, 0.916816, -0.0, 0.0, 0.0, 0.0, 1.0],
                [0.943496, -0.099361, 0.316137, 0.0, 0.022466, 0.970974, 0.238127, 0.084155, -0.330621, -0.21757, 0.918343, -0.0, 0.0, 0.0, 0.0, 1.0],
