{
    "animation": [
        {
            "name": "Root",
            "time": [0.0, 0.0167, 0.0333, 0.05, 0.0667, 0.0833, 0.1, 0.1167, 0.1333, 0.15, 0.1667, 0.1833, 0.2, 0.2167, 0.2333, 0.25, 0.2667, 0.2833, 0.3, 0.3167, 0.3333, 0.35, 0.3667, 0.3833, 0.4, 0.4167, 0.4333, 0.45, 0.4667, 0.4833, 0.5, 0.5167, 0.5333, 0.55, 0.5667, 0.5833, 0.6, 0.6167, 0.6333, 0.65, 0.6667, 0.6833, 0.7, 0.7167, 0.7333, 0.75, 0.7667, 0.7833, 0.8, 0.8167, 0.8333, 0.85, 0.8667, 0.8833, 0.9, 0.9167, 0.9333, 0.95, 0.9667, 0.9833, 1.0],
            "transform": [
                [1.0, 0.0, 0.0, 0.0, 0.0, 0.0, -1.0, 0.0, 0.0, 1.0, 0.0, 0.754826, 0.0, 0.0, 0.0, 1.0],
                [1.0, 0.0, 0.0, 0.0, 0.0, 0.0, -1.0, 0.0, 0.0, 1.0, 0.0, 0.751652, 0.0, 0.0, 0.0, 1.0],
                [1.0, 0.0, 0.0, 0.0, 0.0, 0.0, -1.0, 0.0, 0.0, 1.0, 0.0, 0.744085, 0.0, 0.0, 0.0, 1.0],
                [1.0, 0.0, 0.0, 0.0, 0.0, 0.0, -1.0, 0.0, 0.0, 1.0, 0.0, 0.735054, 0.0, 0.0, 0.0, 1.0],
                [1.0, 0.0, 0.0, 0.0, 0.0, 0.0, -1.0, 0.0, 0.0, 1.0, 0.0, 0.727486, 0.0, 0.0, 0.0, 1.0],
                [1.0, 0.0, 0.0, 0.0, 0.0, 0.0, -1.0, 0.0, 0.0, 1.0, 0.0, 0.724313, 0.0, 0.0, 0.0, 1.0],
                [1.0, 0.0, 0.0, 0.0, 0.0, 0.0, -1.0, 0.0, 0.0, 1.0, 0.0, 0.724688, 0.0, 0.0, 0.0, 1.0],
                [1.0, 0.0, 0.0, 0.0, 0.0, 0.0, -1.0, 0.0, 0.0, 1.0, 0.0, 0.725761, 0.0, 0.0, 0.0, 1.0],
                [1.0, 0.0, 0.0, 0.0, 0.0, 0.0, -1.0, 0.0, 0.0, 1.0, 0.0, 0.727455, 0.0, 0.0, 0.0, 1.0],
                [1.0, 0.0, 0.0, 0.0, 0.0, 0.0, -1.0, 0.0, 0.0, 1.0, 0.0, 0.729692, 0.0, 0.0, 0.0, 1.0],
                [1.0, 0.0, 0.0, 0.0, 0.0, 0.0, -1.0, 0.0, 0.0, 1.0, 0.0, 0.732394, 0.0, 0.0, 0.0, 1.0],
                [1.0, 0.0, 0.0, 0.0, 0.0, 0.0, -1.0, 0.0, 0.0, 1.0, 0.0, 0.735485, 0.0, 0.0, 0.0, 1.0],
                [1.0, 0.0, 0.0, 0.0, 0.0, 0.0, -1.0, 0.0, 0.0, 1.0, 0.0, 0.738885, 0.0, 0.0, 0.0, 1.0],
                [1.0, 0.0, 0.0, 0.0, 0.0, 0.0, -1.0, 0.0, 0.0, 1.0, 0.0, 0.742519, 0.0, 0.0, 0.0, 1.0],
                [1.0, 0.0, 0.0, 0.0, 0.0, 0.0, -1.0, 0.0, 0.0, 1.0, 0.0, 0.746307, 0.0, 0.0, 0.0, 1.0],
                [1.0, 0.0, 0.0, 0.0, 0.0, 0.0, -1.0, 0.0, 0.0, 1.0, 0.0, 0.750173, 0.0, 0.0, 0.0, 1.0],
                [1.0, 0.0, 0.0, 0.0, 0.0, 0.0, -1.0, 0.0, 0.0, 1.0, 0.0, 0.754039, 0.0, 0.0, 0.0, 1.0],
                [1.0, 0.0, 0.0, 0.0, 0.0, 0.0, -1.0, 0.0, 0.0, 1.0, 0.0, 0.757828, 0.0, 0.0, 0.0, 1.0],
                [1.0, 0.0, 0.0, 0.0, 0.0, 0.0, -1.0, 0.0, 0.0, 1.0, 0.0, 0.761461, 0.0, 0.0, 0.0, 1.0],
                [1.0, 0.0, 0.0, 0.0, 0.0, 0.0, -1.0, 0.0, 0.0, 1.0, 0.0, 0.764862, 0.0, 0.0, 0.0, 1.0],
                [1.0, 0.0, 0.0, 0.0, 0.0, 0.0, -1.0, 0.0, 0.0, 1.0, 0.0, 0.767952, 0.0, 0.0, 0.0, 1.0],
                [1.0, 0.0, 0.0, 0.0, 0.0, 0.0, -1.0, 0.0, 0.0, 1.0, 0.0, 0.770655, 0.0, 0.0, 0.0, 1.0],
                [1.0, 0.0, 0.0, 0.0, 0.0, 0.0, -1.0, 0.0, 0.0, 1.0, 0.0, 0.772892, 0.0, 0.0, 0.0, 1.0],
                [1.0, 0.0, 0.0, 0.0, 0.0, 0.0, -1.0, 0.0, 0.0, 1.0, 0.0, 0.774585, 0.0, 0.0, 0.0, 1.0],
                [1.0, 0.0, 0.0, 0.0, 0.0, 0.0, -1.0, 0.0, 0.0, 1.0, 0.0, 0.775658, 0.0, 0.0, 0.0, 1.0],
                [1.0, 0.0, 0.0, 0.0, 0.0, 0.0, -1.0, 0.0, 0.0, 1.0, 0.0, 0.776034, 0.0, 0.0, 0.0, 1.0],
                [1.0, 0.0, 0.0, 0.0, 0.0, 0.0, -1.0, 0.0, 0.0, 1.0, 0.0, 0.775069, 0.0, 0.0, 0.0, 1.0],
                [1.0, 0.0, 0.0, 0.0, 0.0, 0.0, -1.0, 0.0, 0.0, 1.0, 0.0, 0.772292, 0.0, 0.0, 0.0, 1.0],
                [1.0, 0.0, 0.0, 0.0, 0.0, 0.0, -1.0, 0.0, 0.0, 1.0, 0.0, 0.767877, 0.0, 0.0, 0.0, 1.0],
                [1.0, 0.0, 0.0, 0.0, 0.0, 0.0, -1.0, 0.0, 0.0, 1.0, 0.0, 0.761996, 0.0, 0.0, 0.0, 1.0],
                [1.0, 0.0, 0.0, 0.0, 0.0, 0.0, -1.0, 0.0, 0.0, 1.0, 0.0, 0.754826, 0.0, 0.0, 0.0, 1.0],
                [1.0, 0.0, 0.0, 0.0, 0.0, 0.0, -1.0, 0.0, 0.0, 1.0, 0.0, 0.746687, 0.0, 0.0, 0.0, 1.0],
                [1.0, 0.0, 0.0, 0.0, 0.0, 0.0, -1.0, 0.0, 0.0, 1.0, 0.0, 0.738499, 0.0, 0.0, 0.0, 1.0],
                [1.0, 0.0, 0.0, 0.0, 0.0, 0.0, -1.0, 0.0, 0.0, 1.0, 0.0, 0.73133, 0.0, 0.0, 0.0, 1.0],
                [1.0, 0.0, 0.0, 0.0, 0.0, 0.0, -1.0, 0.0, 0.0, 1.0, 0.0, 0.726245, 0.0, 0.0, 0.0, 1.0],
                [1.0, 0.0, 0.0, 0.0, 0.0, 0.0, -1.0, 0.0, 0.0, 1.0, 0.0, 0.724313, 0.0, 0.0, 0.0, 1.0],
                [1.0, 0.0, 0.0, 0.0, 0.0, 0.0, -1.0, 0.0, 0.0, 1.0, 0.0, 0.724688, 0.0, 0.0, 0.0, 1.0],
                [1.0, 0.0, 0.0, 0.0, 0.0, 0.0, -1.0, 0.0, 0.0, 1.0, 0.0, 0.725761, 0.0, 0.0, 0.0, 1.0],
                [1.0, 0.0, 0.0, 0.0, 0.0, 0.0, -1.0, 0.0, 0.0, 1.0, 0.0, 0.727455, 0.0, 0.0, 0.0, 1.0],
                [1.0, 0.0, 0.0, 0.0, 0.0, 0.0, -1.0, 0.0, 0.0, 1.0, 0.0, 0.729692, 0.0, 0.0, 0.0, 1.0],
                [1.0, 0.0, 0.0, 0.0, 0.0, 0.0, -1.0, 0.0, 0.0, 1.0, 0.0, 0.732394, 0.0, 0.0, 0.0, 1.0],
                [1.0, 0.0, 0.0, 0.0, 0.0, 0.0, -1.0, 0.0, 0.0, 1.0, 0.0, 0.735485, 0.0, 0.0, 0.0, 1.0],
                [1.0, 0.0, 0.0, 0.0, 0.0, 0.0, -1.0, 0.0, 0.0, 1.0, 0.0, 0.738885, 0.0, 0.0, 0.0, 1.0],
                [1.0, 0.0, 0.0, 0.0, 0.0, 0.0, -1.0, 0.0, 0.0, 1.0, 0.0, 0.742519, 0.0, 0.0, 0.0, 1.0],
                [1.0, 0.0, 0.0, 0.0, 0.0, 0.0, -1.0, 0.0, 0.0, 1.0, 0.0, 0.746307, 0.0, 0.0, 0.0, 1.0],
                [1.0, 0.0, 0.0, 0.0, 0.0, 0.0, -1.0, 0.0, 0.0, 1.0, 0.0, 0.750173, 0.0, 0.0, 0.0, 1.0],
                [1.0, 0.0, 0.0, 0.0, 0.0, 0.0, -1.0, 0.0, 0.0, 1.0, 0.0, 0.754039, 0.0, 0.0, 0.0, 1.0],
                [1.0, 0.0, 0.0, 0.0, 0.0, 0.0, -1.0, 0.0, 0.0, 1.0, 0.0, 0.757828, 0.0, 0.0, 0.0, 1.0],
                [1.0, 0.0, 0.0, 0.0, 0.0, 0.0, -1.0, 0.0, 0.0, 1.0, 0.0, 0.761461, 0.0, 0.0, 0.0, 1.0],
                [1.0, 0.0, 0.0, 0.0, 0.0, 0.0, -1.0, 0.0, 0.0, 1.0, 0.0, 0.764862, 0.0, 0.0, 0.0, 1.0],
                [1.0, 0.0, 0.0, 0.0, 0.0, 0.0, -1.0, 0.0, 0.0, 1.0, 0.0, 0.767952, 0.0, 0.0, 0.0, 1.0],
                [1.0, 0.0, 0.0, 0.0, 0.0, 0.0, -1.0, 0.0, 0.0, 1.0, 0.0, 0.770655, 0.0, 0.0, 0.0, 1.0],
                [1.0, 0.0, 0.0, 0.0, 0.0, 0.0, -1.0, 0.0, 0.0, 1.0, 0.0, 0.772892, 0.0, 0.0, 0.0, 1.0],
                [1.0, 0.0, 0.0, 0.0, 0.0, 0.0, -1.0, 0.0, 0.0, 1.0, 0.0, 0.774585, 0.0, 0.0, 0.0, 1.0],
                [1.0, 0.0, 0.0, 0.0, 0.0, 0.0, -1.0, 0.0, 0.0, 1.0, 0.0, 0.775658, 0.0, 0.0, 0.0, 1.0],
                [1.0, 0.0, 0.0, 0.0, 0.0, 0.0, -1.0, 0.0, 0.0, 1.0, 0.0, 0.776034, 0.0, 0.0, 0.0, 1.0],
                [1.0, 0.0, 0.0, 0.0, 0.0, 0.0, -1.0, 0.0, 0.0, 1.0, 0.0, 0.773828, 0.0, 0.0, 0.0, 1.0],
                [1.0, 0.0, 0.0, 0.0, 0.0, 0.0, -1.0, 0.0, 0.0, 1.0, 0.0, 0.768568, 0.0, 0.0, 0.0, 1.0],
                [1.0, 0.0, 0.0, 0.0, 0.0, 0.0, -1.0, 0.0, 0.0, 1.0, 0.0, 0.762291, 0.0, 0.0, 0.0, 1.0],
                [1.0, 0.0, 0.0, 0.0, 0.0, 0.0, -1.0, 0.0, 0.0, 1.0, 0.0, 0.757031, 0.0, 0.0, 0.0, 1.0],
                [1.0, 0.0, 0.0, 0.0, 0.0, 0.0, -1.0, 0.0, 0.0, 1.0, 0.0, 0.754826, 0.0, 0.0, 0.0, 1.0]
            ]
        },
        {
            "name": "body",
            "time": [0.0, 0.0167, 0.0333, 0.05, 0.0667, 0.0833, 0.1, 0.1167, 0.1333, 0.15, 0.1667, 0.1833, 0.2, 0.2167, 0.2333, 0.25, 0.2667, 0.2833, 0.3, 0.3167, 0.3333, 0.35, 0.3667, 0.3833, 0.4, 0.4167, 0.4333, 0.45, 0.4667, 0.4833, 0.5, 0.5167, 0.5333, 0.55, 0.5667, 0.5833, 0.6, 0.6167, 0.6333, 0.65, 0.6667, 0.6833, 0.7, 0.7167, 0.7333, 0.75, 0.7667, 0.7833, 0.8, 0.8167, 0.8333, 0.85, 0.8667, 0.8833, 0.9, 0.9167, 0.9333, 0.95, 0.9667, 0.9833, 1.0],
            "transform": [
                [0.987163, -0.014373, -0.159065, 0.0, 0.051807, 0.970907, 0.233786, 0.084155, 0.151077, -0.239026, 0.959188, 0.0, 0.0, 0.0, 0.0, 1.0],
                [0.987329, -0.01428, -0.158042, 0.0, 0.051474, 0.970912, 0.23384, 0.084155, 0.150105, -0.239012, 0.959345, 0.0, 0.0, 0.0, 0.0, 1.0],
                [0.987805, -0.014011, -0.155062, 0.0, 0.050503, 0.970926, 0.233994, 0.084155, 0.147275, -0.238971, 0.959793, 0.0, 0.0, 0.0, 0.0, 1.0],
                [0.988553, -0.013577, -0.150263, 0.0, 0.04894, 0.970947, 0.234235, 0.084155, 0.142717, -0.238907, 0.960497, 0.0, 0.0, 0.0, 0.0, 1.0],
                [0.989525, -0.012991, -0.143777, 0.0, 0.046828, 0.970976, 0.234549, 0.084155, 0.136557, -0.238825, 0.961413, 0.0, 0.0, 0.0, 0.0, 1.0],
                [0.990669, -0.012265, -0.135739, 0.0, 0.04421, 0.971009, 0.234918, 0.084155, 0.128923, -0.238727, 0.962491, 0.0, 0.0, 0.0, 0.0, 1.0],
                [0.991929, -0.011411, -0.126282, 0.0, 0.041129, 0.971046, 0.235326, 0.084155, 0.11994, -0.23862, 0.963678, 0.0, 0.0, 0.0, 0.0, 1.0],
                [0.993248, -0.01044, -0.11554, 0.0, 0.037631, 0.971084, 0.235752, 0.084155, 0.109737, -0.238508, 0.964921, 0.0, 0.0, 0.0, 0.0, 1.0],
                [0.99457, -0.009365, -0.103648, 0.0, 0.033758, 0.971123, 0.236179, 0.084155, 0.098443, -0.238395, 0.966166, 0.0, 0.0, 0.0, 0.0, 1.0],
                [0.995841, -0.008199, -0.090744, 0.0, 0.029555, 0.97116, 0.236589, 0.084155, 0.086187, -0.238287, 0.967363, 0.0, 0.0, 0.0, 0.0, 1.0],
                [0.997009, -0.006955, -0.076966, 0.0, 0.025068, 0.971194, 0.236967, 0.084155, 0.073101, -0.238188, 0.968464, 0.0, 0.0, 0.0, 0.0, 1.0],
                [0.998032, -0.005644, -0.062458, 0.0, 0.020342, 0.971224, 0.237297, 0.084155, 0.059321, -0.238101, 0.969427, 0.0, 0.0, 0.0, 0.0, 1.0],
                [0.998869, -0.004279, -0.047361, 0.0, 0.015425, 0.971249, 0.237568, 0.084155, 0.044982, -0.238029, 0.970216, 0.0, 0.0, 0.0, 0.0, 1.0],
                [0.999489, -0.002875, -0.031821, 0.0, 0.010364, 0.971267, 0.237768, 0.084155, 0.030223, -0.237976, 0.970801, 0.0, 0.0, 0.0, 0.0, 1.0],
                [0.999871, -0.001444, -0.015985, 0.0, 0.005206, 0.971278, 0.237891, 0.084155, 0.015182, -0.237944, 0.97116, 0.0, 0.0, 0.0, 0.0, 1.0],
                [1.0, -0.0, -0.0, 0.0, 0.0, 0.971282, 0.237933, 0.084155, 0.0, -0.237933, 0.971282, 0.0, 0.0, 0.0, 0.0, 1.0],
                [0.999871, 0.001444, 0.015985, 0.0, -0.005206, 0.971278, 0.237891, 0.084155, -0.015182, -0.237944, 0.97116, 0.0, 0.0, 0.0, 0.0, 1.0],
                [0.999489, 0.002875, 0.031821, 0.0, -0.010364, 0.971267, 0.237768, 0.084155, -0.030223, -0.237976, 0.970801, 0.0, 0.0, 0.0, 0.0, 1.0],
                [0.998869, 0.004279, 0.047361, 0.0, -0.015425, 0.971249, 0.237568, 0.084155, -0.044982, -0.238029, 0.970216, 0.0, 0.0, 0.0, 0.0, 1.0],
                [0.998032, 0.005644, 0.062458, 0.0, -0.020342, 0.971224, 0.237297, 0.084155, -0.059321, -0.238101, 0.969427, 0.0, 0.0, 0.0, 0.0, 1.0],
                [0.997009, 0.006955, 0.076966, 0.0, -0.025068, 0.971194, 0.236967, 0.084155, -0.073101, -0.238188, 0.968464, 0.0, 0.0, 0.0, 0.0, 1.0],
                [0.995841, 0.008199, 0.090744, 0.0, -0.029555, 0.97116, 0.236589, 0.084155, -0.086187, -0.238287, 0.967363, 0.0, 0.0, 0.0, 0.0, 1.0],
                [0.99457, 0.009365, 0.103648, 0.0, -0.033758, 0.971123, 0.236179, 0.084155, -0.098443, -0.238395, 0.966166, 0.0, 0.0, 0.0, 0.0, 1.0],
                [0.993248, 0.01044, 0.11554, 0.0, -0.037631, 0.971084, 0.235752, 0.084155, -0.109737, -0.238508, 0.964921, 0.0, 0.0, 0.0, 0.0, 1.0],
                [0.991929, 0.011411, 0.126282, 0.0, -0.041129, 0.971046, 0.235326, 0.084155, -0.11994, -0.23862, 0.963678, 0.0, 0.0, 0.0, 0.0, 1.0],
                [0.990669, 0.012265, 0.135739, 0.0, -0.04421, 0.971009, 0.234918, 0.084155, -0.128923, -0.238727, 0.962491, 0.0, 0.0, 0.0, 0.0, 1.0],
                [0.989525, 0.012991, 0.143777, 0.0, -0.046828, 0.970976, 0.234549, 0.084155, -0.136557, -0.238825, 0.961413, 0.0, 0.0, 0.0, 0.0, 1.0],
                [0.988553, 0.013577, 0.150263, 0.0, -0.04894, 0.970947, 0.234235, 0.084155, -0.142717, -0.238907, 0.960497, 0.0, 0.0, 0.0, 0.0, 1.0],
                [0.987805, 0.014011, 0.155062, 0.0, -0.050503, 0.970926, 0.233993, 0.084155, -0.147275, -0.238971, 0.959793, 0.0, 0.0, 0.0, 0.0, 1.0],
                [0.987329, 0.01428, 0.158042, 0.0, -0.051474, 0.970912, 0.23384, 0.084155, -0.150105, -0.239012, 0.959345, 0.0, 0.0, 0.0, 0.0, 1.0],
                [0.987163, 0.014373, 0.159065, 0.0, -0.051807, 0.970907, 0.233786, 0.084155, -0.151077, -0.239026, 0.959188, 0.0, 0.0, 0.0, 0.0, 1.0],
                [0.987329, 0.01428, 0.158042, 0.0, -0.051474, 0.970912, 0.23384, 0.084155, -0.150105, -0.239012, 0.959345, 0.0, 0.0, 0.0, 0.0, 1.0],
                [0.987805, 0.014011, 0.155062, 0.0, -0.050503, 0.970926, 0.233994, 0.084155, -0.147275, -0.238971, 0.959793, 0.0, 0.0, 0.0, 0.0, 1.0],
                [0.988553, 0.013577, 0.150263, 0.0, -0.04894, 0.970947, 0.234235, 0.084155, -0.142717, -0.238907, 0.960497, 0.0, 0.0, 0.0, 0.0, 1.0],
                [0.989525, 0.012991, 0.143777, 0.0, -0.046828, 0.970976, 0.234549, 0.084155, -0.136557, -0.238825, 0.961413, 0.0, 0.0, 0.0, 0.0, 1.0],
                [0.990669, 0.012265, 0.135739, 0.0, -0.04421, 0.971009, 0.234919, 0.084155, -0.128923, -0.238727, 0.962491, 0.0, 0.0, 0.0, 0.0, 1.0],
                [0.991929, 0.011411, 0.126282, 0.0, -0.041129, 0.971046, 0.235326, 0.084155, -0.11994, -0.23862, 0.963678, 0.0, 0.0, 0.0, 0.0, 1.0],
                [0.993248, 0.01044, 0.11554, 0.0, -0.037631, 0.971084, 0.235752, 0.084155, -0.109737, -0.238508, 0.964921, 0.0, 0.0, 0.0, 0.0, 1.0],
                [0.99457, 0.009365, 0.103648, 0.0, -0.033758, 0.971123, 0.236179, 0.084155, -0.098443, -0.238395, 0.966166, 0.0, 0.0, 0.0, 0.0, 1.0],
                [0.995841, 0.008199, 0.090744, 0.0, -0.029555, 0.97116, 0.236589, 0.084155, -0.086187, -0.238287, 0.967363, 0.0, 0.0, 0.0, 0.0, 1.0],
                [0.997009, 0.006955, 0.076966, 0.0, -0.025068, 0.971194, 0.236967, 0.084155, -0.073101, -0.238188, 0.968464, 0.0, 0.0, 0.0, 0.0, 1.0],
                [0.998032, 0.005644, 0.062458, 0.0, -0.020342, 0.971224, 0.237297, 0.084155, -0.059321, -0.238101, 0.969427, 0.0, 0.0, 0.0, 0.0, 1.0],
                [0.998869, 0.004279, 0.047361, 0.0, -0.015425, 0.971249, 0.237568, 0.084155, -0.044982, -0.238029, 0.970216, 0.0, 0.0, 0.0, 0.0, 1.0],
                [0.999489, 0.002875, 0.031821, 0.0, -0.010364, 0.971267, 0.237768, 0.084155, -0.030223, -0.237976, 0.970801, 0.0, 0.0, 0.0, 0.0, 1.0],
                [0.999871, 0.001444, 0.015985, 0.0, -0.005206, 0.971278, 0.237891, 0.084155, -0.015182, -0.237944, 0.97116, 0.0, 0.0, 0.0, 0.0, 1.0],
                [1.0, 0.0, 0.0, 0.0, -0.0, 0.971282, 0.237933, 0.084155, -0.0, -0.237933, 0.971282, 0.0, 0.0, 0.0, 0.0, 1.0],
                [0.999871, -0.001444, -0.015985, 0.0, 0.005206, 0.971278, 0.237891, 0.084155, 0.015182, -0.237944, 0.97116, 0.0, 0.0, 0.0, 0.0, 1.0],
                [0.999489, -0.002875, -0.031821, 0.0, 0.010364, 0.971267, 0.237768, 0.084155, 0.030223, -0.237976, 0.970801, 0.0, 0.0, 0.0, 0.0, 1.0],
                [0.998869, -0.004279, -0.047361, 0.0, 0.015425, 0.971249, 0.237568, 0.084155, 0.044982, -0.238029, 0.970216, 0.0, 0.0, 0.0, 0.0, 1.0],
                [0.998032, -0.005644, -0.062458, 0.0, 0.020342, 0.971224, 0.237297, 0.084155, 0.059321, -0.238101, 0.969427, 0.0, 0.0, 0.0, 0.0, 1.0],
                [0.997009, -0.006955, -0.076966, 0.0, 0.025068, 0.971194, 0.236967, 0.084155, 0.073101, -0.238188, 0.968464, 0.0, 0.0, 0.0, 0.0, 1.0],
                [0.995841, -0.008199, -0.090744, 0.0, 0.029555, 0.97116, 0.236589, 0.084155, 0.086187, -0.238287, 0.967363, 0.0, 0.0, 0.0, 0.0, 1.0],
                [0.99457, -0.009365, -0.103648, 0.0, 0.033758, 0.971123, 0.236179, 0.084155, 0.098443, -0.238395, 0.966166, 0.0, 0.0, 0.0, 0.0, 1.0],
                [0.993248, -0.01044, -0.11554, 0.0, 0.037631, 0.971084, 0.235752, 0.084155, 0.109737, -0.238508, 0.964921, 0.0, 0.0, 0.0, 0.0, 1.0],
                [0.991929, -0.011411, -0.126282, 0.0, 0.041129, 0.971046, 0.235326, 0.084155, 0.11994, -0.23862, 0.963678, 0.0, 0.0, 0.0, 0.0, 1.0],
                [0.990669, -0.012265, -0.135739, 0.0, 0.04421, 0.971009, 0.234918, 0.084155, 0.128923, -0.238727, 0.962491, 0.0, 0.0, 0.0, 0.0, 1.0],
                [0.989525, -0.012991, -0.143777, 0.0, 0.046828, 0.970976, 0.234549, 0.084155, 0.136557, -0.238825, 0.961413, 0.0, 0.0, 0.0, 0.0, 1.0],
                [0.988553, -0.013577, -0.150263, 0.0, 0.04894, 0.970947, 0.234235, 0.084155, 0.142717, -0.238907, 0.960497, 0.0, 0.0, 0.0, 0.0, 1.0],
                [0.987805, -0.014011, -0.155062, 0.0, 0.050503, 0.970926, 0.233993, 0.084155, 0.147275, -0.238971, 0.959793, 0.0, 0.0, 0.0, 0.0, 1.0],
                [0.987329, -0.01428, -0.158042, 0.0, 0.051474, 0.970912, 0.23384, 0.084155, 0.150105, -0.239012, 0.959345, 0.0, 0.0, 0.0, 0.0, 1.0],
                [0.987163, -0.014373, -0.159065, 0.0, 0.051807, 0.970907, 0.233786, 0.084155, 0.151077, -0.239026, 0.959188, 0.0, 0.0, 0.0, 0.0, 1.0]
            ]
        },
        {
            "name": "chest",
            "time": [0.0, 0.0167, 0.0333, 0.05, 0.0667, 0.0833, 0.1, 0.1167, 0.1333, 0.15, 0.1667, 0.1833, 0.2, 0.2167, 0.2333, 0.25, 0.2667, 0.2833, 0.3, 0.3167, 0.3333, 0.35, 0.3667, 0.3833, 0.4, 0.4167, 0.4333, 0.45, 0.4667, 0.4833, 0.5, 0.5167, 0.5333, 0.55, 0.5667, 0.5833, 0.6, 0.6167, 0.6333, 0.65, 0.6667, 0.6833, 0.7, 0.7167, 0.7333, 0.75, 0.7667, 0.7833, 0.8, 0.8167, 0.8333, 0.85, 0.8667, 0.8833, 0.9, 0.9167, 0.9333, 0.95, 0.9667, 0.9833, 1.0],
            "transform": [
                [0.972194, 0.059754, -0.226427, 0.0, 0.001684, 0.965089, 0.261916, 0.33014, 0.234173, -0.255014, 0.938153, 0.0, 0.0, 0.0, 0.0, 1.0],
                [0.97255, 0.059375, -0.224992, -0.0, 0.001673, 0.965089, 0.261918, 0.33014, 0.232689, -0.255105, 0.938497, -0.0, 0.0, 0.0, 0.0, 1.0],
                [0.973574, 0.058272, -0.220812, -0.0, 0.001642, 0.965087, 0.261925, 0.33014, 0.228366, -0.255366, 0.939488, -0.0, 0.0, 0.0, 0.0, 1.0],
                [0.975183, 0.056493, -0.214071, 0.0, 0.001592, 0.965084, 0.261937, 0.33014, 0.221394, -0.255777, 0.941043, -0.0, 0.0, 0.0, 0.0, 1.0],
                [0.977277, 0.054086, -0.204949, 0.0, 0.001524, 0.96508, 0.261951, 0.33014, 0.21196, -0.256311, 0.943068, -0.0, 0.0, 0.0, 0.0, 1.0],
                [0.979745, 0.051096, -0.193621, 0.0, 0.00144, 0.965075, 0.261968, 0.33014, 0.200244, -0.256941, 0.945454, -0.0, 0.0, 0.0, 0.0, 1.0],
                [0.982467, 0.047571, -0.180265, 0.0, 0.001341, 0.96507, 0.261987, 0.33014, 0.186431, -0.257635, 0.948086, 0.0, 0.0, 0.0, 0.0, 1.0],
                [0.985321, 0.043559, -0.165058, -0.0, 0.001228, 0.965065, 0.262007, 0.33014, 0.170705, -0.258364, 0.950846, 0.0, 0.0, 0.0, 0.0, 1.0],
                [0.988186, 0.039106, -0.148185, 0.0, 0.001102, 0.96506, 0.262027, 0.33014, 0.153254, -0.259095, 0.953616, 0.0, 0.0, 0.0, 0.0, 1.0],
                [0.990944, 0.034263, -0.129833, 0.0, 0.000966, 0.965055, 0.262046, 0.33014, 0.134275, -0.259798, 0.956282, 0.0, 0.0, 0.0, 0.0, 1.0],
                [0.993484, 0.029081, -0.110197, 0.0, 0.00082, 0.96505, 0.262064, 0.33014, 0.113967, -0.260447, 0.958738, 0.0, 0.0, 0.0, 0.0, 1.0],
                [0.995709, 0.023613, -0.089478, 0.0, 0.000665, 0.965046, 0.262079, 0.33014, 0.092539, -0.261014, 0.960889, 0.0, 0.0, 0.0, 0.0, 1.0],
                [0.997532, 0.017914, -0.067884, -0.0, 0.000505, 0.965043, 0.262092, 0.33014, 0.070206, -0.261479, 0.962652, 0.0, 0.0, 0.0, 0.0, 1.0],
                [0.998886, 0.012041, -0.045626, -0.0, 0.000339, 0.965041, 0.262101, 0.33014, 0.047187, -0.261825, 0.963961, -0.0, 0.0, 0.0, 0.0, 1.0],
                [0.999719, 0.00605, -0.022925, 0.0, 0.00017, 0.965039, 0.262107, 0.33014, 0.023709, -0.262037, 0.964766, -0.0, 0.0, 0.0, 0.0, 1.0],
                [1.0, -0.0, 0.0, 0.0, -0.0, 0.965038, 0.262109, 0.33014, -0.0, -0.262109, 0.965038, -0.0, 0.0, 0.0, 0.0, 1.0],
                [0.999719, -0.00605, 0.022925, 0.0, -0.00017, 0.965039, 0.262107, 0.33014, -0.023709, -0.262037, 0.964766, -0.0, 0.0, 0.0, 0.0, 1.0],
                [0.998886, -0.012041, 0.045626, -0.0, -0.000339, 0.96504, 0.262101, 0.33014, -0.047187, -0.261825, 0.963961, 0.0, 0.0, 0.0, 0.0, 1.0],
                [0.997532, -0.017914, 0.067884, 0.0, -0.000505, 0.965043, 0.262092, 0.33014, -0.070206, -0.261479, 0.962652, -0.0, 0.0, 0.0, 0.0, 1.0],
                [0.995709, -0.023613, 0.089478, 0.0, -0.000665, 0.965046, 0.262079, 0.33014, -0.092539, -0.261014, 0.960889, 0.0, 0.0, 0.0, 0.0, 1.0],
                [0.993484, -0.029081, 0.110197, -0.0, -0.00082, 0.96505, 0.262064, 0.33014, -0.113967, -0.260446, 0.958738, 0.0, 0.0, 0.0, 0.0, 1.0],
                [0.990944, -0.034263, 0.129833, 0.0, -0.000966, 0.965055, 0.262046, 0.33014, -0.134275, -0.259798, 0.956282, 0.0, 0.0, 0.0, 0.0, 1.0],
                [0.988186, -0.039106, 0.148185, -0.0, -0.001102, 0.96506, 0.262027, 0.33014, -0.153254, -0.259095, 0.953616, 0.0, 0.0, 0.0, 0.0, 1.0],
                [0.985322, -0.043559, 0.165058, -0.0, -0.001228, 0.965065, 0.262007, 0.33014, -0.170705, -0.258364, 0.950846, -0.0, 0.0, 0.0, 0.0, 1.0],
                [0.982467, -0.047571, 0.180265, 0.0, -0.001341, 0.965071, 0.261987, 0.33014, -0.186431, -0.257635, 0.948086, 0.0, 0.0, 0.0, 0.0, 1.0],
                [0.979745, -0.051096, 0.193621, -0.0, -0.00144, 0.965075, 0.261968, 0.33014, -0.200244, -0.256941, 0.945454, 0.0, 0.0, 0.0, 0.0, 1.0],
                [0.977277, -0.054086, 0.204949, -0.0, -0.001524, 0.96508, 0.261951, 0.33014, -0.21196, -0.256311, 0.943068, -0.0, 0.0, 0.0, 0.0, 1.0],
                [0.975183, -0.056493, 0.214071, 0.0, -0.001592, 0.965084, 0.261937, 0.33014, -0.221394, -0.255777, 0.941044, -0.0, 0.0, 0.0, 0.0, 1.0],
                [0.973574, -0.058272, 0.220812, -0.0, -0.001642, 0.965087, 0.261925, 0.33014, -0.228366, -0.255366, 0.939488, 0.0, 0.0, 0.0, 0.0, 1.0],
                [0.97255, -0.059375, 0.224992, 0.0, -0.001673, 0.965089, 0.261918, 0.33014, -0.232689, -0.255105, 0.938497, 0.0, 0.0, 0.0, 0.0, 1.0],
                [0.972194, -0.059754, 0.226427, -0.0, -0.001684, 0.965089, 0.261916, 0.33014, -0.234173, -0.255014, 0.938153, -0.0, 0.0, 0.0, 0.0, 1.0],
                [0.97255, -0.059375, 0.224992, 0.0, -0.001673, 0.965089, 0.261918, 0.33014, -0.232689, -0.255105, 0.938497, -0.0, 0.0, 0.0, 0.0, 1.0],
                [0.973574, -0.058272, 0.220812, 0.0, -0.001642, 0.965087, 0.261925, 0.33014, -0.228366, -0.255366, 0.939488, 0.0, 0.0, 0.0, 0.0, 1.0],
                [0.975183, -0.056493, 0.214071, -0.0, -0.001592, 0.965084, 0.261937, 0.33014, -0.221394, -0.255777, 0.941043, 0.0, 0.0, 0.0, 0.0, 1.0],
                [0.977277, -0.054086, 0.204949, -0.0, -0.001524, 0.96508, 0.261951, 0.33014, -0.21196, -0.256311, 0.943068, -0.0, 0.0, 0.0, 0.0, 1.0],
                [0.979745, -0.051096, 0.193621, -0.0, -0.00144, 0.965075, 0.261968, 0.33014, -0.200244, -0.256941, 0.945454, 0.0, 0.0, 0.0, 0.0, 1.0],
                [0.982467, -0.047571, 0.180265, 0.0, -0.001341, 0.96507, 0.261987, 0.33014, -0.186431, -0.257635, 0.948086, 0.0, 0.0, 0.0, 0.0, 1.0],
                [0.985321, -0.043559, 0.165058, -0.0, -0.001228, 0.965065, 0.262007, 0.33014, -0.170705, -0.258364, 0.950846, 0.0, 0.0, 0.0, 0.0, 1.0],
                [0.988186, -0.039106, 0.148185, -0.0, -0.001102, 0.96506, 0.262027, 0.33014, -0.153254, -0.259095, 0.953616, 0.0, 0.0, 0.0, 0.0, 1.0],
                [0.990944, -0.034263, 0.129833, -0.0, -0.000966, 0.965055, 0.262046, 0.33014, -0.134275, -0.259798, 0.956282, 0.0, 0.0, 0.0, 0.0, 1.0],
                [0.993484, -0.029081, 0.110197, -0.0, -0.00082, 0.96505, 0.262064, 0.33014, -0.113967, -0.260447, 0.958738, 0.0, 0.0, 0.0, 0.0, 1.0],
                [0.995709, -0.023613, 0.089478, -0.0, -0.000665, 0.965046, 0.262079, 0.33014, -0.092539, -0.261014, 0.960889, 0.0, 0.0, 0.0, 0.0, 1.0],
                [0.997532, -0.017914, 0.067884, 0.0, -0.000505, 0.965043, 0.262092, 0.33014, -0.070206, -0.261479, 0.962652, 0.0, 0.0, 0.0, 0.0, 1.0],
                [0.998886, -0.012041, 0.045626, -0.0, -0.000339, 0.96504, 0.262101, 0.33014, -0.047187, -0.261825, 0.963961, -0.0, 0.0, 0.0, 0.0, 1.0],
                [0.999719, -0.00605, 0.022925, -0.0, -0.00017, 0.965039, 0.262107, 0.33014, -0.023709, -0.262037, 0.964766, -0.0, 0.0, 0.0, 0.0, 1.0],
                [1.0, 0.0, 0.0, -0.0, -0.0, 0.965038, 0.262109, 0.33014, -0.0, -0.262109, 0.965038, -0.0, 0.0, 0.0, 0.0, 1.0],
                [0.999719, 0.00605, -0.022925, -0.0, 0.00017, 0.965039, 0.262107, 0.33014, 0.023709, -0.262037, 0.964766, -0.0, 0.0, 0.0, 0.0, 1.0],
                [0.998886, 0.012041, -0.045626, 0.0, 0.000339, 0.96504, 0.262101, 0.33014, 0.047187, -0.261825, 0.963961, 0.0, 0.0, 0.0, 0.0, 1.0],
                [0.997532, 0.017914, -0.067884, -0.0, 0.000505, 0.965043, 0.262092, 0.33014, 0.070206, -0.261479, 0.962652, -0.0, 0.0, 0.0, 0.0, 1.0],
                [0.995709, 0.023613, -0.089478, 0.0, 0.000665, 0.965046, 0.262079, 0.33014, 0.092539, -0.261014, 0.960889, -0.0, 0.0, 0.0, 0.0, 1.0],
                [0.993484, 0.029081, -0.110197, 0.0, 0.00082, 0.96505, 0.262064, 0.33014, 0.113967, -0.260446, 0.958738, 0.0, 0.0, 0.0, 0.0, 1.0],
                [0.990944, 0.034263, -0.129833, -0.0, 0.000966, 0.965055, 0.262046, 0.33014, 0.134275, -0.259798, 0.956282, 0.0, 0.0, 0.0, 0.0, 1.0],
                [0.988186, 0.039106, -0.148185, -0.0, 0.001102, 0.96506, 0.262027, 0.33014, 0.153254, -0.259095, 0.953616, 0.0, 0.0, 0.0, 0.0, 1.0],
                [0.985322, 0.043559, -0.165058, 0.0, 0.001228, 0.965065, 0.262007, 0.33014, 0.170705, -0.258364, 0.950846, -0.0, 0.0, 0.0, 0.0, 1.0],
                [0.982467, 0.047571, -0.180265, -0.0, 0.001341, 0.965071, 0.261987, 0.33014, 0.186431, -0.257635, 0.948086, 0.0, 0.0, 0.0, 0.0, 1.0],
                [0.979745, 0.051096, -0.193621, 0.0, 0.00144, 0.965075, 0.261968, 0.33014, 0.200244, -0.256941, 0.945454, 0.0, 0.0, 0.0, 0.0, 1.0],
                [0.977277, 0.054086, -0.204949, -0.0, 0.001524, 0.96508, 0.261951, 0.33014, 0.21196, -0.256311, 0.943068, -0.0, 0.0, 0.0, 0.0, 1.0],
                [0.975183, 0.056493, -0.214071, -0.0, 0.001592, 0.965084, 0.261937, 0.33014, 0.221394, -0.255777, 0.941043, -0.0, 0.0, 0.0, 0.0, 1.0],
                [0.973574, 0.058272, -0.220812, 0.0, 0.001642, 0.965087, 0.261925, 0.33014, 0.228366, -0.255366, 0.939488, -0.0, 0.0, 0.0, 0.0, 1.0],
                [0.97255, 0.059375, -0.224992, 0.0, 0.001673, 0.965089, 0.261918, 0.33014, 0.232689, -0.255105, 0.938497, 0.0, 0.0, 0.0, 0.0, 1.0],
                [0.972194, 0.059754, -0.226427, 0.0, 0.001684, 0.965089, 0.261916, 0.33014, 0.234173, -0.255014, 0.938153, -0.0, 0.0, 0.0, 0.0, 1.0]
            ]
        },
        {
            "name": "head",
            "time": [0.0, 0.0167, 0.0333, 0.05, 0.0667, 0.0833, 0.1, 0.1167, 0.1333, 0.15, 0.1667, 0.1833, 0.2, 0.2167, 0.2333, 0.25, 0.2667, 0.2833, 0.3, 0.3167, 0.3333, 0.35, 0.3667, 0.3833, 0.4, 0.4167, 0.4333, 0.45, 0.4667, 0.4833, 0.5, 0.5167, 0.5333, 0.55, 0.5667, 0.5833, 0.6, 0.6167, 0.6333, 0.65, 0.6667, 0.6833, 0.7, 0.7167, 0.7333, 0.75, 0.7667, 0.7833, 0.8, 0.8167, 0.8333, 0.85, 0.8667, 0.8833, 0.9, 0.9167, 0.9333, 0.95, 0.9667, 0.9833, 1.0],
            "transform": [
                [0.92949, 0.088367, 0.358106, 0.0, 0.075902, 0.904275, -0.42015, 0.74893, -0.360954, 0.417706, 0.833807, -0.156975, 0.0, 0.0, 0.0, 1.0],
                [0.930374, 0.087831, 0.355935, 0.0, 0.075442, 0.904231, -0.420327, 0.74893, -0.358765, 0.417914, 0.834647, -0.156975, 0.0, 0.0, 0.0, 1.0],
                [0.932918, 0.086268, 0.349601, -0.0, 0.0741, 0.904106, -0.420835, 0.74893, -0.352381, 0.41851, 0.837064, -0.156975, 0.0, 0.0, 0.0, 1.0],
                [0.936924, 0.08374, 0.339355, 0.0, 0.071928, 0.903908, -0.421635, 0.74893, -0.342053, 0.419449, 0.84087, -0.156975, 0.0, 0.0, 0.0, 1.0],
                [0.942152, 0.080302, 0.325425, 0.0, 0.068975, 0.90365, -0.42268, 0.74893, -0.328013, 0.420675, 0.845837, -0.156975, 0.0, 0.0, 0.0, 1.0],
                [0.948335, 0.076011, 0.308033, 0.0, 0.065289, 0.903346, -0.423915, 0.74893, -0.310482, 0.422124, 0.851711, -0.156975, 0.0, 0.0, 0.0, 1.0],
                [0.955183, 0.070918, 0.287397, 0.0, 0.060915, 0.903008, -0.425283, 0.74893, -0.289682, 0.42373, 0.858218, -0.156975, 0.0, 0.0, 0.0, 1.0],
                [0.962395, 0.065082, 0.263744, -0.0, 0.055902, 0.902653, -0.426724, 0.74893, -0.265841, 0.425421, 0.86507, -0.156975, 0.0, 0.0, 0.0, 1.0],
                [0.969665, 0.058561, 0.237318, 0.0, 0.050301, 0.902294, -0.428177, 0.74893, -0.239205, 0.427125, 0.871978, -0.156975, 0.0, 0.0, 0.0, 1.0],
                [0.976695, 0.05142, 0.208381, -0.0, 0.044167, 0.901947, -0.429581, 0.74893, -0.210038, 0.428774, 0.878657, -0.156975, 0.0, 0.0, 0.0, 1.0],
                [0.983199, 0.043731, 0.177221, 0.0, 0.037563, 0.901627, -0.430881, 0.74893, -0.17863, 0.430298, 0.884836, -0.156975, 0.0, 0.0, 0.0, 1.0],
                [0.988916, 0.035572, 0.144154, -0.0, 0.030554, 0.901345, -0.432023, 0.74893, -0.145301, 0.431639, 0.890267, -0.156975, 0.0, 0.0, 0.0, 1.0],
                [0.993617, 0.027026, 0.109522, -0.0, 0.023214, 0.901114, -0.432962, 0.74893, -0.110393, 0.432741, 0.894734, -0.156975, 0.0, 0.0, 0.0, 1.0],
                [0.997115, 0.018184, 0.073692, 0.0, 0.015619, 0.900941, -0.433661, 0.74893, -0.074278, 0.433561, 0.898058, -0.156975, 0.0, 0.0, 0.0, 1.0],
                [0.999272, 0.009143, 0.037051, 0.0, 0.007853, 0.900835, -0.434092, 0.74893, -0.037345, 0.434066, 0.900106, -0.156975, 0.0, 0.0, 0.0, 1.0],
                [1.0, 0.0, -0.0, -0.0, -0.0, 0.900798, -0.434237, 0.74893, 0.0, 0.434237, 0.900798, -0.156975, 0.0, 0.0, 0.0, 1.0],
                [0.999272, -0.009143, -0.037051, 0.0, -0.007853, 0.900835, -0.434092, 0.74893, 0.037345, 0.434066, 0.900106, -0.156975, 0.0, 0.0, 0.0, 1.0],
                [0.997115, -0.018184, -0.073692, 0.0, -0.015619, 0.900941, -0.433661, 0.74893, 0.074278, 0.433561, 0.898058, -0.156975, 0.0, 0.0, 0.0, 1.0],
                [0.993617, -0.027026, -0.109522, -0.0, -0.023214, 0.901113, -0.432962, 0.74893, 0.110393, 0.432741, 0.894734, -0.156975, 0.0, 0.0, 0.0, 1.0],
                [0.988916, -0.035572, -0.144154, 0.0, -0.030554, 0.901345, -0.432023, 0.74893, 0.1453, 0.431639, 0.890267, -0.156975, 0.0, 0.0, 0.0, 1.0],
                [0.983199, -0.043731, -0.177221, -0.0, -0.037563, 0.901627, -0.43088, 0.74893, 0.17863, 0.430298, 0.884836, -0.156975, 0.0, 0.0, 0.0, 1.0],
                [0.976695, -0.05142, -0.208381, 0.0, -0.044167, 0.901947, -0.429581, 0.74893, 0.210038, 0.428773, 0.878657, -0.156975, 0.0, 0.0, 0.0, 1.0],
                [0.969665, -0.058561, -0.237318, -0.0, -0.050301, 0.902294, -0.428177, 0.74893, 0.239205, 0.427125, 0.871978, -0.156975, 0.0, 0.0, 0.0, 1.0],
                [0.962395, -0.065082, -0.263744, 0.0, -0.055902, 0.902652, -0.426724, 0.74893, 0.265841, 0.425421, 0.86507, -0.156975, 0.0, 0.0, 0.0, 1.0],
                [0.955183, -0.070919, -0.287397, -0.0, -0.060915, 0.903008, -0.425283, 0.74893, 0.289682, 0.42373, 0.858218, -0.156975, 0.0, 0.0, 0.0, 1.0],
                [0.948334, -0.076011, -0.308033, -0.0, -0.065289, 0.903346, -0.423915, 0.74893, 0.310482, 0.422124, 0.851711, -0.156975, 0.0, 0.0, 0.0, 1.0],
                [0.942152, -0.080302, -0.325425, 0.0, -0.068975, 0.903651, -0.42268, 0.74893, 0.328013, 0.420675, 0.845837, -0.156975, 0.0, 0.0, 0.0, 1.0],
                [0.936924, -0.08374, -0.339355, 0.0, -0.071928, 0.903908, -0.421635, 0.74893, 0.342053, 0.419449, 0.84087, -0.156975, 0.0, 0.0, 0.0, 1.0],
                [0.932918, -0.086268, -0.349601, 0.0, -0.0741, 0.904106, -0.420835, 0.74893, 0.352381, 0.41851, 0.837064, -0.156975, 0.0, 0.0, 0.0, 1.0],
                [0.930374, -0.087831, -0.355935, -0.0, -0.075442, 0.904231, -0.420327, 0.74893, 0.358765, 0.417914, 0.834647, -0.156975, 0.0, 0.0, 0.0, 1.0],
                [0.92949, -0.088367, -0.358106, -0.0, -0.075902, 0.904275, -0.42015, 0.74893, 0.360954, 0.417706, 0.833807, -0.156975, 0.0, 0.0, 0.0, 1.0],
                [0.930374, -0.087831, -0.355935, 0.0, -0.075442, 0.904231, -0.420327, 0.74893, 0.358765, 0.417914, 0.834647, -0.156975, 0.0, 0.0, 0.0, 1.0],
                [0.932918, -0.086268, -0.349601, 0.0, -0.0741, 0.904106, -0.420835, 0.74893, 0.352381, 0.41851, 0.837064, -0.156975, 0.0, 0.0, 0.0, 1.0],
                [0.936924, -0.08374, -0.339355, -0.0, -0.071928, 0.903908, -0.421635, 0.74893, 0.342053, 0.419449, 0.84087, -0.156975, 0.0, 0.0, 0.0, 1.0],
                [0.942152, -0.080302, -0.325425, -0.0, -0.068975, 0.90365, -0.42268, 0.74893, 0.328013, 0.420675, 0.845837, -0.156975, 0.0, 0.0, 0.0, 1.0],
                [0.948335, -0.076011, -0.308033, -0.0, -0.065289, 0.903346, -0.423915, 0.74893, 0.310482, 0.422124, 0.851711, -0.156975, 0.0, 0.0, 0.0, 1.0],
                [0.955182, -0.070918, -0.287397, -0.0, -0.060915, 0.903008, -0.425283, 0.74893, 0.289682, 0.42373, 0.858218, -0.156975, 0.0, 0.0, 0.0, 1.0],
                [0.962395, -0.065082, -0.263744, 0.0, -0.055902, 0.902653, -0.426724, 0.74893, 0.265841, 0.425421, 0.86507, -0.156975, 0.0, 0.0, 0.0, 1.0],
                [0.969665, -0.058561, -0.237318, -0.0, -0.050301, 0.902294, -0.428177, 0.74893, 0.239205, 0.427125, 0.871978, -0.156975, 0.0, 0.0, 0.0, 1.0],
                [0.976695, -0.05142, -0.208381, 0.0, -0.044167, 0.901948, -0.429581, 0.74893, 0.210038, 0.428774, 0.878657, -0.156975, 0.0, 0.0, 0.0, 1.0],
                [0.983199, -0.043731, -0.177221, -0.0, -0.037563, 0.901627, -0.430881, 0.74893, 0.17863, 0.430298, 0.884836, -0.156975, 0.0, 0.0, 0.0, 1.0],
                [0.988916, -0.035572, -0.144154, 0.0, -0.030554, 0.901345, -0.432023, 0.74893, 0.1453, 0.431639, 0.890267, -0.156975, 0.0, 0.0, 0.0, 1.0],
                [0.993617, -0.027026, -0.109522, 0.0, -0.023214, 0.901113, -0.432962, 0.74893, 0.110393, 0.432741, 0.894734, -0.156975, 0.0, 0.0, 0.0, 1.0],
                [0.997115, -0.018184, -0.073692, 0.0, -0.015619, 0.900941, -0.433661, 0.74893, 0.074278, 0.433561, 0.898058, -0.156975, 0.0, 0.0, 0.0, 1.0],
                [0.999272, -0.009143, -0.037051, 0.0, -0.007853, 0.900835, -0.434092, 0.74893, 0.037345, 0.434066, 0.900107, -0.156975, 0.0, 0.0, 0.0, 1.0],
                [1.0, -0.0, -0.0, -0.0, -0.0, 0.900798, -0.434237, 0.74893, 0.0, 0.434237, 0.900798, -0.156975, 0.0, 0.0, 0.0, 1.0],
                [0.999272, 0.009143, 0.037051, -0.0, 0.007853, 0.900835, -0.434092, 0.74893, -0.037345, 0.434066, 0.900106, -0.156975, 0.0, 0.0, 0.0, 1.0],
                [0.997115, 0.018184, 0.073692, -0.0, 0.015619, 0.900941, -0.433661, 0.74893, -0.074278, 0.433561, 0.898058, -0.156975, 0.0, 0.0, 0.0, 1.0],
                [0.993617, 0.027026, 0.109522, -0.0, 0.023214, 0.901113, -0.432962, 0.74893, -0.110393, 0.432741, 0.894734, -0.156975, 0.0, 0.0, 0.0, 1.0],
                [0.988916, 0.035572, 0.144154, -0.0, 0.030554, 0.901345, -0.432023, 0.74893, -0.1453, 0.431639, 0.890267, -0.156975, 0.0, 0.0, 0.0, 1.0],
                [0.983199, 0.043731, 0.177221, -0.0, 0.037563, 0.901627, -0.430881, 0.74893, -0.17863, 0.430298, 0.884836, -0.156975, 0.0, 0.0, 0.0, 1.0],
                [0.976695, 0.05142, 0.208381, -0.0, 0.044167, 0.901947, -0.429581, 0.74893, -0.210038, 0.428773, 0.878657, -0.156975, 0.0, 0.0, 0.0, 1.0],
                [0.969665, 0.058561, 0.237318, 0.0, 0.050301, 0.902294, -0.428177, 0.74893, -0.239205, 0.427126, 0.871978, -0.156975, 0.0, 0.0, 0.0, 1.0],
                [0.962395, 0.065082, 0.263744, -0.0, 0.055902, 0.902652, -0.426724, 0.74893, -0.265842, 0.425421, 0.86507, -0.156975, 0.0, 0.0, 0.0, 1.0],
                [0.955183, 0.070918, 0.287397, 0.0, 0.060915, 0.903008, -0.425283, 0.74893, -0.289682, 0.42373, 0.858218, -0.156975, 0.0, 0.0, 0.0, 1.0],
                [0.948334, 0.076011, 0.308033, 0.0, 0.065289, 0.903346, -0.423915, 0.74893, -0.310482, 0.422124, 0.851711, -0.156975, 0.0, 0.0, 0.0, 1.0],
                [0.942152, 0.080302, 0.325425, -0.0, 0.068975, 0.903651, -0.42268, 0.74893, -0.328013, 0.420675, 0.845837, -0.156975, 0.0, 0.0, 0.0, 1.0],
                [0.936924, 0.08374, 0.339355, -0.0, 0.071928, 0.903908, -0.421635, 0.74893, -0.342053, 0.419449, 0.84087, -0.156975, 0.0, 0.0, 0.0, 1.0],
                [0.932918, 0.086268, 0.349601, -0.0, 0.0741, 0.904106, -0.420835, 0.74893, -0.352381, 0.41851, 0.837064, -0.156975, 0.0, 0.0, 0.0, 1.0],
                [0.930374, 0.087831, 0.355935, -0.0, 0.075442, 0.904231, -0.420327, 0.74893, -0.358765, 0.417914, 0.834647, -0.156975, 0.0, 0.0, 0.0, 1.0],
                [0.92949, 0.088367, 0.358106, -0.0, 0.075902, 0.904275, -0.42015, 0.74893, -0.360954, 0.417706, 0.833807, -0.156975, 0.0, 0.0, 0.0, 1.0]
            ]
        },
        {
            "name": "shoudler_L",
            "time": [0.0, 0.0167, 0.0333, 0.05, 0.0667, 0.0833, 0.1, 0.1167, 0.1333, 0.15, 0.1667, 0.1833, 0.2, 0.2167, 0.2333, 0.25, 0.2667, 0.2833, 0.3, 0.3167, 0.3333, 0.35, 0.3667, 0.3833, 0.4, 0.4167, 0.4333, 0.45, 0.4667, 0.4833, 0.5, 0.5167, 0.5333, 0.55, 0.5667, 0.5833, 0.6, 0.6167, 0.6333, 0.65, 0.6667, 0.6833, 0.7, 0.7167, 0.7333, 0.75, 0.7667, 0.7833, 0.8, 0.8167, 0.8333, 0.85, 0.8667, 0.8833, 0.9, 0.9167, 0.9333, 0.95, 0.9667, 0.9833, 1.0],
            "transform": [
                [-0.159596, -0.987182, 0.0, 0.0, 0.987182, -0.159596, -0.0, 0.74893, 0.0, -0.0, 1.0, -0.0, 0.0, 0.0, 0.0, 1.0],
                [-0.159596, -0.987182, -0.0, -0.0, 0.987182, -0.159596, -0.0, 0.74893, 0.0, -0.0, 1.0, -0.0, 0.0, 0.0, 0.0, 1.0],
                [-0.159596, -0.987182, 0.0, 0.0, 0.987182, -0.159596, -0.0, 0.74893, 0.0, -0.0, 1.0, -0.0, 0.0, 0.0, 0.0, 1.0],
                [-0.159596, -0.987182, 0.0, 0.0, 0.987182, -0.159596, -0.0, 0.74893, 0.0, 0.0, 1.0, 0.0, 0.0, 0.0, 0.0, 1.0],
                [-0.159596, -0.987182, 0.0, 0.0, 0.987182, -0.159596, -0.0, 0.74893, 0.0, 0.0, 1.0, 0.0, 0.0, 0.0, 0.0, 1.0],
                [-0.159596, -0.987182, 0.0, 0.0, 0.987182, -0.159596, -0.0, 0.74893, 0.0, -0.0, 1.0, 0.0, 0.0, 0.0, 0.0, 1.0],
                [-0.159596, -0.987182, 0.0, -0.0, 0.987182, -0.159596, -0.0, 0.74893, 0.0, 0.0, 1.0, 0.0, 0.0, 0.0, 0.0, 1.0],
                [-0.159596, -0.987182, -0.0, -0.0, 0.987182, -0.159596, -0.0, 0.74893, 0.0, -0.0, 1.0, -0.0, 0.0, 0.0, 0.0, 1.0],
                [-0.159596, -0.987182, 0.0, 0.0, 0.987182, -0.159596, -0.0, 0.74893, 0.0, -0.0, 1.0, 0.0, 0.0, 0.0, 0.0, 1.0],
                [-0.159596, -0.987182, 0.0, -0.0, 0.987182, -0.159596, -0.0, 0.74893, 0.0, 0.0, 1.0, -0.0, 0.0, 0.0, 0.0, 1.0],
                [-0.159596, -0.987182, 0.0, -0.0, 0.987182, -0.159596, -0.0, 0.74893, 0.0, 0.0, 1.0, 0.0, 0.0, 0.0, 0.0, 1.0],
                [-0.159596, -0.987182, 0.0, 0.0, 0.987182, -0.159596, -0.0, 0.74893, 0.0, 0.0, 1.0, 0.0, 0.0, 0.0, 0.0, 1.0],
                [-0.159596, -0.987183, 0.0, 0.0, 0.987182, -0.159596, -0.0, 0.74893, 0.0, 0.0, 1.0, -0.0, 0.0, 0.0, 0.0, 1.0],
                [-0.159596, -0.987182, 0.0, 0.0, 0.987182, -0.159596, -0.0, 0.74893, 0.0, 0.0, 1.0, -0.0, 0.0, 0.0, 0.0, 1.0],
                [-0.159596, -0.987182, 0.0, 0.0, 0.987182, -0.159596, -0.0, 0.74893, 0.0, 0.0, 1.0, -0.0, 0.0, 0.0, 0.0, 1.0],
                [-0.159596, -0.987182, 0.0, 0.0, 0.987182, -0.159596, -0.0, 0.74893, 0.0, -0.0, 1.0, 0.0, 0.0, 0.0, 0.0, 1.0],
                [-0.159596, -0.987182, 0.0, 0.0, 0.987182, -0.159596, -0.0, 0.74893, 0.0, 0.0, 1.0, -0.0, 0.0, 0.0, 0.0, 1.0],
                [-0.159596, -0.987182, 0.0, 0.0, 0.987182, -0.159596, -0.0, 0.74893, 0.0, -0.0, 1.0, -0.0, 0.0, 0.0, 0.0, 1.0],
                [-0.159596, -0.987182, -0.0, -0.0, 0.987183, -0.159596, -0.0, 0.74893, 0.0, 0.0, 1.0, -0.0, 0.0, 0.0, 0.0, 1.0],
                [-0.159596, -0.987182, 0.0, -0.0, 0.987182, -0.159596, -0.0, 0.74893, 0.0, 0.0, 1.0, 0.0, 0.0, 0.0, 0.0, 1.0],
                [-0.159596, -0.987182, 0.0, -0.0, 0.987183, -0.159596, -0.0, 0.74893, 0.0, 0.0, 1.0, -0.0, 0.0, 0.0, 0.0, 1.0],
                [-0.159596, -0.987182, 0.0, 0.0, 0.987182, -0.159596, -0.0, 0.74893, 0.0, 0.0, 1.0, -0.0, 0.0, 0.0, 0.0, 1.0],
                [-0.159596, -0.987182, 0.0, -0.0, 0.987182, -0.159596, -0.0, 0.74893, 0.0, -0.0, 1.0, 0.0, 0.0, 0.0, 0.0, 1.0],
                [-0.159596, -0.987183, 0.0, 0.0, 0.987183, -0.159596, -0.0, 0.74893, 0.0, -0.0, 1.0, -0.0, 0.0, 0.0, 0.0, 1.0],
                [-0.159596, -0.987182, 0.0, 0.0, 0.987182, -0.159596, -0.0, 0.74893, 0.0, 0.0, 1.0, 0.0, 0.0, 0.0, 0.0, 1.0],
