{
    "animation": [
        {
            "name": "Root",
            "time": [0.0, 0.0167, 0.0333, 0.05, 0.0667, 0.0833, 0.1, 0.1167, 0.1333, 0.15, 0.1667, 0.1833, 0.2, 0.2167, 0.2333, 0.25, 0.2667, 0.2833, 0.3, 0.3167, 0.3333, 0.35, 0.3667, 0.3833, 0.4, 0.4167, 0.4333, 0.45, 0.4667, 0.4833, 0.5, 0.5167, 0.5333, 0.55, 0.5667, 0.5833, 0.6, 0.6167, 0.6333, 0.65, 0.6667, 0.6833, 0.7, 0.7167, 0.7333, 0.75, 0.7667, 0.7833, 0.8, 0.8167, 0.8333, 0.85, 0.8667, 0.8833, 0.9, 0.9167, 0.9333, 0.95, 0.9667, 0.9833, 1.0],
            "transform": [
                [1.0, 0.0, 0.0, 0.0, 0.0, 0.0, -1.0, 0.0, 0.0, 1.0, 0.0, 0.867907, 0.0, 0.0, 0.0, 1.0],
                [1.0, 0.0, 0.0, 0.0, 0.0, 0.0, -1.0, 0.0, 0.0, 1.0, 0.0, 0.867427, 0.0, 0.0, 0.0, 1.0],
                [1.0, 0.0, 0.0, 0.0, 0.0, 0.0, -1.0, 0.0, 0.0, 1.0, 0.0, 0.866284, 0.0, 0.0, 0.0, 1.0],
                [1.0, 0.0, 0.0, 0.0, 0.0, 0.0, -1.0, 0.0, 0.0, 1.0, 0.0, 0.864919, 0.0, 0.0, 0.0, 1.0],
                [1.0, 0.0, 0.0, 0.0, 0.0, 0.0, -1.0, 0.0, 0.0, 1.0, 0.0, 0.863775, 0.0, 0.0, 0.0, 1.0],
                [1.0, 0.0, 0.0, 0.0, 0.0, 0.0, -1.0, 0.0, 0.0, 1.0, 0.0, 0.863296, 0.0, 0.0, 0.0, 1.0],
                [1.0, 0.0, 0.0, 0.0, 0.0, 0.0, -1.0, 0.0, 0.0, 1.0, 0.0, 0.863425, 0.0, 0.0, 0.0, 1.0],
                [1.0, 0.0, 0.0, 0.0, 0.0, 0.0, -1.0, 0.0, 0.0, 1.0, 0.0, 0.863775, 0.0, 0.0, 0.0, 1.0],
                [1.0, 0.0, 0.0, 0.0, 0.0, 0.0, -1.0, 0.0, 0.0, 1.0, 0.0, 0.864292, 0.0, 0.0, 0.0, 1.0],
                [1.0, 0.0, 0.0, 0.0, 0.0, 0.0, -1.0, 0.0, 0.0, 1.0, 0.0, 0.864919, 0.0, 0.0, 0.0, 1.0],
                [1.0, 0.0, 0.0, 0.0, 0.0, 0.0, -1.0, 0.0, 0.0, 1.0, 0.0, 0.865601, 0.0, 0.0, 0.0, 1.0],
                [1.0, 0.0, 0.0, 0.0, 0.0, 0.0, -1.0, 0.0, 0.0, 1.0, 0.0, 0.866284, 0.0, 0.0, 0.0, 1.0],
                [1.0, 0.0, 0.0, 0.0, 0.0, 0.0, -1.0, 0.0, 0.0, 1.0, 0.0, 0.866911, 0.0, 0.0, 0.0, 1.0],
                [1.0, 0.0, 0.0, 0.0, 0.0, 0.0, -1.0, 0.0, 0.0, 1.0, 0.0, 0.867427, 0.0, 0.0, 0.0, 1.0],
                [1.0, 0.0, 0.0, 0.0, 0.0, 0.0, -1.0, 0.0, 0.0, 1.0, 0.0, 0.867778, 0.0, 0.0, 0.0, 1.0],
                [1.0, 0.0, 0.0, 0.0, 0.0, 0.0, -1.0, 0.0, 0.0, 1.0, 0.0, 0.867907, 0.0, 0.0, 0.0, 1.0],
                [1.0, 0.0, 0.0, 0.0, 0.0, 0.0, -1.0, 0.0, 0.0, 1.0, 0.0, 0.867907, 0.0, 0.0, 0.0, 1.0],
                [1.0, 0.0, 0.0, 0.0, 0.0, 0.0, -1.0, 0.0, 0.0, 1.0, 0.0, 0.867907, 0.0, 0.0, 0.0, 1.0],
                [1.0, 0.0, 0.0, 0.0, 0.0, 0.0, -1.0, 0.0, 0.0, 1.0, 0.0, 0.867907, 0.0, 0.0, 0.0, 1.0],
                [1.0, 0.0, 0.0, 0.0, 0.0, 0.0, -1.0, 0.0, 0.0, 1.0, 0.0, 0.867907, 0.0, 0.0, 0.0, 1.0],
                [1.0, 0.0, 0.0, 0.0, 0.0, 0.0, -1.0, 0.0, 0.0, 1.0, 0.0, 0.867907, 0.0, 0.0, 0.0, 1.0],
                [1.0, 0.0, 0.0, 0.0, 0.0, 0.0, -1.0, 0.0, 0.0, 1.0, 0.0, 0.867907, 0.0, 0.0, 0.0, 1.0],
                [1.0, 0.0, 0.0, 0.0, 0.0, 0.0, -1.0, 0.0, 0.0, 1.0, 0.0, 0.867907, 0.0, 0.0, 0.0, 1.0],
                [1.0, 0.0, 0.0, 0.0, 0.0, 0.0, -1.0, 0.0, 0.0, 1.0, 0.0, 0.867907, 0.0, 0.0, 0.0, 1.0],
                [1.0, 0.0, 0.0, 0.0, 0.0, 0.0, -1.0, 0.0, 0.0, 1.0, 0.0, 0.867907, 0.0, 0.0, 0.0, 1.0],
                [1.0, 0.0, 0.0, 0.0, 0.0, 0.0, -1.0, 0.0, 0.0, 1.0, 0.0, 0.867907, 0.0, 0.0, 0.0, 1.0],
                [1.0, 0.0, 0.0, 0.0, 0.0, 0.0, -1.0, 0.0, 0.0, 1.0, 0.0, 0.867907, 0.0, 0.0, 0.0, 1.0],
                [1.0, 0.0, 0.0, 0.0, 0.0, 0.0, -1.0, 0.0, 0.0, 1.0, 0.0, 0.867907, 0.0, 0.0, 0.0, 1.0],
                [1.0, 0.0, 0.0, 0.0, 0.0, 0.0, -1.0, 0.0, 0.0, 1.0, 0.0, 0.867907, 0.0, 0.0, 0.0, 1.0],
                [1.0, 0.0, 0.0, 0.0, 0.0, 0.0, -1.0, 0.0, 0.0, 1.0, 0.0, 0.867907, 0.0, 0.0, 0.0, 1.0],
                [1.0, 0.0, 0.0, 0.0, 0.0, 0.0, -1.0, 0.0, 0.0, 1.0, 0.0, 0.867907, 0.0, 0.0, 0.0, 1.0],
                [1.0, 0.0, 0.0, 0.0, 0.0, 0.0, -1.0, 0.0, 0.0, 1.0, 0.0, 0.867427, 0.0, 0.0, 0.0, 1.0],
                [1.0, 0.0, 0.0, 0.0, 0.0, 0.0, -1.0, 0.0, 0.0, 1.0, 0.0, 0.866284, 0.0, 0.0, 0.0, 1.0],
                [1.0, 0.0, 0.0, 0.0, 0.0, 0.0, -1.0, 0.0, 0.0, 1.0, 0.0, 0.864919, 0.0, 0.0, 0.0, 1.0],
                [1.0, 0.0, 0.0, 0.0, 0.0, 0.0, -1.0, 0.0, 0.0, 1.0, 0.0, 0.863775, 0.0, 0.0, 0.0, 1.0],
                [1.0, 0.0, 0.0, 0.0, 0.0, 0.0, -1.0, 0.0, 0.0, 1.0, 0.0, 0.863296, 0.0, 0.0, 0.0, 1.0],
                [1.0, 0.0, 0.0, 0.0, 0.0, 0.0, -1.0, 0.0, 0.0, 1.0, 0.0, 0.863494, 0.0, 0.0, 0.0, 1.0],
                [1.0, 0.0, 0.0, 0.0, 0.0, 0.0, -1.0, 0.0, 0.0, 1.0, 0.0, 0.864016, 0.0, 0.0, 0.0, 1.0],
                [1.0, 0.0, 0.0, 0.0, 0.0, 0.0, -1.0, 0.0, 0.0, 1.0, 0.0, 0.864755, 0.0, 0.0, 0.0, 1.0],
                [1.0, 0.0, 0.0, 0.0, 0.0, 0.0, -1.0, 0.0, 0.0, 1.0, 0.0, 0.865601, 0.0, 0.0, 0.0, 1.0],
                [1.0, 0.0, 0.0, 0.0, 0.0, 0.0, -1.0, 0.0, 0.0, 1.0, 0.0, 0.866448, 0.0, 0.0, 0.0, 1.0],
                [1.0, 0.0, 0.0, 0.0, 0.0, 0.0, -1.0, 0.0, 0.0, 1.0, 0.0, 0.867186, 0.0, 0.0, 0.0, 1.0],
                [1.0, 0.0, 0.0, 0.0, 0.0, 0.0, -1.0, 0.0, 0.0, 1.0, 0.0, 0.867709, 0.0, 0.0, 0.0, 1.0],
                [1.0, 0.0, 0.0, 0.0, 0.0, 0.0, -1.0, 0.0, 0.0, 1.0, 0.0, 0.867907, 0.0, 0.0, 0.0, 1.0],
                [1.0, 0.0, 0.0, 0.0, 0.0, 0.0, -1.0, 0.0, 0.0, 1.0, 0.0, 0.867907, 0.0, 0.0, 0.0, 1.0],
                [1.0, 0.0, 0.0, 0.0, 0.0, 0.0, -1.0, 0.0, 0.0, 1.0, 0.0, 0.867907, 0.0, 0.0, 0.0, 1.0],
                [1.0, 0.0, 0.0, 0.0, 0.0, 0.0, -1.0, 0.0, 0.0, 1.0, 0.0, 0.867907, 0.0, 0.0, 0.0, 1.0],
                [1.0, 0.0, 0.0, 0.0, 0.0, 0.0, -1.0, 0.0, 0.0, 1.0, 0.0, 0.867907, 0.0, 0.0, 0.0, 1.0],
                [1.0, 0.0, 0.0, 0.0, 0.0, 0.0, -1.0, 0.0, 0.0, 1.0, 0.0, 0.867907, 0.0, 0.0, 0.0, 1.0],
                [1.0, 0.0, 0.0, 0.0, 0.0, 0.0, -1.0, 0.0, 0.0, 1.0, 0.0, 0.867907, 0.0, 0.0, 0.0, 1.0],
                [1.0, 0.0, 0.0, 0.0, 0.0, 0.0, -1.0, 0.0, 0.0, 1.0, 0.0, 0.867907, 0.0, 0.0, 0.0, 1.0],
                [1.0, 0.0, 0.0, 0.0, 0.0, 0.0, -1.0, 0.0, 0.0, 1.0, 0.0, 0.867907, 0.0, 0.0, 0.0, 1.0],
                [1.0, 0.0, 0.0, 0.0, 0.0, 0.0, -1.0, 0.0, 0.0, 1.0, 0.0, 0.867907, 0.0, 0.0, 0.0, 1.0],
                [1.0, 0.0, 0.0, 0.0, 0.0, 0.0, -1.0, 0.0, 0.0, 1.0, 0.0, 0.867907, 0.0, 0.0, 0.0, 1.0],
                [1.0, 0.0, 0.0, 0.0, 0.0, 0.0, -1.0, 0.0, 0.0, 1.0, 0.0, 0.867907, 0.0, 0.0, 0.0, 1.0],
                [1.0, 0.0, 0.0, 0.0, 0.0, 0.0, -1.0, 0.0, 0.0, 1.0, 0.0, 0.867907, 0.0, 0.0, 0.0, 1.0],
                [1.0, 0.0, 0.0, 0.0, 0.0, 0.0, -1.0, 0.0, 0.0, 1.0, 0.0, 0.867907, 0.0, 0.0, 0.0, 1.0],
                [1.0, 0.0, 0.0, 0.0, 0.0, 0.0, -1.0, 0.0, 0.0, 1.0, 0.0, 0.867907, 0.0, 0.0, 0.0, 1.0],
                [1.0, 0.0, 0.0, 0.0, 0.0, 0.0, -1.0, 0.0, 0.0, 1.0, 0.0, 0.867907, 0.0, 0.0, 0.0, 1.0],
                [1.0, 0.0, 0.0, 0.0, 0.0, 0.0, -1.0, 0.0, 0.0, 1.0, 0.0, 0.867907, 0.0, 0.0, 0.0, 1.0],
                [1.0, 0.0, 0.0, 0.0, 0.0, 0.0, -1.0, 0.0, 0.0, 1.0, 0.0, 0.867907, 0.0, 0.0, 0.0, 1.0]
            ]
        },
        {
            "name": "body",
            "time": [0.0, 0.0167, 0.0333, 0.05, 0.0667, 0.0833, 0.1, 0.1167, 0.1333, 0.15, 0.1667, 0.1833, 0.2, 0.2167, 0.2333, 0.25, 0.2667, 0.2833, 0.3, 0.3167, 0.3333, 0.35, 0.3667, 0.3833, 0.4, 0.4167, 0.4333, 0.45, 0.4667, 0.4833, 0.5, 0.5167, 0.5333, 0.55, 0.5667, 0.5833, 0.6, 0.6167, 0.6333, 0.65, 0.6667, 0.6833, 0.7, 0.7167, 0.7333, 0.75, 0.7667, 0.7833, 0.8, 0.8167, 0.8333, 0.85, 0.8667, 0.8833, 0.9, 0.9167, 0.9333, 0.95, 0.9667, 0.9833, 1.0],
            "transform": [
                [0.998521, 0.0, -0.054369, 0.0, 0.0, 1.0, 0.0, 0.084155, 0.054369, 0.0, 0.998521, 0.0, 0.0, 0.0, 0.0, 1.0],
                [0.99854, 0.0, -0.054015, 0.0, 0.0, 1.0, 0.0, 0.084155, 0.054015, 0.0, 0.99854, 0.0, 0.0, 0.0, 0.0, 1.0],
                [0.998595, 0.0, -0.052986, 0.0, 0.0, 1.0, 0.0, 0.084155, 0.052986, 0.0, 0.998595, 0.0, 0.0, 0.0, 0.0, 1.0],
                [0.998682, 0.0, -0.051329, 0.0, 0.0, 1.0, 0.0, 0.084155, 0.051329, 0.0, 0.998682, 0.0, 0.0, 0.0, 0.0, 1.0],
                [0.998794, 0.0, -0.049092, 0.0, 0.0, 1.0, 0.0, 0.084155, 0.049092, 0.0, 0.998794, 0.0, 0.0, 0.0, 0.0, 1.0],
                [0.998926, 0.0, -0.046324, 0.0, 0.0, 1.0, 0.0, 0.084155, 0.046324, 0.0, 0.998926, 0.0, 0.0, 0.0, 0.0, 1.0],
                [0.999072, 0.0, -0.043072, 0.0, 0.0, 1.0, 0.0, 0.084155, 0.043072, 0.0, 0.999072, 0.0, 0.0, 0.0, 0.0, 1.0],
                [0.999224, 0.0, -0.039385, 0.0, 0.0, 1.0, 0.0, 0.084155, 0.039385, 0.0, 0.999224, 0.0, 0.0, 0.0, 0.0, 1.0],
                [0.999376, 0.0, -0.035311, 0.0, 0.0, 1.0, 0.0, 0.084155, 0.035311, 0.0, 0.999376, 0.0, 0.0, 0.0, 0.0, 1.0],
                [0.999523, 0.0, -0.030897, 0.0, 0.0, 1.0, 0.0, 0.084155, 0.030897, 0.0, 0.999523, 0.0, 0.0, 0.0, 0.0, 1.0],
                [0.999657, 0.0, -0.026193, 0.0, 0.0, 1.0, 0.0, 0.084155, 0.026193, 0.0, 0.999657, 0.0, 0.0, 0.0, 0.0, 1.0],
                [0.999774, 0.0, -0.021245, 0.0, 0.0, 1.0, 0.0, 0.084155, 0.021245, 0.0, 0.999774, 0.0, 0.0, 0.0, 0.0, 1.0],
                [0.99987, 0.0, -0.016104, 0.0, 0.0, 1.0, 0.0, 0.084155, 0.016104, 0.0, 0.99987, 0.0, 0.0, 0.0, 0.0, 1.0],
                [0.999941, 0.0, -0.010817, 0.0, 0.0, 1.0, 0.0, 0.084155, 0.010817, 0.0, 0.999941, 0.0, 0.0, 0.0, 0.0, 1.0],
                [0.999985, 0.0, -0.005433, 0.0, 0.0, 1.0, 0.0, 0.084155, 0.005433, 0.0, 0.999985, 0.0, 0.0, 0.0, 0.0, 1.0],
                [1.0, 0.0, 0.0, 0.0, 0.0, 1.0, 0.0, 0.084155, -0.0, 0.0, 1.0, 0.0, 0.0, 0.0, 0.0, 1.0],
                [0.999985, 0.0, 0.005433, 0.0, 0.0, 1.0, 0.0, 0.084155, -0.005433, 0.0, 0.999985, 0.0, 0.0, 0.0, 0.0, 1.0],
                [0.999941, 0.0, 0.010817, 0.0, 0.0, 1.0, 0.0, 0.084155, -0.010817, 0.0, 0.999941, 0.0, 0.0, 0.0, 0.0, 1.0],
                [0.99987, 0.0, 0.016104, 0.0, 0.0, 1.0, 0.0, 0.084155, -0.016104, 0.0, 0.99987, 0.0, 0.0, 0.0, 0.0, 1.0],
                [0.999774, 0.0, 0.021245, 0.0, 0.0, 1.0, 0.0, 0.084155, -0.021245, 0.0, 0.999774, 0.0, 0.0, 0.0, 0.0, 1.0],
                [0.999657, 0.0, 0.026193, 0.0, 0.0, 1.0, 0.0, 0.084155, -0.026193, 0.0, 0.999657, 0.0, 0.0, 0.0, 0.0, 1.0],
                [0.999523, 0.0, 0.030897, 0.0, 0.0, 1.0, 0.0, 0.084155, -0.030897, 0.0, 0.999523, 0.0, 0.0, 0.0, 0.0, 1.0],
                [0.999376, 0.0, 0.035311, 0.0, 0.0, 1.0, 0.0, 0.084155, -0.035311, 0.0, 0.999376, 0.0, 0.0, 0.0, 0.0, 1.0],
                [0.999224, 0.0, 0.039385, 0.0, 0.0, 1.0, 0.0, 0.084155, -0.039385, 0.0, 0.999224, 0.0, 0.0, 0.0, 0.0, 1.0],
                [0.999072, 0.0, 0.043072, 0.0, 0.0, 1.0, 0.0, 0.084155, -0.043072, 0.0, 0.999072, 0.0, 0.0, 0.0, 0.0, 1.0],
                [0.998926, 0.0, 0.046324, 0.0, 0.0, 1.0, 0.0, 0.084155, -0.046324, 0.0, 0.998926, 0.0, 0.0, 0.0, 0.0, 1.0],
                [0.998794, 0.0, 0.049092, 0.0, 0.0, 1.0, 0.0, 0.084155, -0.049092, 0.0, 0.998794, 0.0, 0.0, 0.0, 0.0, 1.0],
                [0.998682, 0.0, 0.051329, 0.0, 0.0, 1.0, 0.0, 0.084155, -0.051329, 0.0, 0.998682, 0.0, 0.0, 0.0, 0.0, 1.0],
                [0.998595, 0.0, 0.052986, 0.0, 0.0, 1.0, 0.0, 0.084155, -0.052986, 0.0, 0.998595, 0.0, 0.0, 0.0, 0.0, 1.0],
                [0.99854, 0.0, 0.054015, 0.0, 0.0, 1.0, 0.0, 0.084155, -0.054015, 0.0, 0.99854, 0.0, 0.0, 0.0, 0.0, 1.0],
                [0.998521, 0.0, 0.054369, 0.0, 0.0, 1.0, 0.0, 0.084155, -0.054369, 0.0, 0.998521, 0.0, 0.0, 0.0, 0.0, 1.0],
                [0.99854, 0.0, 0.054015, 0.0, 0.0, 1.0, 0.0, 0.084155, -0.054015, 0.0, 0.99854, 0.0, 0.0, 0.0, 0.0, 1.0],
                [0.998595, 0.0, 0.052986, 0.0, 0.0, 1.0, 0.0, 0.084155, -0.052986, 0.0, 0.998595, 0.0, 0.0, 0.0, 0.0, 1.0],
                [0.998682, 0.0, 0.051329, 0.0, 0.0, 1.0, 0.0, 0.084155, -0.051329, 0.0, 0.998682, 0.0, 0.0, 0.0, 0.0, 1.0],
                [0.998794, 0.0, 0.049092, 0.0, 0.0, 1.0, 0.0, 0.084155, -0.049092, 0.0, 0.998794, 0.0, 0.0, 0.0, 0.0, 1.0],
                [0.998926, 0.0, 0.046324, 0.0, 0.0, 1.0, 0.0, 0.084155, -0.046324, 0.0, 0.998926, 0.0, 0.0, 0.0, 0.0, 1.0],
                [0.999072, 0.0, 0.043072, 0.0, 0.0, 1.0, 0.0, 0.084155, -0.043072, 0.0, 0.999072, 0.0, 0.0, 0.0, 0.0, 1.0],
                [0.999224, 0.0, 0.039385, 0.0, 0.0, 1.0, 0.0, 0.084155, -0.039385, 0.0, 0.999224, 0.0, 0.0, 0.0, 0.0, 1.0],
                [0.999376, 0.0, 0.035311, 0.0, 0.0, 1.0, 0.0, 0.084155, -0.035311, 0.0, 0.999376, 0.0, 0.0, 0.0, 0.0, 1.0],
                [0.999523, 0.0, 0.030897, 0.0, 0.0, 1.0, 0.0, 0.084155, -0.030897, 0.0, 0.999523, 0.0, 0.0, 0.0, 0.0, 1.0],
                [0.999657, 0.0, 0.026193, 0.0, 0.0, 1.0, 0.0, 0.084155, -0.026193, 0.0, 0.999657, 0.0, 0.0, 0.0, 0.0, 1.0],
                [0.999774, 0.0, 0.021245, 0.0, 0.0, 1.0, 0.0, 0.084155, -0.021245, 0.0, 0.999774, 0.0, 0.0, 0.0, 0.0, 1.0],
                [0.99987, 0.0, 0.016104, 0.0, 0.0, 1.0, 0.0, 0.084155, -0.016104, 0.0, 0.99987, 0.0, 0.0, 0.0, 0.0, 1.0],
                [0.999941, 0.0, 0.010817, 0.0, 0.0, 1.0, 0.0, 0.084155, -0.010817, 0.0, 0.999941, 0.0, 0.0, 0.0, 0.0, 1.0],
                [0.999985, 0.0, 0.005433, 0.0, 0.0, 1.0, 0.0, 0.084155, -0.005433, 0.0, 0.999985, 0.0, 0.0, 0.0, 0.0, 1.0],
                [1.0, 0.0, -0.0, 0.0, 0.0, 1.0, 0.0, 0.084155, 0.0, 0.0, 1.0, 0.0, 0.0, 0.0, 0.0, 1.0],
                [0.999985, 0.0, -0.005433, 0.0, 0.0, 1.0, 0.0, 0.084155, 0.005433, 0.0, 0.999985, 0.0, 0.0, 0.0, 0.0, 1.0],
                [0.999941, 0.0, -0.010817, 0.0, 0.0, 1.0, 0.0, 0.084155, 0.010817, 0.0, 0.999941, 0.0, 0.0, 0.0, 0.0, 1.0],
                [0.99987, 0.0, -0.016104, 0.0, 0.0, 1.0, 0.0, 0.084155, 0.016104, 0.0, 0.99987, 0.0, 0.0, 0.0, 0.0, 1.0],
                [0.999774, 0.0, -0.021245, 0.0, 0.0, 1.0, 0.0, 0.084155, 0.021245, 0.0, 0.999774, 0.0, 0.0, 0.0, 0.0, 1.0],
                [0.999657, 0.0, -0.026193, 0.0, 0.0, 1.0, 0.0, 0.084155, 0.026193, 0.0, 0.999657, 0.0, 0.0, 0.0, 0.0, 1.0],
                [0.999523, 0.0, -0.030897, 0.0, 0.0, 1.0, 0.0, 0.084155, 0.030897, 0.0, 0.999523, 0.0, 0.0, 0.0, 0.0, 1.0],
                [0.999376, 0.0, -0.035311, 0.0, 0.0, 1.0, 0.0, 0.084155, 0.035311, 0.0, 0.999376, 0.0, 0.0, 0.0, 0.0, 1.0],
                [0.999224, 0.0, -0.039385, 0.0, 0.0, 1.0, 0.0, 0.084155, 0.039385, 0.0, 0.999224, 0.0, 0.0, 0.0, 0.0, 1.0],
                [0.999072, 0.0, -0.043072, 0.0, 0.0, 1.0, 0.0, 0.084155, 0.043072, 0.0, 0.999072, 0.0, 0.0, 0.0, 0.0, 1.0],
                [0.998926, 0.0, -0.046324, 0.0, 0.0, 1.0, 0.0, 0.084155, 0.046324, 0.0, 0.998926, 0.0, 0.0, 0.0, 0.0, 1.0],
                [0.998794, 0.0, -0.049092, 0.0, 0.0, 1.0, 0.0, 0.084155, 0.049092, 0.0, 0.998794, 0.0, 0.0, 0.0, 0.0, 1.0],
                [0.998682, 0.0, -0.051329, 0.0, 0.0, 1.0, 0.0, 0.084155, 0.051329, 0.0, 0.998682, 0.0, 0.0, 0.0, 0.0, 1.0],
                [0.998595, 0.0, -0.052986, 0.0, 0.0, 1.0, 0.0, 0.084155, 0.052986, 0.0, 0.998595, 0.0, 0.0, 0.0, 0.0, 1.0],
                [0.99854, 0.0, -0.054015, 0.0, 0.0, 1.0, 0.0, 0.084155, 0.054015, 0.0, 0.99854, 0.0, 0.0, 0.0, 0.0, 1.0],
                [0.998521, 0.0, -0.054369, 0.0, 0.0, 1.0, 0.0, 0.084155, 0.054369, 0.0, 0.998521, 0.0, 0.0, 0.0, 0.0, 1.0]
            ]
        },
        {
            "name": "chest",
            "time": [0.0, 0.0167, 0.0333, 0.05, 0.0667, 0.0833, 0.1, 0.1167, 0.1333, 0.15, 0.1667, 0.1833, 0.2, 0.2167, 0.2333, 0.25, 0.2667, 0.2833, 0.3, 0.3167, 0.3333, 0.35, 0.3667, 0.3833, 0.4, 0.4167, 0.4333, 0.45, 0.4667, 0.4833, 0.5, 0.5167, 0.5333, 0.55, 0.5667, 0.5833, 0.6, 0.6167, 0.6333, 0.65, 0.6667, 0.6833, 0.7, 0.7167, 0.7333, 0.75, 0.7667, 0.7833, 0.8, 0.8167, 0.8333, 0.85, 0.8667, 0.8833, 0.9, 0.9167, 0.9333, 0.95, 0.9667, 0.9833, 1.0],
            "transform": [
                [0.99983, 0.0, 0.018432, 0.0, 0.0, 1.0, 0.0, 0.33014, -0.018432, 0.0, 0.99983, 0.0, 0.0, 0.0, 0.0, 1.0],
                [0.999832, 0.0, 0.018311, 0.0, 0.0, 1.0, 0.0, 0.33014, -0.018311, 0.0, 0.999832, 0.0, 0.0, 0.0, 0.0, 1.0],
                [0.999839, 0.0, 0.017962, 0.0, 0.0, 1.0, 0.0, 0.33014, -0.017962, 0.0, 0.999839, 0.0, 0.0, 0.0, 0.0, 1.0],
                [0.999849, 0.0, 0.0174, 0.0, 0.0, 1.0, 0.0, 0.33014, -0.0174, 0.0, 0.999849, 0.0, 0.0, 0.0, 0.0, 1.0],
                [0.999862, 0.0, 0.016641, 0.0, 0.0, 1.0, 0.0, 0.33014, -0.016641, 0.0, 0.999862, 0.0, 0.0, 0.0, 0.0, 1.0],
                [0.999877, 0.0, 0.015701, 0.0, 0.0, 1.0, 0.0, 0.33014, -0.015701, 0.0, 0.999877, 0.0, 0.0, 0.0, 0.0, 1.0],
                [0.999894, 0.0, 0.014598, 0.0, 0.0, 1.0, 0.0, 0.33014, -0.014598, 0.0, 0.999894, 0.0, 0.0, 0.0, 0.0, 1.0],
                [0.999911, 0.0, 0.013348, 0.0, 0.0, 1.0, 0.0, 0.33014, -0.013348, 0.0, 0.999911, 0.0, 0.0, 0.0, 0.0, 1.0],
                [0.999928, 0.0, 0.011966, 0.0, 0.0, 1.0, 0.0, 0.33014, -0.011966, 0.0, 0.999928, 0.0, 0.0, 0.0, 0.0, 1.0],
                [0.999945, 0.0, 0.01047, 0.0, 0.0, 1.0, 0.0, 0.33014, -0.01047, 0.0, 0.999945, 0.0, 0.0, 0.0, 0.0, 1.0],
                [0.999961, 0.0, 0.008875, 0.0, 0.0, 1.0, 0.0, 0.33014, -0.008875, 0.0, 0.999961, 0.0, 0.0, 0.0, 0.0, 1.0],
                [0.999974, 0.0, 0.007198, 0.0, 0.0, 1.0, 0.0, 0.33014, -0.007198, 0.0, 0.999974, 0.0, 0.0, 0.0, 0.0, 1.0],
                [0.999985, 0.0, 0.005456, 0.0, 0.0, 1.0, 0.0, 0.33014, -0.005456, 0.0, 0.999985, 0.0, 0.0, 0.0, 0.0, 1.0],
                [0.999993, 0.0, 0.003665, 0.0, 0.0, 1.0, 0.0, 0.33014, -0.003665, 0.0, 0.999993, 0.0, 0.0, 0.0, 0.0, 1.0],
                [0.999998, 0.0, 0.001841, 0.0, 0.0, 1.0, 0.0, 0.33014, -0.001841, 0.0, 0.999998, 0.0, 0.0, 0.0, 0.0, 1.0],
                [1.0, 0.0, -0.0, 0.0, 0.0, 1.0, 0.0, 0.33014, 0.0, 0.0, 1.0, 0.0, 0.0, 0.0, 0.0, 1.0],
                [0.999998, 0.0, -0.001841, 0.0, 0.0, 1.0, 0.0, 0.33014, 0.001841, 0.0, 0.999998, 0.0, 0.0, 0.0, 0.0, 1.0],
                [0.999993, 0.0, -0.003665, 0.0, 0.0, 1.0, 0.0, 0.33014, 0.003665, 0.0, 0.999993, 0.0, 0.0, 0.0, 0.0, 1.0],
                [0.999985, 0.0, -0.005456, 0.0, 0.0, 1.0, 0.0, 0.33014, 0.005456, 0.0, 0.999985, 0.0, 0.0, 0.0, 0.0, 1.0],
                [0.999974, 0.0, -0.007198, 0.0, 0.0, 1.0, 0.0, 0.33014, 0.007198, 0.0, 0.999974, 0.0, 0.0, 0.0, 0.0, 1.0],
                [0.999961, 0.0, -0.008875, 0.0, 0.0, 1.0, 0.0, 0.33014, 0.008875, 0.0, 0.999961, 0.0, 0.0, 0.0, 0.0, 1.0],
                [0.999945, 0.0, -0.01047, 0.0, 0.0, 1.0, 0.0, 0.33014, 0.01047, 0.0, 0.999945, 0.0, 0.0, 0.0, 0.0, 1.0],
                [0.999928, 0.0, -0.011966, 0.0, 0.0, 1.0, 0.0, 0.33014, 0.011966, 0.0, 0.999928, 0.0, 0.0, 0.0, 0.0, 1.0],
                [0.999911, 0.0, -0.013348, 0.0, 0.0, 1.0, 0.0, 0.33014, 0.013348, 0.0, 0.999911, 0.0, 0.0, 0.0, 0.0, 1.0],
                [0.999894, 0.0, -0.014598, 0.0, 0.0, 1.0, 0.0, 0.33014, 0.014598, 0.0, 0.999894, 0.0, 0.0, 0.0, 0.0, 1.0],
                [0.999877, 0.0, -0.015701, 0.0, 0.0, 1.0, 0.0, 0.33014, 0.015701, 0.0, 0.999877, 0.0, 0.0, 0.0, 0.0, 1.0],
                [0.999862, 0.0, -0.016641, 0.0, 0.0, 1.0, 0.0, 0.33014, 0.016641, 0.0, 0.999862, 0.0, 0.0, 0.0, 0.0, 1.0],
                [0.999849, 0.0, -0.0174, 0.0, 0.0, 1.0, 0.0, 0.33014, 0.0174, 0.0, 0.999849, 0.0, 0.0, 0.0, 0.0, 1.0],
                [0.999839, 0.0, -0.017962, 0.0, 0.0, 1.0, 0.0, 0.33014, 0.017962, 0.0, 0.999839, 0.0, 0.0, 0.0, 0.0, 1.0],
                [0.999832, 0.0, -0.018311, 0.0, 0.0, 1.0, 0.0, 0.33014, 0.018311, 0.0, 0.999832, 0.0, 0.0, 0.0, 0.0, 1.0],
                [0.99983, 0.0, -0.018432, 0.0, 0.0, 1.0, 0.0, 0.33014, 0.018432, 0.0, 0.99983, 0.0, 0.0, 0.0, 0.0, 1.0],
                [0.999832, 0.0, -0.018311, 0.0, 0.0, 1.0, 0.0, 0.33014, 0.018311, 0.0, 0.999832, 0.0, 0.0, 0.0, 0.0, 1.0],
                [0.999839, 0.0, -0.017962, 0.0, 0.0, 1.0, 0.0, 0.33014, 0.017962, 0.0, 0.999839, 0.0, 0.0, 0.0, 0.0, 1.0],
                [0.999849, 0.0, -0.0174, 0.0, 0.0, 1.0, 0.0, 0.33014, 0.0174, 0.0, 0.999849, 0.0, 0.0, 0.0, 0.0, 1.0],
                [0.999862, 0.0, -0.016641, 0.0, 0.0, 1.0, 0.0, 0.33014, 0.016641, 0.0, 0.999862, 0.0, 0.0, 0.0, 0.0, 1.0],
                [0.999877, 0.0, -0.015701, 0.0, 0.0, 1.0, 0.0, 0.33014, 0.015701, 0.0, 0.999877, 0.0, 0.0, 0.0, 0.0, 1.0],
                [0.999894, 0.0, -0.014598, 0.0, 0.0, 1.0, 0.0, 0.33014, 0.014598, 0.0, 0.999894, 0.0, 0.0, 0.0, 0.0, 1.0],
                [0.999911, 0.0, -0.013348, 0.0, 0.0, 1.0, 0.0, 0.33014, 0.013348, 0.0, 0.999911, 0.0, 0.0, 0.0, 0.0, 1.0],
                [0.999928, 0.0, -0.011966, 0.0, 0.0, 1.0, 0.0, 0.33014, 0.011966, 0.0, 0.999928, 0.0, 0.0, 0.0, 0.0, 1.0],
                [0.999945, 0.0, -0.01047, 0.0, 0.0, 1.0, 0.0, 0.33014, 0.01047, 0.0, 0.999945, 0.0, 0.0, 0.0, 0.0, 1.0],
                [0.999961, 0.0, -0.008875, 0.0, 0.0, 1.0, 0.0, 0.33014, 0.008875, 0.0, 0.999961, 0.0, 0.0, 0.0, 0.0, 1.0],
                [0.999974, 0.0, -0.007198, 0.0, 0.0, 1.0, 0.0, 0.33014, 0.007198, 0.0, 0.999974, 0.0, 0.0, 0.0, 0.0, 1.0],
                [0.999985, 0.0, -0.005456, 0.0, 0.0, 1.0, 0.0, 0.33014, 0.005456, 0.0, 0.999985, 0.0, 0.0, 0.0, 0.0, 1.0],
                [0.999993, 0.0, -0.003665, 0.0, 0.0, 1.0, 0.0, 0.33014, 0.003665, 0.0, 0.999993, 0.0, 0.0, 0.0, 0.0, 1.0],
                [0.999998, 0.0, -0.001841, 0.0, 0.0, 1.0, 0.0, 0.33014, 0.001841, 0.0, 0.999998, 0.0, 0.0, 0.0, 0.0, 1.0],
                [1.0, 0.0, 0.0, 0.0, 0.0, 1.0, 0.0, 0.33014, -0.0, 0.0, 1.0, 0.0, 0.0, 0.0, 0.0, 1.0],
                [0.999998, 0.0, 0.001841, 0.0, 0.0, 1.0, 0.0, 0.33014, -0.001841, 0.0, 0.999998, 0.0, 0.0, 0.0, 0.0, 1.0],
                [0.999993, 0.0, 0.003665, 0.0, 0.0, 1.0, 0.0, 0.33014, -0.003665, 0.0, 0.999993, 0.0, 0.0, 0.0, 0.0, 1.0],
                [0.999985, 0.0, 0.005456, 0.0, 0.0, 1.0, 0.0, 0.33014, -0.005456, 0.0, 0.999985, 0.0, 0.0, 0.0, 0.0, 1.0],
                [0.999974, 0.0, 0.007198, 0.0, 0.0, 1.0, 0.0, 0.33014, -0.007198, 0.0, 0.999974, 0.0, 0.0, 0.0, 0.0, 1.0],
                [0.999961, 0.0, 0.008875, 0.0, 0.0, 1.0, 0.0, 0.33014, -0.008875, 0.0, 0.999961, 0.0, 0.0, 0.0, 0.0, 1.0],
                [0.999945, 0.0, 0.01047, 0.0, 0.0, 1.0, 0.0, 0.33014, -0.01047, 0.0, 0.999945, 0.0, 0.0, 0.0, 0.0, 1.0],
                [0.999928, 0.0, 0.011966, 0.0, 0.0, 1.0, 0.0, 0.33014, -0.011966, 0.0, 0.999928, 0.0, 0.0, 0.0, 0.0, 1.0],
                [0.999911, 0.0, 0.013348, 0.0, 0.0, 1.0, 0.0, 0.33014, -0.013348, 0.0, 0.999911, 0.0, 0.0, 0.0, 0.0, 1.0],
                [0.999894, 0.0, 0.014598, 0.0, 0.0, 1.0, 0.0, 0.33014, -0.014598, 0.0, 0.999894, 0.0, 0.0, 0.0, 0.0, 1.0],
                [0.999877, 0.0, 0.015701, 0.0, 0.0, 1.0, 0.0, 0.33014, -0.015701, 0.0, 0.999877, 0.0, 0.0, 0.0, 0.0, 1.0],
                [0.999862, 0.0, 0.016641, 0.0, 0.0, 1.0, 0.0, 0.33014, -0.016641, 0.0, 0.999862, 0.0, 0.0, 0.0, 0.0, 1.0],
                [0.999849, 0.0, 0.0174, 0.0, 0.0, 1.0, 0.0, 0.33014, -0.0174, 0.0, 0.999849, 0.0, 0.0, 0.0, 0.0, 1.0],
                [0.999839, 0.0, 0.017962, 0.0, 0.0, 1.0, 0.0, 0.33014, -0.017962, 0.0, 0.999839, 0.0, 0.0, 0.0, 0.0, 1.0],
                [0.999832, 0.0, 0.018311, 0.0, 0.0, 1.0, 0.0, 0.33014, -0.018311, 0.0, 0.999832, 0.0, 0.0, 0.0, 0.0, 1.0],
                [0.99983, 0.0, 0.018432, 0.0, 0.0, 1.0, 0.0, 0.33014, -0.018432, 0.0, 0.99983, 0.0, 0.0, 0.0, 0.0, 1.0]
            ]
        },
        {
            "name": "head",
            "time": [0.0, 0.0167, 0.0333, 0.05, 0.0667, 0.0833, 0.1, 0.1167, 0.1333, 0.15, 0.1667, 0.1833, 0.2, 0.2167, 0.2333, 0.25, 0.2667, 0.2833, 0.3, 0.3167, 0.3333, 0.35, 0.3667, 0.3833, 0.4, 0.4167, 0.4333, 0.45, 0.4667, 0.4833, 0.5, 0.5167, 0.5333, 0.55, 0.5667, 0.5833, 0.6, 0.6167, 0.6333, 0.65, 0.6667, 0.6833, 0.7, 0.7167, 0.7333, 0.75, 0.7667, 0.7833, 0.8, 0.8167, 0.8333, 0.85, 0.8667, 0.8833, 0.9, 0.9167, 0.9333, 0.95, 0.9667, 0.9833, 1.0],
            "transform": [
                [0.998247, 0.0, 0.059188, 0.0, 0.0, 1.0, 0.0, 0.74893, -0.059188, 0.0, 0.998247, -0.156975, 0.0, 0.0, 0.0, 1.0],
                [0.99827, 0.0, 0.058803, 0.0, 0.0, 1.0, 0.0, 0.74893, -0.058803, 0.0, 0.99827, -0.156975, 0.0, 0.0, 0.0, 1.0],
                [0.998335, 0.0, 0.057682, 0.0, 0.0, 1.0, 0.0, 0.74893, -0.057682, 0.0, 0.998335, -0.156975, 0.0, 0.0, 0.0, 1.0],
                [0.998438, 0.0, 0.055879, 0.0, 0.0, 1.0, 0.0, 0.74893, -0.055879, 0.0, 0.998438, -0.156975, 0.0, 0.0, 0.0, 1.0],
                [0.998571, 0.0, 0.053445, 0.0, 0.0, 1.0, 0.0, 0.74893, -0.053445, 0.0, 0.998571, -0.156975, 0.0, 0.0, 0.0, 1.0],
                [0.998727, 0.0, 0.050432, 0.0, 0.0, 1.0, 0.0, 0.74893, -0.050432, 0.0, 0.998727, -0.156975, 0.0, 0.0, 0.0, 1.0],
                [0.9989, 0.0, 0.046892, 0.0, 0.0, 1.0, 0.0, 0.74893, -0.046892, 0.0, 0.9989, -0.156975, 0.0, 0.0, 0.0, 1.0],
                [0.99908, 0.0, 0.042879, -0.0, 0.0, 1.0, 0.0, 0.74893, -0.042879, 0.0, 0.99908, -0.156975, 0.0, 0.0, 0.0, 1.0],
                [0.999261, 0.0, 0.038444, 0.0, 0.0, 1.0, 0.0, 0.74893, -0.038444, 0.0, 0.999261, -0.156975, 0.0, 0.0, 0.0, 1.0],
                [0.999434, 0.0, 0.033639, -0.0, 0.0, 1.0, 0.0, 0.74893, -0.033639, 0.0, 0.999434, -0.156975, 0.0, 0.0, 0.0, 1.0],
                [0.999593, 0.0, 0.028517, 0.0, 0.0, 1.0, 0.0, 0.74893, -0.028517, 0.0, 0.999593, -0.156975, 0.0, 0.0, 0.0, 1.0],
                [0.999732, 0.0, 0.023131, 0.0, 0.0, 1.0, 0.0, 0.74893, -0.023131, 0.0, 0.999732, -0.156975, 0.0, 0.0, 0.0, 1.0],
                [0.999846, 0.0, 0.017534, 0.0, 0.0, 1.0, 0.0, 0.74893, -0.017534, 0.0, 0.999846, -0.156975, 0.0, 0.0, 0.0, 1.0],
                [0.999931, 0.0, 0.011777, 0.0, 0.0, 1.0, 0.0, 0.74893, -0.011777, 0.0, 0.999931, -0.156975, 0.0, 0.0, 0.0, 1.0],
                [0.999982, 0.0, 0.005915, -0.0, 0.0, 1.0, 0.0, 0.74893, -0.005915, 0.0, 0.999982, -0.156975, 0.0, 0.0, 0.0, 1.0],
                [1.0, 0.0, 0.0, 0.0, 0.0, 1.0, 0.0, 0.74893, 0.0, 0.0, 1.0, -0.156975, 0.0, 0.0, 0.0, 1.0],
                [0.999982, 0.0, -0.005915, 0.0, 0.0, 1.0, 0.0, 0.74893, 0.005915, 0.0, 0.999982, -0.156975, 0.0, 0.0, 0.0, 1.0],
                [0.999931, 0.0, -0.011777, -0.0, 0.0, 1.0, 0.0, 0.74893, 0.011777, 0.0, 0.999931, -0.156975, 0.0, 0.0, 0.0, 1.0],
                [0.999846, 0.0, -0.017534, 0.0, 0.0, 1.0, 0.0, 0.74893, 0.017534, 0.0, 0.999846, -0.156975, 0.0, 0.0, 0.0, 1.0],
                [0.999732, 0.0, -0.023131, -0.0, 0.0, 1.0, 0.0, 0.74893, 0.023131, 0.0, 0.999732, -0.156975, 0.0, 0.0, 0.0, 1.0],
                [0.999593, 0.0, -0.028517, 0.0, 0.0, 1.0, 0.0, 0.74893, 0.028517, 0.0, 0.999593, -0.156975, 0.0, 0.0, 0.0, 1.0],
                [0.999434, 0.0, -0.033639, 0.0, 0.0, 1.0, 0.0, 0.74893, 0.033639, 0.0, 0.999434, -0.156975, 0.0, 0.0, 0.0, 1.0],
                [0.999261, 0.0, -0.038444, 0.0, 0.0, 1.0, 0.0, 0.74893, 0.038444, 0.0, 0.999261, -0.156975, 0.0, 0.0, 0.0, 1.0],
                [0.99908, 0.0, -0.042879, 0.0, 0.0, 1.0, 0.0, 0.74893, 0.042879, 0.0, 0.99908, -0.156975, 0.0, 0.0, 0.0, 1.0],
                [0.9989, 0.0, -0.046892, 0.0, 0.0, 1.0, 0.0, 0.74893, 0.046892, 0.0, 0.9989, -0.156975, 0.0, 0.0, 0.0, 1.0],
                [0.998727, 0.0, -0.050432, 0.0, 0.0, 1.0, 0.0, 0.74893, 0.050432, 0.0, 0.998727, -0.156975, 0.0, 0.0, 0.0, 1.0],
                [0.998571, 0.0, -0.053445, 0.0, 0.0, 1.0, 0.0, 0.74893, 0.053445, 0.0, 0.998571, -0.156975, 0.0, 0.0, 0.0, 1.0],
                [0.998438, 0.0, -0.055879, 0.0, 0.0, 1.0, 0.0, 0.74893, 0.055879, 0.0, 0.998438, -0.156975, 0.0, 0.0, 0.0, 1.0],
                [0.998335, 0.0, -0.057682, -0.0, 0.0, 1.0, 0.0, 0.74893, 0.057682, 0.0, 0.998335, -0.156975, 0.0, 0.0, 0.0, 1.0],
                [0.99827, 0.0, -0.058803, -0.0, 0.0, 1.0, 0.0, 0.74893, 0.058803, 0.0, 0.99827, -0.156975, 0.0, 0.0, 0.0, 1.0],
                [0.998247, 0.0, -0.059188, 0.0, 0.0, 1.0, 0.0, 0.74893, 0.059188, 0.0, 0.998247, -0.156975, 0.0, 0.0, 0.0, 1.0],
                [0.99827, 0.0, -0.058803, -0.0, 0.0, 1.0, 0.0, 0.74893, 0.058803, 0.0, 0.99827, -0.156975, 0.0, 0.0, 0.0, 1.0],
                [0.998335, 0.0, -0.057682, 0.0, 0.0, 1.0, 0.0, 0.74893, 0.057682, 0.0, 0.998335, -0.156975, 0.0, 0.0, 0.0, 1.0],
                [0.998438, 0.0, -0.055879, 0.0, 0.0, 1.0, 0.0, 0.74893, 0.055879, 0.0, 0.998438, -0.156975, 0.0, 0.0, 0.0, 1.0],
                [0.998571, 0.0, -0.053445, 0.0, 0.0, 1.0, 0.0, 0.74893, 0.053445, 0.0, 0.998571, -0.156975, 0.0, 0.0, 0.0, 1.0],
                [0.998727, 0.0, -0.050432, 0.0, 0.0, 1.0, 0.0, 0.74893, 0.050432, 0.0, 0.998727, -0.156975, 0.0, 0.0, 0.0, 1.0],
                [0.9989, 0.0, -0.046892, 0.0, 0.0, 1.0, 0.0, 0.74893, 0.046892, 0.0, 0.9989, -0.156975, 0.0, 0.0, 0.0, 1.0],
                [0.99908, 0.0, -0.042879, 0.0, 0.0, 1.0, 0.0, 0.74893, 0.042879, 0.0, 0.99908, -0.156975, 0.0, 0.0, 0.0, 1.0],
                [0.999261, 0.0, -0.038444, 0.0, 0.0, 1.0, 0.0, 0.74893, 0.038444, 0.0, 0.999261, -0.156975, 0.0, 0.0, 0.0, 1.0],
                [0.999434, 0.0, -0.033639, 0.0, 0.0, 1.0, 0.0, 0.74893, 0.033639, 0.0, 0.999434, -0.156975, 0.0, 0.0, 0.0, 1.0],
                [0.999593, 0.0, -0.028517, -0.0, 0.0, 1.0, 0.0, 0.74893, 0.028517, 0.0, 0.999593, -0.156975, 0.0, 0.0, 0.0, 1.0],
                [0.999732, 0.0, -0.023131, 0.0, 0.0, 1.0, 0.0, 0.74893, 0.023131, 0.0, 0.999732, -0.156975, 0.0, 0.0, 0.0, 1.0],
                [0.999846, 0.0, -0.017534, 0.0, 0.0, 1.0, 0.0, 0.74893, 0.017534, 0.0, 0.999846, -0.156975, 0.0, 0.0, 0.0, 1.0],
                [0.999931, 0.0, -0.011777, -0.0, 0.0, 1.0, 0.0, 0.74893, 0.011777, 0.0, 0.999931, -0.156975, 0.0, 0.0, 0.0, 1.0],
                [0.999982, 0.0, -0.005915, 0.0, 0.0, 1.0, 0.0, 0.74893, 0.005915, 0.0, 0.999982, -0.156975, 0.0, 0.0, 0.0, 1.0],
                [1.0, 0.0, 0.0, 0.0, 0.0, 1.0, 0.0, 0.74893, 0.0, 0.0, 1.0, -0.156975, 0.0, 0.0, 0.0, 1.0],
                [0.999982, 0.0, 0.005915, 0.0, 0.0, 1.0, 0.0, 0.74893, -0.005915, 0.0, 0.999982, -0.156975, 0.0, 0.0, 0.0, 1.0],
                [0.999931, 0.0, 0.011777, 0.0, 0.0, 1.0, 0.0, 0.74893, -0.011777, 0.0, 0.999931, -0.156975, 0.0, 0.0, 0.0, 1.0],
                [0.999846, 0.0, 0.017534, -0.0, 0.0, 1.0, 0.0, 0.74893, -0.017534, 0.0, 0.999846, -0.156975, 0.0, 0.0, 0.0, 1.0],
                [0.999732, 0.0, 0.023131, 0.0, 0.0, 1.0, 0.0, 0.74893, -0.023131, 0.0, 0.999732, -0.156975, 0.0, 0.0, 0.0, 1.0],
                [0.999593, 0.0, 0.028517, -0.0, 0.0, 1.0, 0.0, 0.74893, -0.028517, 0.0, 0.999593, -0.156975, 0.0, 0.0, 0.0, 1.0],
                [0.999434, 0.0, 0.033639, -0.0, 0.0, 1.0, 0.0, 0.74893, -0.033639, 0.0, 0.999434, -0.156975, 0.0, 0.0, 0.0, 1.0],
                [0.999261, 0.0, 0.038444, 0.0, 0.0, 1.0, 0.0, 0.74893, -0.038444, 0.0, 0.999261, -0.156975, 0.0, 0.0, 0.0, 1.0],
                [0.99908, 0.0, 0.042879, -0.0, 0.0, 1.0, 0.0, 0.74893, -0.042879, 0.0, 0.99908, -0.156975, 0.0, 0.0, 0.0, 1.0],
                [0.9989, 0.0, 0.046892, 0.0, 0.0, 1.0, 0.0, 0.74893, -0.046892, 0.0, 0.9989, -0.156975, 0.0, 0.0, 0.0, 1.0],
                [0.998727, 0.0, 0.050432, 0.0, 0.0, 1.0, 0.0, 0.74893, -0.050432, 0.0, 0.998727, -0.156975, 0.0, 0.0, 0.0, 1.0],
                [0.998571, 0.0, 0.053445, 0.0, 0.0, 1.0, 0.0, 0.74893, -0.053445, 0.0, 0.998571, -0.156975, 0.0, 0.0, 0.0, 1.0],
                [0.998438, 0.0, 0.055879, 0.0, 0.0, 1.0, 0.0, 0.74893, -0.055879, 0.0, 0.998438, -0.156975, 0.0, 0.0, 0.0, 1.0],
                [0.998335, 0.0, 0.057682, 0.0, 0.0, 1.0, 0.0, 0.74893, -0.057682, 0.0, 0.998335, -0.156975, 0.0, 0.0, 0.0, 1.0],
                [0.99827, 0.0, 0.058803, 0.0, 0.0, 1.0, 0.0, 0.74893, -0.058803, 0.0, 0.99827, -0.156975, 0.0, 0.0, 0.0, 1.0],
                [0.998247, 0.0, 0.059188, -0.0, 0.0, 1.0, 0.0, 0.74893, -0.059188, 0.0, 0.998247, -0.156975, 0.0, 0.0, 0.0, 1.0]
            ]
        },
        {
            "name": "shoudler_L",
            "time": [0.0, 0.0167, 0.0333, 0.05, 0.0667, 0.0833, 0.1, 0.1167, 0.1333, 0.15, 0.1667, 0.1833, 0.2, 0.2167, 0.2333, 0.25, 0.2667, 0.2833, 0.3, 0.3167, 0.3333, 0.35, 0.3667, 0.3833, 0.4, 0.4167, 0.4333, 0.45, 0.4667, 0.4833, 0.5, 0.5167, 0.5333, 0.55, 0.5667, 0.5833, 0.6, 0.6167, 0.6333, 0.65, 0.6667, 0.6833, 0.7, 0.7167, 0.7333, 0.75, 0.7667, 0.7833, 0.8, 0.8167, 0.8333, 0.85, 0.8667, 0.8833, 0.9, 0.9167, 0.9333, 0.95, 0.9667, 0.9833, 1.0],
            "transform": [
                [-0.159596, -0.987182, 0.0, 0.0, 0.987182, -0.159596, -0.0, 0.74893, 0.0, 0.0, 1.0, 0.0, 0.0, 0.0, 0.0, 1.0],
                [-0.159596, -0.987182, 0.0, 0.0, 0.987182, -0.159596, -0.0, 0.74893, 0.0, -0.0, 1.0, 0.0, 0.0, 0.0, 0.0, 1.0],
                [-0.159596, -0.987182, 0.0, 0.0, 0.987182, -0.159596, -0.0, 0.74893, 0.0, 0.0, 1.0, 0.0, 0.0, 0.0, 0.0, 1.0],
                [-0.159596, -0.987182, 0.0, 0.0, 0.987182, -0.159596, -0.0, 0.74893, 0.0, 0.0, 1.0, 0.0, 0.0, 0.0, 0.0, 1.0],
                [-0.159596, -0.987182, 0.0, 0.0, 0.987182, -0.159596, -0.0, 0.74893, 0.0, 0.0, 1.0, 0.0, 0.0, 0.0, 0.0, 1.0],
                [-0.159596, -0.987182, 0.0, 0.0, 0.987182, -0.159596, -0.0, 0.74893, 0.0, 0.0, 1.0, 0.0, 0.0, 0.0, 0.0, 1.0],
                [-0.159596, -0.987182, 0.0, 0.0, 0.987182, -0.159596, -0.0, 0.74893, 0.0, 0.0, 1.0, 0.0, 0.0, 0.0, 0.0, 1.0],
                [-0.159596, -0.987182, 0.0, 0.0, 0.987182, -0.159596, -0.0, 0.74893, 0.0, 0.0, 1.0, 0.0, 0.0, 0.0, 0.0, 1.0],
                [-0.159596, -0.987183, 0.0, 0.0, 0.987182, -0.159596, -0.0, 0.74893, 0.0, 0.0, 1.0, 0.0, 0.0, 0.0, 0.0, 1.0],
                [-0.159596, -0.987182, 0.0, 0.0, 0.987182, -0.159596, -0.0, 0.74893, 0.0, 0.0, 1.0, 0.0, 0.0, 0.0, 0.0, 1.0],
                [-0.159596, -0.987182, 0.0, 0.0, 0.987182, -0.159596, -0.0, 0.74893, 0.0, 0.0, 1.0, 0.0, 0.0, 0.0, 0.0, 1.0],
                [-0.159596, -0.987182, 0.0, 0.0, 0.987182, -0.159596, -0.0, 0.74893, 0.0, 0.0, 1.0, 0.0, 0.0, 0.0, 0.0, 1.0],
                [-0.159596, -0.987182, 0.0, 0.0, 0.987182, -0.159596, -0.0, 0.74893, 0.0, 0.0, 1.0, 0.0, 0.0, 0.0, 0.0, 1.0],
                [-0.159596, -0.987182, 0.0, 0.0, 0.987182, -0.159596, -0.0, 0.74893, 0.0, 0.0, 1.0, 0.0, 0.0, 0.0, 0.0, 1.0],
                [-0.159596, -0.987182, 0.0, 0.0, 0.987182, -0.159596, -0.0, 0.74893, 0.0, 0.0, 1.0, 0.0, 0.0, 0.0, 0.0, 1.0],
                [-0.159596, -0.987182, 0.0, 0.0, 0.987182, -0.159596, -0.0, 0.74893, 0.0, 0.0, 1.0, 0.0, 0.0, 0.0, 0.0, 1.0],
                [-0.159596, -0.987182, 0.0, 0.0, 0.987182, -0.159596, -0.0, 0.74893, 0.0, 0.0, 1.0, 0.0, 0.0, 0.0, 0.0, 1.0],
                [-0.159596, -0.987182, 0.0, 0.0, 0.987182, -0.159596, -0.0, 0.74893, 0.0, 0.0, 1.0, 0.0, 0.0, 0.0, 0.0, 1.0],
                [-0.159596, -0.987182, 0.0, 0.0, 0.987182, -0.159596, -0.0, 0.74893, 0.0, 0.0, 1.0, 0.0, 0.0, 0.0, 0.0, 1.0],
                [-0.159596, -0.987182, 0.0, 0.0, 0.987182, -0.159596, -0.0, 0.74893, 0.0, 0.0, 1.0, 0.0, 0.0, 0.0, 0.0, 1.0],
                [-0.159596, -0.987182, 0.0, 0.0, 0.987182, -0.159596, -0.0, 0.74893, 0.0, -0.0, 1.0, 0.0, 0.0, 0.0, 0.0, 1.0],
                [-0.159596, -0.987182, 0.0, 0.0, 0.987182, -0.159596, -0.0, 0.74893, 0.0, -0.0, 1.0, 0.0, 0.0, 0.0, 0.0, 1.0],
                [-0.159596, -0.987183, 0.0, 0.0, 0.987182, -0.159596, -0.0, 0.74893, 0.0, 0.0, 1.0, 0.0, 0.0, 0.0, 0.0, 1.0],
                [-0.159596, -0.987182, 0.0, 0.0, 0.987182, -0.159596, -0.0, 0.74893, 0.0, 0.0, 1.0, 0.0, 0.0, 0.0, 0.0, 1.0],
                [-0.159596, -0.987182, 0.0, 0.0, 0.987182, -0.159596, -0.0, 0.74893, 0.0, -0.0, 1.0, 0.0, 0.0, 0.0, 0.0, 1.0],
                [-0.159596, -0.987182, 0.0, 0.0, 0.987182, -0.159596, -0.0, 0.74893, 0.0, 0.0, 1.0, 0.0, 0.0, 0.0, 0.0, 1.0],
                [-0.159596, -0.987182, 0.0, 0.0, 0.987182, -0.159596, -0.0, 0.74893, 0.0, -0.0, 1.0, 0.0, 0.0, 0.0, 0.0, 1.0],
                [-0.159596, -0.987182, 0.0, 0.0, 0.987182, -0.159596, -0.0, 0.74893, 0.0, 0.0, 1.0, 0.0, 0.0, 0.0, 0.0, 1.0],
                [-0.159596, -0.987182, 0.0, 0.0, 0.987182, -0.159596, -0.0, 0.74893, 0.0, -0.0, 1.0, 0.0, 0.0, 0.0, 0.0, 1.0],
                [-0.159596, -0.987182, 0.0, 0.0, 0.987182, -0.159596, -0.0, 0.74893, 0.0, 0.0, 1.0, 0.0, 0.0, 0.0, 0.0, 1.0],
                [-0.159596, -0.987182, 0.0, 0.0, 0.987182, -0.159596, -0.0, 0.74893, 0.0, 0.0, 1.0, 0.0, 0.0, 0.0, 0.0, 1.0],
                [-0.159596, -0.987182, 0.0, 0.0, 0.987182, -0.159596, -0.0, 0.74893, 0.0, 0.0, 1.0, 0.0, 0.0, 0.0, 0.0, 1.0],
                [-0.159596, -0.987182, 0.0, 0.0, 0.987182, -0.159596, -0.0, 0.74893, 0.0, -0.0, 1.0, 0.0, 0.0, 0.0, 0.0, 1.0],
                [-0.159596, -0.987182, 0.0, 0.0, 0.987182, -0.159596, -0.0, 0.74893, 0.0, 0.0, 1.0, 0.0, 0.0, 0.0, 0.0, 1.0],
                [-0.159596, -0.987182, 0.0, 0.0, 0.987182, -0.159596, -0.0, 0.74893, 0.0, -0.0, 1.0, 0.0, 0.0, 0.0, 0.0, 1.0],
                [-0.159596, -0.987182, 0.0, 0.0, 0.987182, -0.159596, -0.0, 0.74893, 0.0, 0.0, 1.0, 0.0, 0.0, 0.0, 0.0, 1.0],
                [-0.159596, -0.987182, 0.0, 0.0, 0.987182, -0.159596, -0.0, 0.74893, 0.0, -0.0, 1.0, 0.0, 0.0, 0.0, 0.0, 1.0],
                [-0.159596, -0.987182, 0.0, 0.0, 0.987182, -0.159596, -0.0, 0.74893, 0.0, -0.0, 1.0, 0.0, 0.0, 0.0, 0.0, 1.0],
                [-0.159596, -0.987183, 0.0, 0.0, 0.987182, -0.159596, -0.0, 0.74893, 0.0, 0.0, 1.0, 0.0, 0.0, 0.0, 0.0, 1.0],
                [-0.159596, -0.987182, 0.0, 0.0, 0.987182, -0.159596, -0.0, 0.74893, 0.0, -0.0, 1.0, 0.0, 0.0, 0.0, 0.0, 1.0],
                [-0.159596, -0.987182, 0.0, 0.0, 0.987182, -0.159596, -0.0, 0.74893, 0.0, -0.0, 1.0, 0.0, 0.0, 0.0, 0.0, 1.0],
                [-0.159596, -0.987182, 0.0, 0.0, 0.987182, -0.159596, -0.0, 0.74893, 0.0, 0.0, 1.0, 0.0, 0.0, 0.0, 0.0, 1.0],
                [-0.159596, -0.987182, 0.0, 0.0, 0.987182, -0.159596, -0.0, 0.74893, 0.0, 0.0, 1.0, 0.0, 0.0, 0.0, 0.0, 1.0],
                [-0.159596, -0.987182, 0.0, 0.0, 0.987182, -0.159596, -0.0, 0.74893, 0.0, 0.0, 1.0, 0.0, 0.0, 0.0, 0.0, 1.0],
                [-0.159596, -0.987182, 0.0, 0.0, 0.987182, -0.159596, -0.0, 0.74893, 0.0, 0.0, 1.0, 0.0, 0.0, 0.0, 0.0, 1.0],
                [-0.159596, -0.987182, 0.0, 0.0, 0.987182, -0.159596, -0.0, 0.74893, 0.0, -0.0, 1.0, 0.0, 0.0, 0.0, 0.0, 1.0],
                [-0.159596, -0.987182, 0.0, 0.0, 0.987182, -0.159596, -0.0, 0.74893, 0.0, -0.0, 1.0, 0.0, 0.0, 0.0, 0.0, 1.0],
                [-0.159596, -0.987182, 0.0, 0.0, 0.987182, -0.159596, -0.0, 0.74893, 0.0, 0.0, 1.0, 0.0, 0.0, 0.0, 0.0, 1.0],
                [-0.159596, -0.987182, 0.0, 0.0, 0.987182, -0.159596, -0.0, 0.74893, 0.0, 0.0, 1.0, 0.0, 0.0, 0.0, 0.0, 1.0],
                [-0.159596, -0.987182, 0.0, 0.0, 0.987182, -0.159596, -0.0, 0.74893, 0.0, -0.0, 1.0, 0.0, 0.0, 0.0, 0.0, 1.0],
                [-0.159596, -0.987182, 0.0, 0.0, 0.987182, -0.159596, -0.0, 0.74893, 0.0, 0.0, 1.0, 0.0, 0.0, 0.0, 0.0, 1.0],
                [-0.159596, -0.987182, 0.0, 0.0, 0.987182, -0.159596, -0.0, 0.74893, 0.0, 0.0, 1.0, 0.0, 0.0, 0.0, 0.0, 1.0],
                [-0.159596, -0.987183, 0.0, 0.0, 0.987182, -0.159596, -0.0, 0.74893, 0.0, 0.0, 1.0, 0.0, 0.0, 0.0, 0.0, 1.0],
                [-0.159596, -0.987182, 0.0, 0.0, 0.987182, -0.159596, -0.0, 0.74893, 0.0, 0.0, 1.0, 0.0, 0.0, 0.0, 0.0, 1.0],
                [-0.159596, -0.987182, 0.0, 0.0, 0.987182, -0.159596, -0.0, 0.74893, 0.0, 0.0, 1.0, 0.0, 0.0, 0.0, 0.0, 1.0],
                [-0.159596, -0.987182, 0.0, 0.0, 0.987182, -0.159596, -0.0, 0.74893, 0.0, 0.0, 1.0, 0.0, 0.0, 0.0, 0.0, 1.0],
                [-0.159596, -0.987182, 0.0, 0.0, 0.987182, -0.159596, -0.0, 0.74893, 0.0, 0.0, 1.0, 0.0, 0.0, 0.0, 0.0, 1.0],
                [-0.159596, -0.987182, 0.0, 0.0, 0.987182, -0.159596, -0.0, 0.74893, 0.0, 0.0, 1.0, 0.0, 0.0, 0.0, 0.0, 1.0],
                [-0.159596, -0.987182, 0.0, 0.0, 0.987182, -0.159596, -0.0, 0.74893, 0.0, 0.0, 1.0, 0.0, 0.0, 0.0, 0.0, 1.0],
                [-0.159596, -0.987182, 0.0, 0.0, 0.987182, -0.159596, -0.0, 0.74893, 0.0, 0.0, 1.0, 0.0, 0.0, 0.0, 0.0, 1.0],
                [-0.159596, -0.987182, 0.0, 0.0, 0.987182, -0.159596, -0.0, 0.74893, 0.0, 0.0, 1.0, 0.0, 0.0, 0.0, 0.0, 1.0]
            ]
        },
        {
            "name": "arm_1_L",
