{
    "animation": [
        {
            "name": "Root",
            "time": [0.0, 0.0167, 0.0333, 0.05, 0.0667, 0.0833, 0.1, 0.1167, 0.1333, 0.15, 0.1667, 0.1833, 0.2, 0.2167, 0.2333, 0.25, 0.2667, 0.2833, 0.3, 0.3167, 0.3333, 0.35, 0.3667, 0.3833, 0.4, 0.4167, 0.4333, 0.45, 0.4667, 0.4833, 0.5, 0.5167, 0.5333, 0.55, 0.5667, 0.5833, 0.6, 0.6167, 0.6333, 0.65, 0.6667, 0.6833, 0.7, 0.7167, 0.7333, 0.75, 0.7667, 0.7833, 0.8, 0.8167, 0.8333, 0.85, 0.8667, 0.8833, 0.9, 0.9167, 0.9333, 0.95, 0.9667, 0.9833, 1.0, 1.0167, 1.0333, 1.05, 1.0667, 1.0833, 1.1, 1.1167, 1.1333, 1.15, 1.1667, 1.1833, 1.2, 1.2167, 1.2333, 1.25, 1.2667, 1.2833, 1.3, 1.3167, 1.3333, 1.35, 1.3667, 1.3833, 1.4, 1.4167, 1.4333, 1.45, 1.4667, 1.4833, 1.5, 1.5167, 1.5333, 1.55, 1.5667, 1.5833, 1.6, 1.6167, 1.6333, 1.65, 1.6667, 1.6833, 1.7, 1.7167, 1.7333, 1.75, 1.7667, 1.7833, 1.8, 1.8167, 1.8333, 1.85, 1.8667, 1.8833, 1.9, 1.9167, 1.9333, 1.95, 1.9667, 1.9833, 2.0, 2.0167, 2.0333, 2.05, 2.0667, 2.0833, 2.1, 2.1167, 2.1333, 2.15, 2.1667, 2.1833, 2.2, 2.2167, 2.2333, 2.25, 2.2667, 2.2833, 2.3, 2.3167, 2.3333, 2.35, 2.3667, 2.3833, 2.4, 2.4167, 2.4333, 2.45, 2.4667, 2.4833, 2.5, 2.5167, 2.5333, 2.55, 2.5667, 2.5833, 2.6, 2.6167, 2.6333, 2.65, 2.6667, 2.6833, 2.7, 2.7167, 2.7333, 2.75, 2.7667, 2.7833, 2.8, 2.8167, 2.8333, 2.85, 2.8667, 2.8833, 2.9, 2.9167, 2.9333, 2.95, 2.9667, 2.9833, 3.0, 3.0167, 3.0333, 3.05, 3.0667, 3.0833, 3.1, 3.1167, 3.1333, 3.15, 3.1667, 3.1833, 3.2, 3.2167, 3.2333, 3.25, 3.2667, 3.2833, 3.3, 3.3167, 3.3333, 3.35, 3.3667, 3.3833, 3.4, 3.4167, 3.4333, 3.45, 3.4667, 3.4833, 3.5, 3.5167, 3.5333, 3.55, 3.5667, 3.5833, 3.6, 3.6167, 3.6333, 3.65, 3.6667, 3.6833, 3.7, 3.7167, 3.7333, 3.75, 3.7667, 3.7833, 3.8, 3.8167, 3.8333, 3.85, 3.8667, 3.8833, 3.9, 3.9167, 3.9333, 3.95, 3.9667, 3.9833, 4.0],
            "transform": [
                [1.0, 0.0, 0.0, 0.0, 0.0, 0.0, -1.0, 0.0, 0.0, 1.0, 0.0, 0.906138, 0.0, 0.0, 0.0, 1.0],
                [1.0, 0.0, 0.0, 0.0, 0.0, 0.003141, -0.999995, -0.001858, 0.0, 0.999995, 0.003141, 0.904448, 0.0, 0.0, 0.0, 1.0],
                [1.0, 0.0, 0.0, 0.0, 0.0, 0.012165, -0.999926, -0.007217, 0.0, 0.999926, 0.012165, 0.899577, 0.0, 0.0, 0.0, 1.0],
                [1.0, 0.0, 0.0, 0.0, 0.0, 0.026477, -0.999649, -0.01575, 0.0, 0.999649, 0.026477, 0.891817, 0.0, 0.0, 0.0, 1.0],
                [1.0, 0.0, 0.0, 0.0, 0.0, 0.045484, -0.998965, -0.027134, 0.0, 0.998965, 0.045484, 0.881464, 0.0, 0.0, 0.0, 1.0],
                [1.0, 0.0, 0.0, 0.0, 0.0, 0.068582, -0.997645, -0.041043, 0.0, 0.997645, 0.068582, 0.868811, 0.0, 0.0, 0.0, 1.0],
                [1.0, 0.0, 0.0, 0.0, 0.0, 0.095152, -0.995463, -0.057152, 0.0, 0.995463, 0.095152, 0.854152, 0.0, 0.0, 0.0, 1.0],
                [1.0, 0.0, 0.0, 0.0, 0.0, 0.124554, -0.992213, -0.075137, 0.0, 0.992213, 0.124554, 0.837782, 0.0, 0.0, 0.0, 1.0],
                [1.0, 0.0, 0.0, 0.0, 0.0, 0.156128, -0.987737, -0.094673, 0.0, 0.987737, 0.156128, 0.819996, 0.0, 0.0, 0.0, 1.0],
                [1.0, 0.0, 0.0, 0.0, 0.0, 0.189202, -0.981938, -0.115434, 0.0, 0.981938, 0.189202, 0.801086, 0.0, 0.0, 0.0, 1.0],
                [1.0, 0.0, 0.0, 0.0, 0.0, 0.223091, -0.974798, -0.137096, 0.0, 0.974798, 0.223091, 0.781348, 0.0, 0.0, 0.0, 1.0],
                [1.0, 0.0, 0.0, 0.0, 0.0, 0.257117, -0.96638, -0.159334, 0.0, 0.96638, 0.257117, 0.761075, 0.0, 0.0, 0.0, 1.0],
                [1.0, 0.0, 0.0, 0.0, 0.0, 0.290612, -0.956841, -0.181823, 0.0, 0.956841, 0.290612, 0.740562, 0.0, 0.0, 0.0, 1.0],
                [1.0, 0.0, 0.0, 0.0, 0.0, 0.322937, -0.946421, -0.204239, 0.0, 0.946421, 0.322937, 0.720103, 0.0, 0.0, 0.0, 1.0],
                [1.0, 0.0, 0.0, 0.0, 0.0, 0.353485, -0.93544, -0.226255, 0.0, 0.93544, 0.353485, 0.699992, 0.0, 0.0, 0.0, 1.0],
                [1.0, 0.0, 0.0, 0.0, 0.0, 0.381693, -0.924289, -0.247548, 0.0, 0.924289, 0.381693, 0.680524, 0.0, 0.0, 0.0, 1.0],
                [1.0, 0.0, 0.0, 0.0, 0.0, 0.407038, -0.913411, -0.267792, 0.0, 0.913411, 0.407038, 0.661992, 0.0, 0.0, 0.0, 1.0],
                [1.0, 0.0, 0.0, 0.0, 0.0, 0.429041, -0.903285, -0.286663, 0.0, 0.903285, 0.429041, 0.644692, 0.0, 0.0, 0.0, 1.0],
                [1.0, 0.0, 0.0, 0.0, 0.0, 0.447252, -0.894408, -0.303836, 0.0, 0.894408, 0.447252, 0.628916, 0.0, 0.0, 0.0, 1.0],
                [1.0, 0.0, 0.0, 0.0, 0.0, 0.46124, -0.887275, -0.318985, 0.0, 0.887275, 0.46124, 0.614959, 0.0, 0.0, 0.0, 1.0],
                [1.0, 0.0, 0.0, 0.0, 0.0, 0.470577, -0.882359, -0.331786, 0.0, 0.882359, 0.470577, 0.603116, 0.0, 0.0, 0.0, 1.0],
                [1.0, 0.0, 0.0, 0.0, 0.0, 0.476979, -0.878915, -0.342044, 0.0, 0.878915, 0.476979, 0.593568, 0.0, 0.0, 0.0, 1.0],
                [1.0, 0.0, 0.0, 0.0, 0.0, 0.482503, -0.875894, -0.350086, 0.0, 0.875894, 0.482503, 0.58604, 0.0, 0.0, 0.0, 1.0],
                [1.0, 0.0, 0.0, 0.0, 0.0, 0.487222, -0.873278, -0.356369, 0.0, 0.873278, 0.487222, 0.580147, 0.0, 0.0, 0.0, 1.0],
                [1.0, 0.0, 0.0, 0.0, 0.0, 0.491202, -0.871045, -0.361348, 0.0, 0.871045, 0.491202, 0.575502, 0.0, 0.0, 0.0, 1.0],
                [1.0, 0.0, 0.0, 0.0, 0.0, 0.494512, -0.869171, -0.365481, 0.0, 0.869171, 0.494512, 0.571718, 0.0, 0.0, 0.0, 1.0],
                [1.0, 0.0, 0.0, 0.0, 0.0, 0.497215, -0.867628, -0.369225, 0.0, 0.867628, 0.497215, 0.568409, 0.0, 0.0, 0.0, 1.0],
                [1.0, 0.0, 0.0, 0.0, 0.0, 0.499374, -0.866386, -0.373037, 0.0, 0.866386, 0.499374, 0.565189, 0.0, 0.0, 0.0, 1.0],
                [1.0, 0.0, 0.0, 0.0, 0.0, 0.501054, -0.865416, -0.377372, 0.0, 0.865416, 0.501054, 0.561671, 0.0, 0.0, 0.0, 1.0],
                [1.0, 0.0, 0.0, 0.0, 0.0, 0.502315, -0.864685, -0.382688, 0.0, 0.864685, 0.502315, 0.557467, 0.0, 0.0, 0.0, 1.0],
                [1.0, 0.0, 0.0, 0.0, 0.0, 0.503217, -0.86416, -0.389442, 0.0, 0.86416, 0.503217, 0.552193, 0.0, 0.0, 0.0, 1.0],
                [1.0, 0.0, 0.0, 0.0, 0.0, 0.503822, -0.863807, -0.39809, 0.0, 0.863807, 0.503822, 0.545461, 0.0, 0.0, 0.0, 1.0],
                [1.0, 0.0, 0.0, 0.0, 0.0, 0.504189, -0.863594, -0.409089, 0.0, 0.863594, 0.504189, 0.536884, 0.0, 0.0, 0.0, 1.0],
                [1.0, 0.0, 0.0, 0.0, 0.0, 0.504377, -0.863484, -0.422896, 0.0, 0.863484, 0.504377, 0.526076, 0.0, 0.0, 0.0, 1.0],
                [1.0, 0.0, 0.0, 0.0, 0.0, 0.504446, -0.863443, -0.439967, 0.0, 0.863443, 0.504446, 0.512651, 0.0, 0.0, 0.0, 1.0],
                [1.0, 0.0, 0.0, 0.0, 0.0, 0.504456, -0.863437, -0.460759, 0.0, 0.863437, 0.504456, 0.496222, 0.0, 0.0, 0.0, 1.0],
                [1.0, 0.0, 0.0, 0.0, 0.0, 0.504456, -0.863437, -0.485071, 0.0, 0.863437, 0.504456, 0.476933, 0.0, 0.0, 0.0, 1.0],
                [1.0, 0.0, 0.0, 0.0, 0.0, 0.504456, -0.863437, -0.510064, 0.0, 0.863437, 0.504456, 0.457055, 0.0, 0.0, 0.0, 1.0],
                [1.0, 0.0, 0.0, 0.0, 0.0, 0.504456, -0.863437, -0.532245, 0.0, 0.863437, 0.504456, 0.439389, 0.0, 0.0, 0.0, 1.0],
                [1.0, 0.0, 0.0, 0.0, 0.0, 0.504456, -0.863437, -0.548117, 0.0, 0.863437, 0.504456, 0.426735, 0.0, 0.0, 0.0, 1.0],
                [1.0, 0.0, 0.0, 0.0, 0.0, 0.504456, -0.863437, -0.554184, 0.0, 0.863437, 0.504456, 0.421895, 0.0, 0.0, 0.0, 1.0],
                [1.0, 0.0, 0.0, 0.0, 0.0, 0.504456, -0.863437, -0.536496, 0.0, 0.863437, 0.504456, 0.446667, 0.0, 0.0, 0.0, 1.0],
                [1.0, 0.0, 0.0, 0.0, 0.0, 0.504456, -0.863437, -0.412681, 0.0, 0.863437, 0.504456, 0.505739, 0.0, 0.0, 0.0, 1.0],
                [1.0, 0.0, 0.0, 0.0, 0.0, 0.504456, -0.863437, -0.076612, 0.0, 0.863437, 0.504456, 0.576244, 0.0, 0.0, 0.0, 1.0],
                [1.0, 0.0, 0.0, 0.0, 0.0, 0.504456, -0.863437, 0.577838, 0.0, 0.863437, 0.504456, 0.635316, 0.0, 0.0, 0.0, 1.0],
                [1.0, 0.0, 0.0, 0.0, 0.0, 0.504456, -0.863437, 1.656796, 0.0, 0.863437, 0.504456, 0.660088, 0.0, 0.0, 0.0, 1.0],
                [1.0, 0.0, 0.0, 0.0, 0.0, 0.521118, -0.853485, 3.280012, 0.0, 0.853485, 0.521118, 0.648617, 0.0, 0.0, 0.0, 1.0],
                [1.0, 0.0, 0.0, 0.0, 0.0, 0.564555, -0.825395, 5.356678, 0.0, 0.825395, 0.564555, 0.621263, 0.0, 0.0, 0.0, 1.0],
                [1.0, 0.0, 0.0, 0.0, 0.0, 0.624291, -0.781192, 7.677083, 0.0, 0.781192, 0.624291, 0.588614, 0.0, 0.0, 0.0, 1.0],
                [1.0, 0.0, 0.0, 0.0, 0.0, 0.689925, -0.723881, 10.031511, 0.0, 0.723881, 0.689925, 0.56126, 0.0, 0.0, 0.0, 1.0],
                [1.0, 0.0, 0.0, 0.0, 0.0, 0.752388, -0.65872, 12.210249, 0.0, 0.65872, 0.752388, 0.549789, 0.0, 0.0, 0.0, 1.0],
                [1.0, 0.0, 0.0, 0.0, 0.0, 0.805485, -0.592616, 14.037286, 0.0, 0.592616, 0.805485, 0.549789, 0.0, 0.0, 0.0, 1.0],
                [1.0, 0.0, 0.0, 0.0, 0.0, 0.847149, -0.531355, 15.471401, 0.0, 0.531355, 0.847149, 0.549789, 0.0, 0.0, 0.0, 1.0],
                [1.0, 0.0, 0.0, 0.0, 0.0, 0.876919, -0.480639, 16.505079, 0.0, 0.480639, 0.876919, 0.549789, 0.0, 0.0, 0.0, 1.0],
                [1.0, 0.0, 0.0, 0.0, 0.0, 0.894911, -0.446245, 17.1308, 0.0, 0.446245, 0.894911, 0.549789, 0.0, 0.0, 0.0, 1.0],
                [1.0, 0.0, 0.0, 0.0, 0.0, 0.901077, -0.433659, 17.341043, 0.0, 0.433659, 0.901077, 0.549789, 0.0, 0.0, 0.0, 1.0],
                [1.0, 0.0, 0.0, 0.0, 0.0, 0.901077, -0.433659, 17.341043, 0.0, 0.433659, 0.901077, 0.549789, 0.0, 0.0, 0.0, 1.0],
                [1.0, 0.0, 0.0, 0.0, 0.0, 0.901077, -0.433659, 17.341043, 0.0, 0.433659, 0.901077, 0.549789, 0.0, 0.0, 0.0, 1.0],
                [1.0, 0.0, 0.0, 0.0, 0.0, 0.901077, -0.433659, 17.341043, 0.0, 0.433659, 0.901077, 0.549789, 0.0, 0.0, 0.0, 1.0],
                [1.0, 0.0, 0.0, 0.0, 0.0, 0.901077, -0.433659, 17.341043, 0.0, 0.433659, 0.901077, 0.549789, 0.0, 0.0, 0.0, 1.0],
                [1.0, 0.0, 0.0, 0.0, 0.0, 0.901077, -0.433659, 17.341043, 0.0, 0.433659, 0.901077, 0.549789, 0.0, 0.0, 0.0, 1.0],
                [1.0, 0.0, 0.0, 0.0, 0.0, 0.901077, -0.433659, 17.341043, 0.0, 0.433659, 0.901077, 0.549789, 0.0, 0.0, 0.0, 1.0],
                [1.0, 0.0, 0.0, 0.0, 0.0, 0.901077, -0.433659, 17.341043, 0.0, 0.433659, 0.901077, 0.549789, 0.0, 0.0, 0.0, 1.0],
                [1.0, 0.0, 0.0, 0.0, 0.0, 0.901077, -0.433659, 17.341043, 0.0, 0.433659, 0.901077, 0.549789, 0.0, 0.0, 0.0, 1.0],
                [1.0, 0.0, 0.0, 0.0, 0.0, 0.901077, -0.433659, 17.341043, 0.0, 0.433659, 0.901077, 0.549789, 0.0, 0.0, 0.0, 1.0],
                [1.0, 0.0, 0.0, 0.0, 0.0, 0.901077, -0.433659, 17.341043, 0.0, 0.433659, 0.901077, 0.549789, 0.0, 0.0, 0.0, 1.0],
                [1.0, 0.0, 0.0, 0.0, 0.0, 0.901077, -0.433659, 17.341043, 0.0, 0.433659, 0.901077, 0.549789, 0.0, 0.0, 0.0, 1.0],
                [1.0, 0.0, 0.0, 0.0, 0.0, 0.901077, -0.433659, 17.341043, 0.0, 0.433659, 0.901077, 0.549789, 0.0, 0.0, 0.0, 1.0],
                [1.0, 0.0, 0.0, 0.0, 0.0, 0.901077, -0.433659, 17.341043, 0.0, 0.433659, 0.901077, 0.549789, 0.0, 0.0, 0.0, 1.0],
                [1.0, 0.0, 0.0, 0.0, 0.0, 0.901077, -0.433659, 17.341043, 0.0, 0.433659, 0.901077, 0.549789, 0.0, 0.0, 0.0, 1.0],
                [1.0, 0.0, 0.0, 0.0, 0.0, 0.901077, -0.433659, 17.341043, 0.0, 0.433659, 0.901077, 0.549789, 0.0, 0.0, 0.0, 1.0],
                [1.0, 0.0, 0.0, 0.0, 0.0, 0.901077, -0.433659, 17.341043, 0.0, 0.433659, 0.901077, 0.549789, 0.0, 0.0, 0.0, 1.0],
                [1.0, 0.0, 0.0, 0.0, 0.0, 0.901077, -0.433659, 17.341043, 0.0, 0.433659, 0.901077, 0.549789, 0.0, 0.0, 0.0, 1.0],
                [1.0, 0.0, 0.0, 0.0, 0.0, 0.901077, -0.433659, 17.341043, 0.0, 0.433659, 0.901077, 0.549789, 0.0, 0.0, 0.0, 1.0],
                [1.0, 0.0, 0.0, 0.0, 0.0, 0.901077, -0.433659, 17.341043, 0.0, 0.433659, 0.901077, 0.549789, 0.0, 0.0, 0.0, 1.0],
                [1.0, 0.0, 0.0, 0.0, 0.0, 0.901077, -0.433659, 17.341043, 0.0, 0.433659, 0.901077, 0.549789, 0.0, 0.0, 0.0, 1.0],
                [1.0, 0.0, 0.0, 0.0, 0.0, 0.901077, -0.433659, 17.341043, 0.0, 0.433659, 0.901077, 0.549789, 0.0, 0.0, 0.0, 1.0],
                [1.0, 0.0, 0.0, 0.0, 0.0, 0.901077, -0.433659, 17.341043, 0.0, 0.433659, 0.901077, 0.549789, 0.0, 0.0, 0.0, 1.0],
                [1.0, 0.0, 0.0, 0.0, 0.0, 0.901077, -0.43366, 17.341043, 0.0, 0.43366, 0.901077, 0.549789, 0.0, 0.0, 0.0, 1.0],
                [1.0, 0.0, 0.0, 0.0, 0.0, 0.901077, -0.43366, 17.341043, 0.0, 0.43366, 0.901077, 0.549789, 0.0, 0.0, 0.0, 1.0],
                [1.0, 0.0, 0.0, 0.0, 0.0, 0.901077, -0.43366, 17.341043, 0.0, 0.43366, 0.901077, 0.549789, 0.0, 0.0, 0.0, 1.0],
                [1.0, 0.0, 0.0, 0.0, 0.0, 0.901077, -0.433659, 17.341043, 0.0, 0.433659, 0.901077, 0.549789, 0.0, 0.0, 0.0, 1.0],
                [1.0, 0.0, 0.0, 0.0, 0.0, 0.901077, -0.43366, 17.341043, 0.0, 0.43366, 0.901077, 0.549789, 0.0, 0.0, 0.0, 1.0],
                [1.0, 0.0, 0.0, 0.0, 0.0, 0.901077, -0.43366, 17.341043, 0.0, 0.43366, 0.901077, 0.549789, 0.0, 0.0, 0.0, 1.0],
                [1.0, 0.0, 0.0, 0.0, 0.0, 0.901077, -0.43366, 17.341043, 0.0, 0.43366, 0.901077, 0.549789, 0.0, 0.0, 0.0, 1.0],
                [1.0, 0.0, 0.0, 0.0, 0.0, 0.901077, -0.43366, 17.341043, 0.0, 0.43366, 0.901077, 0.549789, 0.0, 0.0, 0.0, 1.0],
                [1.0, 0.0, 0.0, 0.0, 0.0, 0.901077, -0.43366, 17.341043, 0.0, 0.43366, 0.901077, 0.549789, 0.0, 0.0, 0.0, 1.0],
                [1.0, 0.0, 0.0, 0.0, 0.0, 0.901077, -0.43366, 17.341043, 0.0, 0.43366, 0.901077, 0.549789, 0.0, 0.0, 0.0, 1.0],
                [1.0, 0.0, 0.0, 0.0, 0.0, 0.901076, -0.43366, 17.341043, 0.0, 0.43366, 0.901076, 0.549789, 0.0, 0.0, 0.0, 1.0],
                [1.0, 0.0, 0.0, 0.0, 0.0, 0.901076, -0.433661, 17.341043, 0.0, 0.433661, 0.901076, 0.549789, 0.0, 0.0, 0.0, 1.0],
                [1.0, 0.0, 0.0, 0.0, 0.0, 0.901076, -0.433661, 17.341043, 0.0, 0.433661, 0.901076, 0.549789, 0.0, 0.0, 0.0, 1.0],
                [1.0, 0.0, 0.0, 0.0, 0.0, 0.901076, -0.433661, 17.341043, 0.0, 0.433661, 0.901076, 0.54979, 0.0, 0.0, 0.0, 1.0],
                [1.0, 0.0, 0.0, 0.0, 0.0, 0.901076, -0.433662, 17.341043, 0.0, 0.433662, 0.901076, 0.54979, 0.0, 0.0, 0.0, 1.0],
                [1.0, 0.0, 0.0, 0.0, 0.0, 0.901076, -0.433663, 17.341043, 0.0, 0.433663, 0.901076, 0.54979, 0.0, 0.0, 0.0, 1.0],
                [1.0, 0.0, 0.0, 0.0, 0.0, 0.901075, -0.433664, 17.341043, 0.0, 0.433664, 0.901075, 0.549791, 0.0, 0.0, 0.0, 1.0],
                [1.0, 0.0, 0.0, 0.0, 0.0, 0.901074, -0.433665, 17.341042, 0.0, 0.433665, 0.901074, 0.549791, 0.0, 0.0, 0.0, 1.0],
                [1.0, 0.0, 0.0, 0.0, 0.0, 0.901074, -0.433666, 17.341042, 0.0, 0.433666, 0.901074, 0.549791, 0.0, 0.0, 0.0, 1.0],
                [1.0, 0.0, 0.0, 0.0, 0.0, 0.901073, -0.433667, 17.341042, 0.0, 0.433667, 0.901073, 0.549792, 0.0, 0.0, 0.0, 1.0],
                [1.0, 0.0, 0.0, 0.0, 0.0, 0.901072, -0.433669, 17.341042, 0.0, 0.433669, 0.901072, 0.549793, 0.0, 0.0, 0.0, 1.0],
                [1.0, 0.0, 0.0, 0.0, 0.0, 0.901071, -0.433671, 17.341042, 0.0, 0.433671, 0.901071, 0.549793, 0.0, 0.0, 0.0, 1.0],
                [1.0, 0.0, 0.0, 0.0, 0.0, 0.90107, -0.433673, 17.341042, 0.0, 0.433673, 0.90107, 0.549794, 0.0, 0.0, 0.0, 1.0],
                [1.0, 0.0, 0.0, 0.0, 0.0, 0.901069, -0.433676, 17.34104, 0.0, 0.433676, 0.901069, 0.549795, 0.0, 0.0, 0.0, 1.0],
                [1.0, 0.0, 0.0, 0.0, 0.0, 0.901068, -0.433679, 17.34104, 0.0, 0.433679, 0.901068, 0.549796, 0.0, 0.0, 0.0, 1.0],
                [1.0, 0.0, 0.0, 0.0, 0.0, 0.901066, -0.433682, 17.34104, 0.0, 0.433682, 0.901066, 0.549797, 0.0, 0.0, 0.0, 1.0],
                [1.0, 0.0, 0.0, 0.0, 0.0, 0.901064, -0.433686, 17.341038, 0.0, 0.433686, 0.901064, 0.549799, 0.0, 0.0, 0.0, 1.0],
                [1.0, 0.0, 0.0, 0.0, 0.0, 0.901062, -0.433689, 17.341038, 0.0, 0.433689, 0.901062, 0.5498, 0.0, 0.0, 0.0, 1.0],
                [1.0, 0.0, 0.0, 0.0, 0.0, 0.901061, -0.433693, 17.341036, 0.0, 0.433693, 0.901061, 0.549802, 0.0, 0.0, 0.0, 1.0],
                [1.0, 0.0, 0.0, 0.0, 0.0, 0.901058, -0.433698, 17.341036, 0.0, 0.433698, 0.901058, 0.549803, 0.0, 0.0, 0.0, 1.0],
                [1.0, 0.0, 0.0, 0.0, 0.0, 0.901056, -0.433703, 17.341034, 0.0, 0.433703, 0.901056, 0.549805, 0.0, 0.0, 0.0, 1.0],
                [1.0, 0.0, 0.0, 0.0, 0.0, 0.901053, -0.433708, 17.341034, 0.0, 0.433708, 0.901053, 0.549807, 0.0, 0.0, 0.0, 1.0],
                [1.0, 0.0, 0.0, 0.0, 0.0, 0.901051, -0.433714, 17.341032, 0.0, 0.433714, 0.901051, 0.549809, 0.0, 0.0, 0.0, 1.0],
                [1.0, 0.0, 0.0, 0.0, 0.0, 0.901048, -0.43372, 17.341032, 0.0, 0.43372, 0.901048, 0.549812, 0.0, 0.0, 0.0, 1.0],
                [1.0, 0.0, 0.0, 0.0, 0.0, 0.901044, -0.433727, 17.34103, 0.0, 0.433727, 0.901044, 0.549814, 0.0, 0.0, 0.0, 1.0],
                [1.0, 0.0, 0.0, 0.0, 0.0, 0.901041, -0.433734, 17.341028, 0.0, 0.433734, 0.901041, 0.549817, 0.0, 0.0, 0.0, 1.0],
                [1.0, 0.0, 0.0, 0.0, 0.0, 0.901037, -0.433742, 17.341026, 0.0, 0.433742, 0.901037, 0.54982, 0.0, 0.0, 0.0, 1.0],
                [1.0, 0.0, 0.0, 0.0, 0.0, 0.901033, -0.43375, 17.341024, 0.0, 0.43375, 0.901033, 0.549823, 0.0, 0.0, 0.0, 1.0],
                [1.0, 0.0, 0.0, 0.0, 0.0, 0.901029, -0.433759, 17.341024, 0.0, 0.433759, 0.901029, 0.549826, 0.0, 0.0, 0.0, 1.0],
                [1.0, 0.0, 0.0, 0.0, 0.0, 0.901024, -0.433768, 17.341022, 0.0, 0.433768, 0.901024, 0.549829, 0.0, 0.0, 0.0, 1.0],
                [1.0, 0.0, 0.0, 0.0, 0.0, 0.90102, -0.433778, 17.341021, 0.0, 0.433778, 0.90102, 0.549833, 0.0, 0.0, 0.0, 1.0],
                [1.0, 0.0, 0.0, 0.0, 0.0, 0.901015, -0.433788, 17.341017, 0.0, 0.433788, 0.901015, 0.549837, 0.0, 0.0, 0.0, 1.0],
                [1.0, 0.0, 0.0, 0.0, 0.0, 0.901009, -0.4338, 17.341015, 0.0, 0.4338, 0.901009, 0.549841, 0.0, 0.0, 0.0, 1.0],
                [1.0, 0.0, 0.0, 0.0, 0.0, 0.901004, -0.433811, 17.341013, 0.0, 0.433811, 0.901004, 0.549845, 0.0, 0.0, 0.0, 1.0],
                [1.0, 0.0, 0.0, 0.0, 0.0, 0.900998, -0.433823, 17.341011, 0.0, 0.433823, 0.900998, 0.54985, 0.0, 0.0, 0.0, 1.0],
                [1.0, 0.0, 0.0, 0.0, 0.0, 0.900992, -0.433836, 17.341007, 0.0, 0.433836, 0.900992, 0.549855, 0.0, 0.0, 0.0, 1.0],
                [1.0, 0.0, 0.0, 0.0, 0.0, 0.900985, -0.43385, 17.341005, 0.0, 0.43385, 0.900985, 0.54986, 0.0, 0.0, 0.0, 1.0],
                [1.0, 0.0, 0.0, 0.0, 0.0, 0.900979, -0.433864, 17.341002, 0.0, 0.433864, 0.900979, 0.549865, 0.0, 0.0, 0.0, 1.0],
                [1.0, 0.0, 0.0, 0.0, 0.0, 0.900971, -0.433879, 17.341, 0.0, 0.433879, 0.900971, 0.54987, 0.0, 0.0, 0.0, 1.0],
                [1.0, 0.0, 0.0, 0.0, 0.0, 0.900964, -0.433894, 17.340996, 0.0, 0.433894, 0.900964, 0.549876, 0.0, 0.0, 0.0, 1.0],
                [1.0, 0.0, 0.0, 0.0, 0.0, 0.900956, -0.433911, 17.340992, 0.0, 0.433911, 0.900956, 0.549882, 0.0, 0.0, 0.0, 1.0],
                [1.0, 0.0, 0.0, 0.0, 0.0, 0.900948, -0.433928, 17.34099, 0.0, 0.433928, 0.900948, 0.549889, 0.0, 0.0, 0.0, 1.0],
                [1.0, 0.0, 0.0, 0.0, 0.0, 0.900939, -0.433946, 17.340986, 0.0, 0.433946, 0.900939, 0.549895, 0.0, 0.0, 0.0, 1.0],
                [1.0, 0.0, 0.0, 0.0, 0.0, 0.90093, -0.433964, 17.340982, 0.0, 0.433964, 0.90093, 0.549902, 0.0, 0.0, 0.0, 1.0],
                [1.0, 0.0, 0.0, 0.0, 0.0, 0.900921, -0.433983, 17.340979, 0.0, 0.433983, 0.900921, 0.549909, 0.0, 0.0, 0.0, 1.0],
                [1.0, 0.0, 0.0, 0.0, 0.0, 0.900911, -0.434004, 17.340975, 0.0, 0.434004, 0.900911, 0.549917, 0.0, 0.0, 0.0, 1.0],
                [1.0, 0.0, 0.0, 0.0, 0.0, 0.900901, -0.434025, 17.340969, 0.0, 0.434025, 0.900901, 0.549925, 0.0, 0.0, 0.0, 1.0],
                [1.0, 0.0, 0.0, 0.0, 0.0, 0.90089, -0.434047, 17.340965, 0.0, 0.434047, 0.90089, 0.549933, 0.0, 0.0, 0.0, 1.0],
                [1.0, 0.0, 0.0, 0.0, 0.0, 0.900879, -0.43407, 17.340961, 0.0, 0.43407, 0.900879, 0.549941, 0.0, 0.0, 0.0, 1.0],
                [1.0, 0.0, 0.0, 0.0, 0.0, 0.900868, -0.434093, 17.340956, 0.0, 0.434093, 0.900868, 0.54995, 0.0, 0.0, 0.0, 1.0],
                [1.0, 0.0, 0.0, 0.0, 0.0, 0.900856, -0.434118, 17.340952, 0.0, 0.434118, 0.900856, 0.549959, 0.0, 0.0, 0.0, 1.0],
                [1.0, 0.0, 0.0, 0.0, 0.0, 0.900844, -0.434143, 17.340946, 0.0, 0.434143, 0.900844, 0.549969, 0.0, 0.0, 0.0, 1.0],
                [1.0, 0.0, 0.0, 0.0, 0.0, 0.900831, -0.434169, 17.34094, 0.0, 0.434169, 0.900831, 0.549978, 0.0, 0.0, 0.0, 1.0],
                [1.0, 0.0, 0.0, 0.0, 0.0, 0.900818, -0.434197, 17.340935, 0.0, 0.434197, 0.900818, 0.549989, 0.0, 0.0, 0.0, 1.0],
                [1.0, 0.0, 0.0, 0.0, 0.0, 0.900805, -0.434225, 17.340929, 0.0, 0.434225, 0.900805, 0.549999, 0.0, 0.0, 0.0, 1.0],
                [1.0, 0.0, 0.0, 0.0, 0.0, 0.90079, -0.434254, 17.340923, 0.0, 0.434254, 0.90079, 0.55001, 0.0, 0.0, 0.0, 1.0],
                [1.0, 0.0, 0.0, 0.0, 0.0, 0.900776, -0.434285, 17.340918, 0.0, 0.434285, 0.900776, 0.550021, 0.0, 0.0, 0.0, 1.0],
                [1.0, 0.0, 0.0, 0.0, 0.0, 0.900761, -0.434315, 17.340912, 0.0, 0.434315, 0.900761, 0.550033, 0.0, 0.0, 0.0, 1.0],
                [1.0, 0.0, 0.0, 0.0, 0.0, 0.900745, -0.434348, 17.340904, 0.0, 0.434348, 0.900745, 0.550045, 0.0, 0.0, 0.0, 1.0],
                [1.0, 0.0, 0.0, 0.0, 0.0, 0.900729, -0.434381, 17.340899, 0.0, 0.434381, 0.900729, 0.550057, 0.0, 0.0, 0.0, 1.0],
                [1.0, 0.0, 0.0, 0.0, 0.0, 0.900713, -0.434415, 17.340891, 0.0, 0.434415, 0.900713, 0.55007, 0.0, 0.0, 0.0, 1.0],
                [1.0, 0.0, 0.0, 0.0, 0.0, 0.900695, -0.434451, 17.340883, 0.0, 0.434451, 0.900695, 0.550083, 0.0, 0.0, 0.0, 1.0],
                [1.0, 0.0, 0.0, 0.0, 0.0, 0.900678, -0.434488, 17.340876, 0.0, 0.434488, 0.900678, 0.550097, 0.0, 0.0, 0.0, 1.0],
                [1.0, 0.0, 0.0, 0.0, 0.0, 0.90066, -0.434525, 17.340868, 0.0, 0.434525, 0.90066, 0.550111, 0.0, 0.0, 0.0, 1.0],
                [1.0, 0.0, 0.0, 0.0, 0.0, 0.900641, -0.434564, 17.34086, 0.0, 0.434564, 0.900641, 0.550125, 0.0, 0.0, 0.0, 1.0],
                [1.0, 0.0, 0.0, 0.0, 0.0, 0.900622, -0.434604, 17.340853, 0.0, 0.434604, 0.900622, 0.55014, 0.0, 0.0, 0.0, 1.0],
                [1.0, 0.0, 0.0, 0.0, 0.0, 0.900602, -0.434645, 17.340845, 0.0, 0.434645, 0.900602, 0.550155, 0.0, 0.0, 0.0, 1.0],
                [1.0, 0.0, 0.0, 0.0, 0.0, 0.900582, -0.434687, 17.340836, 0.0, 0.434687, 0.900582, 0.550171, 0.0, 0.0, 0.0, 1.0],
                [1.0, 0.0, 0.0, 0.0, 0.0, 0.900561, -0.43473, 17.340828, 0.0, 0.43473, 0.900561, 0.550187, 0.0, 0.0, 0.0, 1.0],
                [1.0, 0.0, 0.0, 0.0, 0.0, 0.900539, -0.434775, 17.340818, 0.0, 0.434775, 0.900539, 0.550204, 0.0, 0.0, 0.0, 1.0],
                [1.0, 0.0, 0.0, 0.0, 0.0, 0.900517, -0.434821, 17.340809, 0.0, 0.434821, 0.900517, 0.550221, 0.0, 0.0, 0.0, 1.0],
                [1.0, 0.0, 0.0, 0.0, 0.0, 0.900494, -0.434868, 17.340799, 0.0, 0.434868, 0.900494, 0.550238, 0.0, 0.0, 0.0, 1.0],
                [1.0, 0.0, 0.0, 0.0, 0.0, 0.900471, -0.434916, 17.34079, 0.0, 0.434916, 0.900471, 0.550256, 0.0, 0.0, 0.0, 1.0],
                [1.0, 0.0, 0.0, 0.0, 0.0, 0.900233, -0.435409, 17.340689, 0.0, 0.435409, 0.900233, 0.550439, 0.0, 0.0, 0.0, 1.0],
                [1.0, 0.0, 0.0, 0.0, 0.0, 0.899571, -0.436774, 17.340414, 0.0, 0.436774, 0.899571, 0.550947, 0.0, 0.0, 0.0, 1.0],
                [1.0, 0.0, 0.0, 0.0, 0.0, 0.898493, -0.438989, 17.339964, 0.0, 0.438989, 0.898493, 0.55177, 0.0, 0.0, 0.0, 1.0],
                [1.0, 0.0, 0.0, 0.0, 0.0, 0.897001, -0.442029, 17.339346, 0.0, 0.442029, 0.897001, 0.552902, 0.0, 0.0, 0.0, 1.0],
                [1.0, 0.0, 0.0, 0.0, 0.0, 0.895098, -0.44587, 17.338568, 0.0, 0.44587, 0.895098, 0.554333, 0.0, 0.0, 0.0, 1.0],
                [1.0, 0.0, 0.0, 0.0, 0.0, 0.892782, -0.450489, 17.337627, 0.0, 0.450489, 0.892782, 0.556055, 0.0, 0.0, 0.0, 1.0],
                [1.0, 0.0, 0.0, 0.0, 0.0, 0.890052, -0.455859, 17.336535, 0.0, 0.455859, 0.890052, 0.558059, 0.0, 0.0, 0.0, 1.0],
                [1.0, 0.0, 0.0, 0.0, 0.0, 0.886903, -0.461955, 17.335293, 0.0, 0.461955, 0.886903, 0.560339, 0.0, 0.0, 0.0, 1.0],
                [1.0, 0.0, 0.0, 0.0, 0.0, 0.883331, -0.468751, 17.333902, 0.0, 0.468751, 0.883331, 0.562884, 0.0, 0.0, 0.0, 1.0],
                [1.0, 0.0, 0.0, 0.0, 0.0, 0.879327, -0.476219, 17.332375, 0.0, 0.476219, 0.879327, 0.565687, 0.0, 0.0, 0.0, 1.0],
                [1.0, 0.0, 0.0, 0.0, 0.0, 0.874885, -0.484331, 17.330709, 0.0, 0.484331, 0.874885, 0.56874, 0.0, 0.0, 0.0, 1.0],
                [1.0, 0.0, 0.0, 0.0, 0.0, 0.869996, -0.493059, 17.328913, 0.0, 0.493059, 0.869996, 0.572034, 0.0, 0.0, 0.0, 1.0],
                [1.0, 0.0, 0.0, 0.0, 0.0, 0.864651, -0.502374, 17.326992, 0.0, 0.502374, 0.864651, 0.57556, 0.0, 0.0, 0.0, 1.0],
                [1.0, 0.0, 0.0, 0.0, 0.0, 0.858839, -0.512245, 17.324944, 0.0, 0.512245, 0.858839, 0.579311, 0.0, 0.0, 0.0, 1.0],
                [1.0, 0.0, 0.0, 0.0, 0.0, 0.852553, -0.522641, 17.322781, 0.0, 0.522641, 0.852553, 0.583279, 0.0, 0.0, 0.0, 1.0],
                [1.0, 0.0, 0.0, 0.0, 0.0, 0.845781, -0.533531, 17.320503, 0.0, 0.533531, 0.845781, 0.587454, 0.0, 0.0, 0.0, 1.0],
                [1.0, 0.0, 0.0, 0.0, 0.0, 0.838514, -0.54488, 17.318117, 0.0, 0.54488, 0.838514, 0.591829, 0.0, 0.0, 0.0, 1.0],
                [1.0, 0.0, 0.0, 0.0, 0.0, 0.830744, -0.556655, 17.315626, 0.0, 0.556655, 0.830744, 0.596395, 0.0, 0.0, 0.0, 1.0],
                [1.0, 0.0, 0.0, 0.0, 0.0, 0.822461, -0.568821, 17.313038, 0.0, 0.568821, 0.822461, 0.601144, 0.0, 0.0, 0.0, 1.0],
                [1.0, 0.0, 0.0, 0.0, 0.0, 0.813658, -0.581343, 17.310352, 0.0, 0.581343, 0.813658, 0.606067, 0.0, 0.0, 0.0, 1.0],
                [1.0, 0.0, 0.0, 0.0, 0.0, 0.804329, -0.594184, 17.307577, 0.0, 0.594184, 0.804329, 0.611157, 0.0, 0.0, 0.0, 1.0],
                [1.0, 0.0, 0.0, 0.0, 0.0, 0.794468, -0.607306, 17.304714, 0.0, 0.607306, 0.794468, 0.616405, 0.0, 0.0, 0.0, 1.0],
                [1.0, 0.0, 0.0, 0.0, 0.0, 0.784072, -0.620671, 17.301771, 0.0, 0.620671, 0.784072, 0.621802, 0.0, 0.0, 0.0, 1.0],
                [1.0, 0.0, 0.0, 0.0, 0.0, 0.773136, -0.63424, 17.298752, 0.0, 0.63424, 0.773136, 0.62734, 0.0, 0.0, 0.0, 1.0],
                [1.0, 0.0, 0.0, 0.0, 0.0, 0.761662, -0.647975, 17.295658, 0.0, 0.647975, 0.761662, 0.633012, 0.0, 0.0, 0.0, 1.0],
                [1.0, 0.0, 0.0, 0.0, 0.0, 0.749649, -0.661835, 17.292496, 0.0, 0.661835, 0.749649, 0.638808, 0.0, 0.0, 0.0, 1.0],
                [1.0, 0.0, 0.0, 0.0, 0.0, 0.737102, -0.675781, 17.289272, 0.0, 0.675781, 0.737102, 0.64472, 0.0, 0.0, 0.0, 1.0],
                [1.0, 0.0, 0.0, 0.0, 0.0, 0.724026, -0.689773, 17.285988, 0.0, 0.689773, 0.724026, 0.650741, 0.0, 0.0, 0.0, 1.0],
                [1.0, 0.0, 0.0, 0.0, 0.0, 0.710428, -0.70377, 17.282652, 0.0, 0.70377, 0.710428, 0.656861, 0.0, 0.0, 0.0, 1.0],
                [1.0, 0.0, 0.0, 0.0, 0.0, 0.696318, -0.717733, 17.279263, 0.0, 0.717733, 0.696318, 0.663072, 0.0, 0.0, 0.0, 1.0],
                [1.0, 0.0, 0.0, 0.0, 0.0, 0.681709, -0.731624, 17.275833, 0.0, 0.731624, 0.681709, 0.669367, 0.0, 0.0, 0.0, 1.0],
                [1.0, 0.0, 0.0, 0.0, 0.0, 0.666615, -0.745402, 17.272358, 0.0, 0.745402, 0.666615, 0.675736, 0.0, 0.0, 0.0, 1.0],
                [1.0, 0.0, 0.0, 0.0, 0.0, 0.651054, -0.759031, 17.268848, 0.0, 0.759031, 0.651054, 0.682171, 0.0, 0.0, 0.0, 1.0],
                [1.0, 0.0, 0.0, 0.0, 0.0, 0.635045, -0.772475, 17.265305, 0.0, 0.772475, 0.635045, 0.688665, 0.0, 0.0, 0.0, 1.0],
                [1.0, 0.0, 0.0, 0.0, 0.0, 0.618612, -0.785697, 17.261738, 0.0, 0.785697, 0.618612, 0.695208, 0.0, 0.0, 0.0, 1.0],
                [1.0, 0.0, 0.0, 0.0, 0.0, 0.601777, -0.798664, 17.258148, 0.0, 0.798664, 0.601777, 0.701793, 0.0, 0.0, 0.0, 1.0],
                [1.0, 0.0, 0.0, 0.0, 0.0, 0.584568, -0.811345, 17.254538, 0.0, 0.811345, 0.584568, 0.708411, 0.0, 0.0, 0.0, 1.0],
                [1.0, 0.0, 0.0, 0.0, 0.0, 0.567015, -0.823708, 17.250914, 0.0, 0.823708, 0.567015, 0.715053, 0.0, 0.0, 0.0, 1.0],
                [1.0, 0.0, 0.0, 0.0, 0.0, 0.549147, -0.835725, 17.247282, 0.0, 0.835725, 0.549147, 0.721712, 0.0, 0.0, 0.0, 1.0],
                [1.0, 0.0, 0.0, 0.0, 0.0, 0.530999, -0.847372, 17.243649, 0.0, 0.847372, 0.530999, 0.728379, 0.0, 0.0, 0.0, 1.0],
                [1.0, 0.0, 0.0, 0.0, 0.0, 0.512605, -0.858625, 17.240011, 0.0, 0.858625, 0.512605, 0.735045, 0.0, 0.0, 0.0, 1.0],
                [1.0, 0.0, 0.0, 0.0, 0.0, 0.494001, -0.869461, 17.23638, 0.0, 0.869461, 0.494001, 0.741704, 0.0, 0.0, 0.0, 1.0],
                [1.0, 0.0, 0.0, 0.0, 0.0, 0.475225, -0.879864, 17.232758, 0.0, 0.879864, 0.475225, 0.748345, 0.0, 0.0, 0.0, 1.0],
                [1.0, 0.0, 0.0, 0.0, 0.0, 0.456317, -0.889817, 17.229149, 0.0, 0.889817, 0.456317, 0.754961, 0.0, 0.0, 0.0, 1.0],
                [1.0, 0.0, 0.0, 0.0, 0.0, 0.437315, -0.899309, 17.225559, 0.0, 0.899309, 0.437315, 0.761544, 0.0, 0.0, 0.0, 1.0],
                [1.0, 0.0, 0.0, 0.0, 0.0, 0.41826, -0.908327, 17.221994, 0.0, 0.908327, 0.41826, 0.768084, 0.0, 0.0, 0.0, 1.0],
                [1.0, 0.0, 0.0, 0.0, 0.0, 0.399194, -0.916867, 17.218454, 0.0, 0.916867, 0.399194, 0.774575, 0.0, 0.0, 0.0, 1.0],
                [1.0, 0.0, 0.0, 0.0, 0.0, 0.380157, -0.924922, 17.214945, 0.0, 0.924922, 0.380157, 0.781007, 0.0, 0.0, 0.0, 1.0],
                [1.0, 0.0, 0.0, 0.0, 0.0, 0.361192, -0.932491, 17.211472, 0.0, 0.932491, 0.361192, 0.787372, 0.0, 0.0, 0.0, 1.0],
                [1.0, 0.0, 0.0, 0.0, 0.0, 0.34234, -0.939576, 17.208042, 0.0, 0.939576, 0.34234, 0.793662, 0.0, 0.0, 0.0, 1.0],
                [1.0, 0.0, 0.0, 0.0, 0.0, 0.323642, -0.94618, 17.204657, 0.0, 0.94618, 0.323642, 0.799869, 0.0, 0.0, 0.0, 1.0],
                [1.0, 0.0, 0.0, 0.0, 0.0, 0.305138, -0.952308, 17.201324, 0.0, 0.952308, 0.305138, 0.805984, 0.0, 0.0, 0.0, 1.0],
                [1.0, 0.0, 0.0, 0.0, 0.0, 0.286869, -0.95797, 17.198044, 0.0, 0.95797, 0.286869, 0.811999, 0.0, 0.0, 0.0, 1.0],
                [1.0, 0.0, 0.0, 0.0, 0.0, 0.268873, -0.963176, 17.194822, 0.0, 0.963176, 0.268873, 0.817905, 0.0, 0.0, 0.0, 1.0],
                [1.0, 0.0, 0.0, 0.0, 0.0, 0.25119, -0.967938, 17.191664, 0.0, 0.967938, 0.25119, 0.823694, 0.0, 0.0, 0.0, 1.0],
                [1.0, 0.0, 0.0, 0.0, 0.0, 0.233856, -0.972271, 17.188574, 0.0, 0.972271, 0.233856, 0.829359, 0.0, 0.0, 0.0, 1.0],
                [1.0, 0.0, 0.0, 0.0, 0.0, 0.216906, -0.976192, 17.185558, 0.0, 0.976192, 0.216906, 0.83489, 0.0, 0.0, 0.0, 1.0],
                [1.0, 0.0, 0.0, 0.0, 0.0, 0.200377, -0.979719, 17.182621, 0.0, 0.979719, 0.200377, 0.840279, 0.0, 0.0, 0.0, 1.0],
                [1.0, 0.0, 0.0, 0.0, 0.0, 0.184303, -0.98287, 17.179762, 0.0, 0.98287, 0.184303, 0.845518, 0.0, 0.0, 0.0, 1.0],
                [1.0, 0.0, 0.0, 0.0, 0.0, 0.168714, -0.985665, 17.176992, 0.0, 0.985665, 0.168714, 0.850599, 0.0, 0.0, 0.0, 1.0],
                [1.0, 0.0, 0.0, 0.0, 0.0, 0.153644, -0.988126, 17.174311, 0.0, 0.988126, 0.153644, 0.855514, 0.0, 0.0, 0.0, 1.0],
                [1.0, 0.0, 0.0, 0.0, 0.0, 0.139121, -0.990275, 17.171726, 0.0, 0.990275, 0.139121, 0.860253, 0.0, 0.0, 0.0, 1.0],
                [1.0, 0.0, 0.0, 0.0, 0.0, 0.125175, -0.992135, 17.169243, 0.0, 0.992135, 0.125175, 0.864808, 0.0, 0.0, 0.0, 1.0],
                [1.0, 0.0, 0.0, 0.0, 0.0, 0.111833, -0.993727, 17.166862, 0.0, 0.993727, 0.111833, 0.869173, 0.0, 0.0, 0.0, 1.0],
                [1.0, 0.0, 0.0, 0.0, 0.0, 0.099122, -0.995075, 17.164591, 0.0, 0.995075, 0.099122, 0.873337, 0.0, 0.0, 0.0, 1.0],
                [1.0, 0.0, 0.0, 0.0, 0.0, 0.087067, -0.996202, 17.162432, 0.0, 0.996202, 0.087067, 0.877292, 0.0, 0.0, 0.0, 1.0],
                [1.0, 0.0, 0.0, 0.0, 0.0, 0.075692, -0.997131, 17.160395, 0.0, 0.997131, 0.075692, 0.881032, 0.0, 0.0, 0.0, 1.0],
                [1.0, 0.0, 0.0, 0.0, 0.0, 0.065023, -0.997884, 17.158478, 0.0, 0.997884, 0.065023, 0.884546, 0.0, 0.0, 0.0, 1.0],
                [1.0, 0.0, 0.0, 0.0, 0.0, 0.055081, -0.998482, 17.156689, 0.0, 0.998482, 0.055081, 0.887827, 0.0, 0.0, 0.0, 1.0],
                [1.0, 0.0, 0.0, 0.0, 0.0, 0.045889, -0.998947, 17.155031, 0.0, 0.998947, 0.045889, 0.890866, 0.0, 0.0, 0.0, 1.0],
                [1.0, 0.0, 0.0, 0.0, 0.0, 0.037469, -0.999298, 17.153509, 0.0, 0.999298, 0.037469, 0.893655, 0.0, 0.0, 0.0, 1.0],
                [1.0, 0.0, 0.0, 0.0, 0.0, 0.029843, -0.999555, 17.152128, 0.0, 0.999555, 0.029843, 0.896186, 0.0, 0.0, 0.0, 1.0],
                [1.0, 0.0, 0.0, 0.0, 0.0, 0.023032, -0.999735, 17.150894, 0.0, 0.999735, 0.023032, 0.89845, 0.0, 0.0, 0.0, 1.0],
                [1.0, 0.0, 0.0, 0.0, 0.0, 0.017057, -0.999854, 17.149809, 0.0, 0.999854, 0.017057, 0.90044, 0.0, 0.0, 0.0, 1.0],
                [1.0, 0.0, 0.0, 0.0, 0.0, 0.011941, -0.999929, 17.148878, 0.0, 0.999929, 0.011941, 0.902146, 0.0, 0.0, 0.0, 1.0],
                [1.0, 0.0, 0.0, 0.0, 0.0, 0.007704, -0.99997, 17.148108, 0.0, 0.99997, 0.007704, 0.903561, 0.0, 0.0, 0.0, 1.0],
                [1.0, 0.0, 0.0, 0.0, 0.0, 0.004369, -0.99999, 17.147499, 0.0, 0.99999, 0.004369, 0.904676, 0.0, 0.0, 0.0, 1.0],
                [1.0, 0.0, 0.0, 0.0, 0.0, 0.001957, -0.999998, 17.147058, 0.0, 0.999998, 0.001957, 0.905482, 0.0, 0.0, 0.0, 1.0],
                [1.0, 0.0, 0.0, 0.0, 0.0, 0.000494, -1.0, 17.146791, 0.0, 1.0, 0.000494, 0.905972, 0.0, 0.0, 0.0, 1.0],
                [1.0, 0.0, 0.0, 0.0, 0.0, 0.0, -1.0, 17.146702, 0.0, 1.0, 0.0, 0.906138, 0.0, 0.0, 0.0, 1.0]
            ]
        },
        {
            "name": "body",
            "time": [0.0, 0.0167, 0.0333, 0.05, 0.0667, 0.0833, 0.1, 0.1167, 0.1333, 0.15, 0.1667, 0.1833, 0.2, 0.2167, 0.2333, 0.25, 0.2667, 0.2833, 0.3, 0.3167, 0.3333, 0.35, 0.3667, 0.3833, 0.4, 0.4167, 0.4333, 0.45, 0.4667, 0.4833, 0.5, 0.5167, 0.5333, 0.55, 0.5667, 0.5833, 0.6, 0.6167, 0.6333, 0.65, 0.6667, 0.6833, 0.7, 0.7167, 0.7333, 0.75, 0.7667, 0.7833, 0.8, 0.8167, 0.8333, 0.85, 0.8667, 0.8833, 0.9, 0.9167, 0.9333, 0.95, 0.9667, 0.9833, 1.0, 1.0167, 1.0333, 1.05, 1.0667, 1.0833, 1.1, 1.1167, 1.1333, 1.15, 1.1667, 1.1833, 1.2, 1.2167, 1.2333, 1.25, 1.2667, 1.2833, 1.3, 1.3167, 1.3333, 1.35, 1.3667, 1.3833, 1.4, 1.4167, 1.4333, 1.45, 1.4667, 1.4833, 1.5, 1.5167, 1.5333, 1.55, 1.5667, 1.5833, 1.6, 1.6167, 1.6333, 1.65, 1.6667, 1.6833, 1.7, 1.7167, 1.7333, 1.75, 1.7667, 1.7833, 1.8, 1.8167, 1.8333, 1.85, 1.8667, 1.8833, 1.9, 1.9167, 1.9333, 1.95, 1.9667, 1.9833, 2.0, 2.0167, 2.0333, 2.05, 2.0667, 2.0833, 2.1, 2.1167, 2.1333, 2.15, 2.1667, 2.1833, 2.2, 2.2167, 2.2333, 2.25, 2.2667, 2.2833, 2.3, 2.3167, 2.3333, 2.35, 2.3667, 2.3833, 2.4, 2.4167, 2.4333, 2.45, 2.4667, 2.4833, 2.5, 2.5167, 2.5333, 2.55, 2.5667, 2.5833, 2.6, 2.6167, 2.6333, 2.65, 2.6667, 2.6833, 2.7, 2.7167, 2.7333, 2.75, 2.7667, 2.7833, 2.8, 2.8167, 2.8333, 2.85, 2.8667, 2.8833, 2.9, 2.9167, 2.9333, 2.95, 2.9667, 2.9833, 3.0, 3.0167, 3.0333, 3.05, 3.0667, 3.0833, 3.1, 3.1167, 3.1333, 3.15, 3.1667, 3.1833, 3.2, 3.2167, 3.2333, 3.25, 3.2667, 3.2833, 3.3, 3.3167, 3.3333, 3.35, 3.3667, 3.3833, 3.4, 3.4167, 3.4333, 3.45, 3.4667, 3.4833, 3.5, 3.5167, 3.5333, 3.55, 3.5667, 3.5833, 3.6, 3.6167, 3.6333, 3.65, 3.6667, 3.6833, 3.7, 3.7167, 3.7333, 3.75, 3.7667, 3.7833, 3.8, 3.8167, 3.8333, 3.85, 3.8667, 3.8833, 3.9, 3.9167, 3.9333, 3.95, 3.9667, 3.9833, 4.0],
            "transform": [
                [1.0, 0.0, 0.0, 0.0, 0.0, 1.0, 0.0, 0.084155, 0.0, 0.0, 1.0, 0.0, 0.0, 0.0, 0.0, 1.0],
                [1.0, 0.0, 0.0, 0.0, 0.0, 1.0, 0.000995, 0.084155, 0.0, -0.000995, 1.0, 0.0, 0.0, 0.0, 0.0, 1.0],
                [1.0, 0.0, 0.0, 0.0, 0.0, 0.999993, 0.00385, 0.084155, 0.0, -0.00385, 0.999993, 0.0, 0.0, 0.0, 0.0, 1.0],
                [1.0, 0.0, 0.0, 0.0, 0.0, 0.999965, 0.008373, 0.084155, 0.0, -0.008373, 0.999965, 0.0, 0.0, 0.0, 0.0, 1.0],
                [1.0, 0.0, 0.0, 0.0, 0.0, 0.999897, 0.014371, 0.084155, 0.0, -0.014371, 0.999897, 0.0, 0.0, 0.0, 0.0, 1.0],
                [1.0, 0.0, 0.0, 0.0, 0.0, 0.999766, 0.021652, 0.084155, 0.0, -0.021652, 0.999766, 0.0, 0.0, 0.0, 0.0, 1.0],
                [1.0, 0.0, 0.0, 0.0, 0.0, 0.999549, 0.030022, 0.084155, 0.0, -0.030022, 0.999549, 0.0, 0.0, 0.0, 0.0, 1.0],
                [1.0, 0.0, 0.0, 0.0, 0.0, 0.999228, 0.039287, 0.084155, 0.0, -0.039287, 0.999228, -0.0, 0.0, 0.0, 0.0, 1.0],
                [1.0, 0.0, 0.0, 0.0, 0.0, 0.998787, 0.049252, 0.084155, 0.0, -0.049252, 0.998787, -0.0, 0.0, 0.0, 0.0, 1.0],
                [1.0, 0.0, 0.0, 0.0, 0.0, 0.998215, 0.059723, 0.084155, 0.0, -0.059723, 0.998215, -0.0, 0.0, 0.0, 0.0, 1.0],
                [1.0, 0.0, 0.0, 0.0, 0.0, 0.997512, 0.070504, 0.084155, 0.0, -0.070504, 0.997512, 0.0, 0.0, 0.0, 0.0, 1.0],
                [1.0, 0.0, 0.0, 0.0, 0.0, 0.996682, 0.0814, 0.084155, 0.0, -0.0814, 0.996682, -0.0, 0.0, 0.0, 0.0, 1.0],
                [1.0, 0.0, 0.0, 0.0, 0.0, 0.995739, 0.092215, 0.084155, 0.0, -0.092215, 0.995739, 0.0, 0.0, 0.0, 0.0, 1.0],
                [1.0, 0.0, 0.0, 0.0, 0.0, 0.994706, 0.102757, 0.084155, 0.0, -0.102757, 0.994706, 0.0, 0.0, 0.0, 0.0, 1.0],
                [1.0, 0.0, 0.0, 0.0, 0.0, 0.993614, 0.112832, 0.084155, 0.0, -0.112832, 0.993614, 0.0, 0.0, 0.0, 0.0, 1.0],
                [1.0, 0.0, 0.0, 0.0, 0.0, 0.9925, 0.122248, 0.084155, 0.0, -0.122248, 0.9925, 0.0, 0.0, 0.0, 0.0, 1.0],
                [1.0, 0.0, 0.0, 0.0, 0.0, 0.991407, 0.130815, 0.084155, 0.0, -0.130815, 0.991407, 0.0, 0.0, 0.0, 0.0, 1.0],
                [1.0, 0.0, 0.0, 0.0, 0.0, 0.990384, 0.138343, 0.084155, 0.0, -0.138343, 0.990384, 0.0, 0.0, 0.0, 0.0, 1.0],
                [1.0, 0.0, 0.0, 0.0, 0.0, 0.989484, 0.144646, 0.084155, 0.0, -0.144646, 0.989484, 0.0, 0.0, 0.0, 0.0, 1.0],
                [1.0, 0.0, 0.0, 0.0, 0.0, 0.988757, 0.149534, 0.084155, 0.0, -0.149534, 0.988757, -0.0, 0.0, 0.0, 0.0, 1.0],
                [1.0, 0.0, 0.0, 0.0, 0.0, 0.988254, 0.152821, 0.084155, 0.0, -0.152821, 0.988254, 0.0, 0.0, 0.0, 0.0, 1.0],
                [1.0, 0.0, 0.0, 0.0, 0.0, 0.987901, 0.155087, 0.084155, 0.0, -0.155087, 0.987901, -0.0, 0.0, 0.0, 0.0, 1.0],
                [1.0, 0.0, 0.0, 0.0, 0.0, 0.987591, 0.15705, 0.084155, 0.0, -0.15705, 0.987591, 0.0, 0.0, 0.0, 0.0, 1.0],
                [1.0, 0.0, 0.0, 0.0, 0.0, 0.987322, 0.158732, 0.084155, 0.0, -0.158732, 0.987322, 0.0, 0.0, 0.0, 0.0, 1.0],
                [1.0, 0.0, 0.0, 0.0, 0.0, 0.987092, 0.160156, 0.084155, 0.0, -0.160156, 0.987092, 0.0, 0.0, 0.0, 0.0, 1.0],
                [1.0, 0.0, 0.0, 0.0, 0.0, 0.986898, 0.161343, 0.084155, 0.0, -0.161343, 0.986898, 0.0, 0.0, 0.0, 0.0, 1.0],
                [1.0, 0.0, 0.0, 0.0, 0.0, 0.986739, 0.162315, 0.084155, 0.0, -0.162315, 0.986739, 0.0, 0.0, 0.0, 0.0, 1.0],
                [1.0, 0.0, 0.0, 0.0, 0.0, 0.986611, 0.163093, 0.084155, 0.0, -0.163093, 0.986611, -0.0, 0.0, 0.0, 0.0, 1.0],
                [1.0, 0.0, 0.0, 0.0, 0.0, 0.98651, 0.163698, 0.084155, 0.0, -0.163698, 0.98651, 0.0, 0.0, 0.0, 0.0, 1.0],
                [1.0, 0.0, 0.0, 0.0, 0.0, 0.986435, 0.164153, 0.084155, 0.0, -0.164153, 0.986435, 0.0, 0.0, 0.0, 0.0, 1.0],
                [1.0, 0.0, 0.0, 0.0, 0.0, 0.986381, 0.164479, 0.084155, 0.0, -0.164479, 0.986381, -0.0, 0.0, 0.0, 0.0, 1.0],
                [1.0, 0.0, 0.0, 0.0, 0.0, 0.986344, 0.164698, 0.084155, 0.0, -0.164698, 0.986344, 0.0, 0.0, 0.0, 0.0, 1.0],
                [1.0, 0.0, 0.0, 0.0, 0.0, 0.986322, 0.16483, 0.084155, 0.0, -0.16483, 0.986322, -0.0, 0.0, 0.0, 0.0, 1.0],
                [1.0, 0.0, 0.0, 0.0, 0.0, 0.98631, 0.164898, 0.084155, 0.0, -0.164898, 0.98631, -0.0, 0.0, 0.0, 0.0, 1.0],
                [1.0, 0.0, 0.0, 0.0, 0.0, 0.986306, 0.164924, 0.084155, 0.0, -0.164924, 0.986306, 0.0, 0.0, 0.0, 0.0, 1.0],
                [1.0, 0.0, 0.0, 0.0, 0.0, 0.986306, 0.164927, 0.084155, 0.0, -0.164927, 0.986306, 0.0, 0.0, 0.0, 0.0, 1.0],
                [1.0, 0.0, 0.0, 0.0, 0.0, 0.986306, 0.164927, 0.084155, 0.0, -0.164927, 0.986306, -0.0, 0.0, 0.0, 0.0, 1.0],
                [1.0, 0.0, 0.0, 0.0, 0.0, 0.986306, 0.164927, 0.084155, 0.0, -0.164927, 0.986306, 0.0, 0.0, 0.0, 0.0, 1.0],
                [1.0, 0.0, 0.0, 0.0, 0.0, 0.986306, 0.164927, 0.084155, 0.0, -0.164927, 0.986306, 0.0, 0.0, 0.0, 0.0, 1.0],
                [1.0, 0.0, 0.0, 0.0, 0.0, 0.986306, 0.164927, 0.084155, 0.0, -0.164927, 0.986306, -0.0, 0.0, 0.0, 0.0, 1.0],
                [1.0, 0.0, 0.0, 0.0, 0.0, 0.986306, 0.164927, 0.084155, 0.0, -0.164927, 0.986306, 0.0, 0.0, 0.0, 0.0, 1.0],
                [1.0, 0.0, 0.0, 0.0, 0.0, 0.983566, 0.180546, 0.084155, 0.0, -0.180546, 0.983566, 0.0, 0.0, 0.0, 0.0, 1.0],
