{
    "animation": [
        {
            "name": "Root",
            "time": [0.0, 0.0167, 0.0333, 0.05, 0.0667, 0.0833, 0.1, 0.1167, 0.1333, 0.15, 0.1667, 0.1833, 0.2, 0.2167, 0.2333, 0.25, 0.2667, 0.2833, 0.3, 0.3167, 0.3333, 0.35, 0.3667, 0.3833, 0.4, 0.4167, 0.4333, 0.45, 0.4667, 0.4833, 0.5, 0.5167, 0.5333, 0.55, 0.5667, 0.5833, 0.6, 0.6167, 0.6333, 0.65, 0.6667, 0.6833, 0.7, 0.7167, 0.7333, 0.75, 0.7667, 0.7833, 0.8, 0.8167, 0.8333, 0.85, 0.8667, 0.8833, 0.9, 0.9167, 0.9333, 0.95, 0.9667, 0.9833, 1.0, 1.0167, 1.0333, 1.05, 1.0667, 1.0833, 1.1, 1.1167, 1.1333, 1.15, 1.1667, 1.1833, 1.2, 1.2167, 1.2333, 1.25, 1.2667, 1.2833, 1.3, 1.3167, 1.3333, 1.35, 1.3667, 1.3833, 1.4, 1.4167, 1.4333, 1.45, 1.4667, 1.4833, 1.5, 1.5167, 1.5333, 1.55, 1.5667, 1.5833, 1.6, 1.6167, 1.6333, 1.65, 1.6667, 1.6833, 1.7, 1.7167, 1.7333, 1.75, 1.7667, 1.7833, 1.8, 1.8167, 1.8333, 1.85, 1.8667, 1.8833, 1.9, 1.9167, 1.9333, 1.95, 1.9667, 1.9833, 2.0, 2.0167, 2.0333, 2.05, 2.0667, 2.0833, 2.1, 2.1167, 2.1333, 2.15, 2.1667, 2.1833, 2.2, 2.2167, 2.2333, 2.25, 2.2667, 2.2833, 2.3, 2.3167, 2.3333, 2.35, 2.3667, 2.3833, 2.4, 2.4167, 2.4333, 2.45, 2.4667, 2.4833, 2.5, 2.5167, 2.5333, 2.55, 2.5667, 2.5833, 2.6, 2.6167, 2.6333, 2.65, 2.6667],
            "transform": [
                [1.0, 0.0, 0.0, 0.0, 0.0, 0.0, -1.0, 0.0, 0.0, 1.0, 0.0, 0.750298, 0.0, 0.0, 0.0, 1.0],
                [1.0, 0.0, 0.0, 0.0, 0.0, -0.001171, -0.999999, 0.001326, 0.0, 0.999999, -0.001171, 0.750298, 0.0, 0.0, 0.0, 1.0],
                [1.0, 0.0, 0.0, 0.0, 0.0, -0.004538, -0.99999, 0.005138, 0.0, 0.99999, -0.004538, 0.750298, 0.0, 0.0, 0.0, 1.0],
                [1.0, 0.0, 0.0, 0.0, 0.0, -0.009882, -0.999951, 0.011188, 0.0, 0.999951, -0.009882, 0.750298, 0.0, 0.0, 0.0, 1.0],
                [1.0, 0.0, 0.0, 0.0, 0.0, -0.016986, -0.999856, 0.019227, 0.0, 0.999856, -0.016986, 0.750298, 0.0, 0.0, 0.0, 1.0],
                [1.0, 0.0, 0.0, 0.0, 0.0, -0.025629, -0.999672, 0.029007, 0.0, 0.999672, -0.025629, 0.750298, 0.0, 0.0, 0.0, 1.0],
                [1.0, 0.0, 0.0, 0.0, 0.0, -0.035593, -0.999366, 0.04028, 0.0, 0.999366, -0.035593, 0.750298, 0.0, 0.0, 0.0, 1.0],
                [1.0, 0.0, 0.0, 0.0, 0.0, -0.046657, -0.998911, 0.052796, 0.0, 0.998911, -0.046657, 0.750298, 0.0, 0.0, 0.0, 1.0],
                [1.0, 0.0, 0.0, 0.0, 0.0, -0.058598, -0.998282, 0.066308, 0.0, 0.998282, -0.058598, 0.750298, 0.0, 0.0, 0.0, 1.0],
                [1.0, 0.0, 0.0, 0.0, 0.0, -0.071194, -0.997463, 0.080568, 0.0, 0.997463, -0.071194, 0.750298, 0.0, 0.0, 0.0, 1.0],
                [1.0, 0.0, 0.0, 0.0, 0.0, -0.084222, -0.996447, 0.095326, 0.0, 0.996447, -0.084222, 0.750298, 0.0, 0.0, 0.0, 1.0],
                [1.0, 0.0, 0.0, 0.0, 0.0, -0.097457, -0.99524, 0.110335, 0.0, 0.99524, -0.097457, 0.750298, 0.0, 0.0, 0.0, 1.0],
                [1.0, 0.0, 0.0, 0.0, 0.0, -0.110678, -0.993856, 0.125345, 0.0, 0.993856, -0.110678, 0.750298, 0.0, 0.0, 0.0, 1.0],
                [1.0, 0.0, 0.0, 0.0, 0.0, -0.123663, -0.992324, 0.140109, 0.0, 0.992324, -0.123663, 0.750298, 0.0, 0.0, 0.0, 1.0],
                [1.0, 0.0, 0.0, 0.0, 0.0, -0.136191, -0.990683, 0.154378, 0.0, 0.990683, -0.136191, 0.750298, 0.0, 0.0, 0.0, 1.0],
                [1.0, 0.0, 0.0, 0.0, 0.0, -0.148044, -0.988981, 0.167904, 0.0, 0.988981, -0.148044, 0.750298, 0.0, 0.0, 0.0, 1.0],
                [1.0, 0.0, 0.0, 0.0, 0.0, -0.159006, -0.987278, 0.180438, 0.0, 0.987278, -0.159006, 0.750298, 0.0, 0.0, 0.0, 1.0],
                [1.0, 0.0, 0.0, 0.0, 0.0, -0.168864, -0.985639, 0.191732, 0.0, 0.985639, -0.168864, 0.750298, 0.0, 0.0, 0.0, 1.0],
                [1.0, 0.0, 0.0, 0.0, 0.0, -0.177406, -0.984138, 0.201537, 0.0, 0.984138, -0.177406, 0.750298, 0.0, 0.0, 0.0, 1.0],
                [1.0, 0.0, 0.0, 0.0, 0.0, -0.184424, -0.982847, 0.209605, 0.0, 0.982847, -0.184424, 0.750298, 0.0, 0.0, 0.0, 1.0],
                [1.0, 0.0, 0.0, 0.0, 0.0, -0.189706, -0.981841, 0.215687, 0.0, 0.981841, -0.189706, 0.750298, 0.0, 0.0, 0.0, 1.0],
                [1.0, 0.0, 0.0, 0.0, 0.0, -0.193767, -0.981048, 0.220368, 0.0, 0.981048, -0.193767, 0.750298, 0.0, 0.0, 0.0, 1.0],
                [1.0, 0.0, 0.0, 0.0, 0.0, -0.197284, -0.980346, 0.224425, 0.0, 0.980346, -0.197284, 0.750298, 0.0, 0.0, 0.0, 1.0],
                [1.0, 0.0, 0.0, 0.0, 0.0, -0.200297, -0.979735, 0.227904, 0.0, 0.979735, -0.200297, 0.750298, 0.0, 0.0, 0.0, 1.0],
                [1.0, 0.0, 0.0, 0.0, 0.0, -0.202845, -0.979211, 0.230849, 0.0, 0.979211, -0.202845, 0.750298, 0.0, 0.0, 0.0, 1.0],
                [1.0, 0.0, 0.0, 0.0, 0.0, -0.204969, -0.978768, 0.233305, 0.0, 0.978768, -0.204969, 0.750298, 0.0, 0.0, 0.0, 1.0],
                [1.0, 0.0, 0.0, 0.0, 0.0, -0.206707, -0.978403, 0.235315, 0.0, 0.978403, -0.206707, 0.750298, 0.0, 0.0, 0.0, 1.0],
                [1.0, 0.0, 0.0, 0.0, 0.0, -0.208097, -0.978108, 0.236925, 0.0, 0.978108, -0.208097, 0.750298, 0.0, 0.0, 0.0, 1.0],
                [1.0, 0.0, 0.0, 0.0, 0.0, -0.20918, -0.977877, 0.238178, 0.0, 0.977877, -0.20918, 0.750298, 0.0, 0.0, 0.0, 1.0],
                [1.0, 0.0, 0.0, 0.0, 0.0, -0.209994, -0.977703, 0.23912, 0.0, 0.977703, -0.209994, 0.750298, 0.0, 0.0, 0.0, 1.0],
                [1.0, 0.0, 0.0, 0.0, 0.0, -0.210577, -0.977577, 0.239795, 0.0, 0.977577, -0.210577, 0.750298, 0.0, 0.0, 0.0, 1.0],
                [1.0, 0.0, 0.0, 0.0, 0.0, -0.210967, -0.977493, 0.240248, 0.0, 0.977493, -0.210967, 0.750298, 0.0, 0.0, 0.0, 1.0],
                [1.0, 0.0, 0.0, 0.0, 0.0, -0.211204, -0.977442, 0.240522, 0.0, 0.977442, -0.211204, 0.750298, 0.0, 0.0, 0.0, 1.0],
                [1.0, 0.0, 0.0, 0.0, 0.0, -0.211326, -0.977416, 0.240663, 0.0, 0.977416, -0.211326, 0.750298, 0.0, 0.0, 0.0, 1.0],
                [1.0, 0.0, 0.0, 0.0, 0.0, -0.211371, -0.977406, 0.240715, 0.0, 0.977406, -0.211371, 0.750298, 0.0, 0.0, 0.0, 1.0],
                [1.0, 0.0, 0.0, 0.0, 0.0, -0.211377, -0.977405, 0.240722, 0.0, 0.977405, -0.211377, 0.750298, 0.0, 0.0, 0.0, 1.0],
                [1.0, 0.0, 0.0, 0.0, 0.0, -0.168803, -0.98565, 0.234669, 0.0, 0.98565, -0.168803, 0.73238, 0.0, 0.0, 0.0, 1.0],
                [1.0, 0.0, 0.0, 0.0, 0.0, -0.065588, -0.997847, 0.220235, 0.0, 0.997847, -0.065588, 0.689654, 0.0, 0.0, 0.0, 1.0],
                [1.0, 0.0, 0.0, 0.0, 0.0, 0.058832, -0.998268, 0.203007, 0.0, 0.998268, 0.058832, 0.638658, 0.0, 0.0, 0.0, 1.0],
                [1.0, 0.0, 0.0, 0.0, 0.0, 0.16213, -0.986769, 0.188573, 0.0, 0.986769, 0.16213, 0.595931, 0.0, 0.0, 0.0, 1.0],
                [1.0, 0.0, 0.0, 0.0, 0.0, 0.204756, -0.978813, 0.18252, 0.0, 0.978813, 0.204756, 0.578014, 0.0, 0.0, 0.0, 1.0],
                [1.0, 0.0, 0.0, 0.0, 0.0, 0.204748, -0.978815, 0.18252, 0.0, 0.978815, 0.204748, 0.578014, 0.0, 0.0, 0.0, 1.0],
                [1.0, 0.0, 0.0, 0.0, 0.0, 0.204741, -0.978816, 0.18252, 0.0, 0.978816, 0.204741, 0.578015, 0.0, 0.0, 0.0, 1.0],
                [1.0, 0.0, 0.0, 0.0, 0.0, 0.204735, -0.978817, 0.18252, 0.0, 0.978817, 0.204735, 0.578016, 0.0, 0.0, 0.0, 1.0],
                [1.0, 0.0, 0.0, 0.0, 0.0, 0.204729, -0.978819, 0.182521, 0.0, 0.978819, 0.204729, 0.578019, 0.0, 0.0, 0.0, 1.0],
                [1.0, 0.0, 0.0, 0.0, 0.0, 0.204722, -0.97882, 0.182522, 0.0, 0.97882, 0.204722, 0.578024, 0.0, 0.0, 0.0, 1.0],
                [1.0, 0.0, 0.0, 0.0, 0.0, 0.204715, -0.978822, 0.182523, 0.0, 0.978822, 0.204715, 0.578031, 0.0, 0.0, 0.0, 1.0],
                [1.0, 0.0, 0.0, 0.0, 0.0, 0.204707, -0.978823, 0.182525, 0.0, 0.978823, 0.204707, 0.578041, 0.0, 0.0, 0.0, 1.0],
                [1.0, 0.0, 0.0, 0.0, 0.0, 0.204697, -0.978825, 0.182528, 0.0, 0.978825, 0.204697, 0.578055, 0.0, 0.0, 0.0, 1.0],
                [1.0, 0.0, 0.0, 0.0, 0.0, 0.204685, -0.978828, 0.182531, 0.0, 0.978828, 0.204685, 0.578072, 0.0, 0.0, 0.0, 1.0],
                [1.0, 0.0, 0.0, 0.0, 0.0, 0.204671, -0.978831, 0.182535, 0.0, 0.978831, 0.204671, 0.578094, 0.0, 0.0, 0.0, 1.0],
                [1.0, 0.0, 0.0, 0.0, 0.0, 0.204654, -0.978834, 0.18254, 0.0, 0.978834, 0.204654, 0.578121, 0.0, 0.0, 0.0, 1.0],
                [1.0, 0.0, 0.0, 0.0, 0.0, 0.204633, -0.978839, 0.182546, 0.0, 0.978839, 0.204633, 0.578152, 0.0, 0.0, 0.0, 1.0],
                [1.0, 0.0, 0.0, 0.0, 0.0, 0.204609, -0.978844, 0.182553, 0.0, 0.978844, 0.204609, 0.57819, 0.0, 0.0, 0.0, 1.0],
                [1.0, 0.0, 0.0, 0.0, 0.0, 0.204581, -0.97885, 0.182561, 0.0, 0.97885, 0.204581, 0.578234, 0.0, 0.0, 0.0, 1.0],
                [1.0, 0.0, 0.0, 0.0, 0.0, 0.204549, -0.978856, 0.182571, 0.0, 0.978856, 0.204549, 0.578284, 0.0, 0.0, 0.0, 1.0],
                [1.0, 0.0, 0.0, 0.0, 0.0, 0.20446, -0.978875, 0.182598, 0.0, 0.978875, 0.20446, 0.578426, 0.0, 0.0, 0.0, 1.0],
                [1.0, 0.0, 0.0, 0.0, 0.0, 0.204265, -0.978915, 0.182657, 0.0, 0.978915, 0.204265, 0.578741, 0.0, 0.0, 0.0, 1.0],
                [1.0, 0.0, 0.0, 0.0, 0.0, 0.203967, -0.978978, 0.182748, 0.0, 0.978978, 0.203967, 0.579225, 0.0, 0.0, 0.0, 1.0],
                [1.0, 0.0, 0.0, 0.0, 0.0, 0.203566, -0.979061, 0.18287, 0.0, 0.979061, 0.203566, 0.579876, 0.0, 0.0, 0.0, 1.0],
                [1.0, 0.0, 0.0, 0.0, 0.0, 0.203065, -0.979165, 0.183024, 0.0, 0.979165, 0.203065, 0.580689, 0.0, 0.0, 0.0, 1.0],
                [1.0, 0.0, 0.0, 0.0, 0.0, 0.202466, -0.979289, 0.183207, 0.0, 0.979289, 0.202466, 0.581662, 0.0, 0.0, 0.0, 1.0],
                [1.0, 0.0, 0.0, 0.0, 0.0, 0.201771, -0.979433, 0.183419, 0.0, 0.979433, 0.201771, 0.582791, 0.0, 0.0, 0.0, 1.0],
                [1.0, 0.0, 0.0, 0.0, 0.0, 0.200983, -0.979595, 0.183661, 0.0, 0.979595, 0.200983, 0.584073, 0.0, 0.0, 0.0, 1.0],
                [1.0, 0.0, 0.0, 0.0, 0.0, 0.200102, -0.979775, 0.18393, 0.0, 0.979775, 0.200102, 0.585504, 0.0, 0.0, 0.0, 1.0],
                [1.0, 0.0, 0.0, 0.0, 0.0, 0.199131, -0.979973, 0.184227, 0.0, 0.979973, 0.199131, 0.587082, 0.0, 0.0, 0.0, 1.0],
                [1.0, 0.0, 0.0, 0.0, 0.0, 0.198073, -0.980187, 0.184551, 0.0, 0.980187, 0.198073, 0.588802, 0.0, 0.0, 0.0, 1.0],
                [1.0, 0.0, 0.0, 0.0, 0.0, 0.196929, -0.980418, 0.184901, 0.0, 0.980418, 0.196929, 0.590661, 0.0, 0.0, 0.0, 1.0],
                [1.0, 0.0, 0.0, 0.0, 0.0, 0.1957, -0.980664, 0.185276, 0.0, 0.980664, 0.1957, 0.592656, 0.0, 0.0, 0.0, 1.0],
                [1.0, 0.0, 0.0, 0.0, 0.0, 0.19439, -0.980924, 0.185677, 0.0, 0.980924, 0.19439, 0.594784, 0.0, 0.0, 0.0, 1.0],
                [1.0, 0.0, 0.0, 0.0, 0.0, 0.193, -0.981199, 0.186102, 0.0, 0.981199, 0.193, 0.597041, 0.0, 0.0, 0.0, 1.0],
                [1.0, 0.0, 0.0, 0.0, 0.0, 0.191532, -0.981486, 0.18655, 0.0, 0.981486, 0.191532, 0.599424, 0.0, 0.0, 0.0, 1.0],
                [1.0, 0.0, 0.0, 0.0, 0.0, 0.189988, -0.981786, 0.187022, 0.0, 0.981786, 0.189988, 0.601929, 0.0, 0.0, 0.0, 1.0],
                [1.0, 0.0, 0.0, 0.0, 0.0, 0.188371, -0.982098, 0.187516, 0.0, 0.982098, 0.188371, 0.604554, 0.0, 0.0, 0.0, 1.0],
                [1.0, 0.0, 0.0, 0.0, 0.0, 0.186681, -0.982421, 0.188031, 0.0, 0.982421, 0.186681, 0.607294, 0.0, 0.0, 0.0, 1.0],
                [1.0, 0.0, 0.0, 0.0, 0.0, 0.184921, -0.982753, 0.188568, 0.0, 0.982753, 0.184921, 0.610146, 0.0, 0.0, 0.0, 1.0],
                [1.0, 0.0, 0.0, 0.0, 0.0, 0.183094, -0.983095, 0.189126, 0.0, 0.983095, 0.183094, 0.613108, 0.0, 0.0, 0.0, 1.0],
                [1.0, 0.0, 0.0, 0.0, 0.0, 0.1812, -0.983446, 0.189703, 0.0, 0.983446, 0.1812, 0.616175, 0.0, 0.0, 0.0, 1.0],
                [1.0, 0.0, 0.0, 0.0, 0.0, 0.179243, -0.983805, 0.1903, 0.0, 0.983805, 0.179243, 0.619344, 0.0, 0.0, 0.0, 1.0],
                [1.0, 0.0, 0.0, 0.0, 0.0, 0.177223, -0.984171, 0.190915, 0.0, 0.984171, 0.177223, 0.622612, 0.0, 0.0, 0.0, 1.0],
                [1.0, 0.0, 0.0, 0.0, 0.0, 0.175144, -0.984543, 0.191548, 0.0, 0.984543, 0.175144, 0.625976, 0.0, 0.0, 0.0, 1.0],
                [1.0, 0.0, 0.0, 0.0, 0.0, 0.173007, -0.984921, 0.192198, 0.0, 0.984921, 0.173007, 0.629432, 0.0, 0.0, 0.0, 1.0],
                [1.0, 0.0, 0.0, 0.0, 0.0, 0.170814, -0.985303, 0.192866, 0.0, 0.985303, 0.170814, 0.632977, 0.0, 0.0, 0.0, 1.0],
                [1.0, 0.0, 0.0, 0.0, 0.0, 0.168567, -0.98569, 0.193549, 0.0, 0.98569, 0.168567, 0.636607, 0.0, 0.0, 0.0, 1.0],
                [1.0, 0.0, 0.0, 0.0, 0.0, 0.166268, -0.986081, 0.194248, 0.0, 0.986081, 0.166268, 0.640319, 0.0, 0.0, 0.0, 1.0],
                [1.0, 0.0, 0.0, 0.0, 0.0, 0.16392, -0.986474, 0.194961, 0.0, 0.986474, 0.16392, 0.644109, 0.0, 0.0, 0.0, 1.0],
                [1.0, 0.0, 0.0, 0.0, 0.0, 0.161524, -0.986869, 0.195689, 0.0, 0.986869, 0.161524, 0.647975, 0.0, 0.0, 0.0, 1.0],
                [1.0, 0.0, 0.0, 0.0, 0.0, 0.159082, -0.987265, 0.19643, 0.0, 0.987265, 0.159082, 0.651913, 0.0, 0.0, 0.0, 1.0],
                [1.0, 0.0, 0.0, 0.0, 0.0, 0.156596, -0.987663, 0.197184, 0.0, 0.987663, 0.156596, 0.655919, 0.0, 0.0, 0.0, 1.0],
                [1.0, 0.0, 0.0, 0.0, 0.0, 0.154069, -0.98806, 0.197951, 0.0, 0.98806, 0.154069, 0.659991, 0.0, 0.0, 0.0, 1.0],
                [1.0, 0.0, 0.0, 0.0, 0.0, 0.151502, -0.988457, 0.198729, 0.0, 0.988457, 0.151502, 0.664125, 0.0, 0.0, 0.0, 1.0],
                [1.0, 0.0, 0.0, 0.0, 0.0, 0.148898, -0.988853, 0.199518, 0.0, 0.988853, 0.148898, 0.668316, 0.0, 0.0, 0.0, 1.0],
                [1.0, 0.0, 0.0, 0.0, 0.0, 0.146258, -0.989246, 0.200317, 0.0, 0.989246, 0.146258, 0.672563, 0.0, 0.0, 0.0, 1.0],
                [1.0, 0.0, 0.0, 0.0, 0.0, 0.143585, -0.989638, 0.201126, 0.0, 0.989638, 0.143585, 0.676862, 0.0, 0.0, 0.0, 1.0],
                [1.0, 0.0, 0.0, 0.0, 0.0, 0.140881, -0.990027, 0.201944, 0.0, 0.990027, 0.140881, 0.681209, 0.0, 0.0, 0.0, 1.0],
                [1.0, 0.0, 0.0, 0.0, 0.0, 0.138147, -0.990412, 0.202771, 0.0, 0.990412, 0.138147, 0.685601, 0.0, 0.0, 0.0, 1.0],
                [1.0, 0.0, 0.0, 0.0, 0.0, 0.135387, -0.990793, 0.203606, 0.0, 0.990793, 0.135387, 0.690035, 0.0, 0.0, 0.0, 1.0],
                [1.0, 0.0, 0.0, 0.0, 0.0, 0.132601, -0.991169, 0.204447, 0.0, 0.991169, 0.132601, 0.694506, 0.0, 0.0, 0.0, 1.0],
                [1.0, 0.0, 0.0, 0.0, 0.0, 0.129793, -0.991541, 0.205296, 0.0, 0.991541, 0.129793, 0.699013, 0.0, 0.0, 0.0, 1.0],
                [1.0, 0.0, 0.0, 0.0, 0.0, 0.126963, -0.991907, 0.20615, 0.0, 0.991907, 0.126963, 0.703551, 0.0, 0.0, 0.0, 1.0],
                [1.0, 0.0, 0.0, 0.0, 0.0, 0.124115, -0.992268, 0.207009, 0.0, 0.992268, 0.124115, 0.708117, 0.0, 0.0, 0.0, 1.0],
                [1.0, 0.0, 0.0, 0.0, 0.0, 0.121251, -0.992622, 0.207874, 0.0, 0.992622, 0.121251, 0.712708, 0.0, 0.0, 0.0, 1.0],
                [1.0, 0.0, 0.0, 0.0, 0.0, 0.118372, -0.992969, 0.208742, 0.0, 0.992969, 0.118372, 0.717321, 0.0, 0.0, 0.0, 1.0],
                [1.0, 0.0, 0.0, 0.0, 0.0, 0.115481, -0.99331, 0.209613, 0.0, 0.99331, 0.115481, 0.721951, 0.0, 0.0, 0.0, 1.0],
                [1.0, 0.0, 0.0, 0.0, 0.0, 0.112579, -0.993643, 0.210488, 0.0, 0.993643, 0.112579, 0.726596, 0.0, 0.0, 0.0, 1.0],
                [1.0, 0.0, 0.0, 0.0, 0.0, 0.10967, -0.993968, 0.211364, 0.0, 0.993968, 0.10967, 0.731253, 0.0, 0.0, 0.0, 1.0],
                [1.0, 0.0, 0.0, 0.0, 0.0, 0.106754, -0.994285, 0.212242, 0.0, 0.994285, 0.106754, 0.735917, 0.0, 0.0, 0.0, 1.0],
                [1.0, 0.0, 0.0, 0.0, 0.0, 0.103835, -0.994595, 0.213121, 0.0, 0.994595, 0.103835, 0.740586, 0.0, 0.0, 0.0, 1.0],
                [1.0, 0.0, 0.0, 0.0, 0.0, 0.100914, -0.994895, 0.214, 0.0, 0.994895, 0.100914, 0.745256, 0.0, 0.0, 0.0, 1.0],
                [1.0, 0.0, 0.0, 0.0, 0.0, 0.097993, -0.995187, 0.214878, 0.0, 0.995187, 0.097993, 0.749923, 0.0, 0.0, 0.0, 1.0],
                [1.0, 0.0, 0.0, 0.0, 0.0, 0.095076, -0.99547, 0.215756, 0.0, 0.99547, 0.095076, 0.754586, 0.0, 0.0, 0.0, 1.0],
                [1.0, 0.0, 0.0, 0.0, 0.0, 0.092163, -0.995744, 0.216632, 0.0, 0.995744, 0.092163, 0.759239, 0.0, 0.0, 0.0, 1.0],
                [1.0, 0.0, 0.0, 0.0, 0.0, 0.089256, -0.996009, 0.217505, 0.0, 0.996009, 0.089256, 0.76388, 0.0, 0.0, 0.0, 1.0],
                [1.0, 0.0, 0.0, 0.0, 0.0, 0.086359, -0.996264, 0.218376, 0.0, 0.996264, 0.086359, 0.768505, 0.0, 0.0, 0.0, 1.0],
                [1.0, 0.0, 0.0, 0.0, 0.0, 0.083474, -0.99651, 0.219243, 0.0, 0.99651, 0.083474, 0.773111, 0.0, 0.0, 0.0, 1.0],
                [1.0, 0.0, 0.0, 0.0, 0.0, 0.080601, -0.996746, 0.220106, 0.0, 0.996746, 0.080601, 0.777695, 0.0, 0.0, 0.0, 1.0],
                [1.0, 0.0, 0.0, 0.0, 0.0, 0.077745, -0.996973, 0.220964, 0.0, 0.996973, 0.077745, 0.782253, 0.0, 0.0, 0.0, 1.0],
                [1.0, 0.0, 0.0, 0.0, 0.0, 0.074905, -0.997191, 0.221816, 0.0, 0.997191, 0.074905, 0.786782, 0.0, 0.0, 0.0, 1.0],
                [1.0, 0.0, 0.0, 0.0, 0.0, 0.072086, -0.997398, 0.222663, 0.0, 0.997398, 0.072086, 0.791278, 0.0, 0.0, 0.0, 1.0],
                [1.0, 0.0, 0.0, 0.0, 0.0, 0.069289, -0.997597, 0.223502, 0.0, 0.997597, 0.069289, 0.795739, 0.0, 0.0, 0.0, 1.0],
                [1.0, 0.0, 0.0, 0.0, 0.0, 0.066516, -0.997785, 0.224334, 0.0, 0.997785, 0.066516, 0.80016, 0.0, 0.0, 0.0, 1.0],
                [1.0, 0.0, 0.0, 0.0, 0.0, 0.063769, -0.997965, 0.225159, 0.0, 0.997965, 0.063769, 0.804539, 0.0, 0.0, 0.0, 1.0],
                [1.0, 0.0, 0.0, 0.0, 0.0, 0.061051, -0.998135, 0.225974, 0.0, 0.998135, 0.061051, 0.808871, 0.0, 0.0, 0.0, 1.0],
                [1.0, 0.0, 0.0, 0.0, 0.0, 0.058364, -0.998295, 0.22678, 0.0, 0.998295, 0.058364, 0.813154, 0.0, 0.0, 0.0, 1.0],
                [1.0, 0.0, 0.0, 0.0, 0.0, 0.055709, -0.998447, 0.227577, 0.0, 0.998447, 0.055709, 0.817385, 0.0, 0.0, 0.0, 1.0],
                [1.0, 0.0, 0.0, 0.0, 0.0, 0.053089, -0.99859, 0.228362, 0.0, 0.99859, 0.053089, 0.821559, 0.0, 0.0, 0.0, 1.0],
                [1.0, 0.0, 0.0, 0.0, 0.0, 0.050507, -0.998724, 0.229137, 0.0, 0.998724, 0.050507, 0.825674, 0.0, 0.0, 0.0, 1.0],
                [1.0, 0.0, 0.0, 0.0, 0.0, 0.047963, -0.998849, 0.2299, 0.0, 0.998849, 0.047963, 0.829726, 0.0, 0.0, 0.0, 1.0],
                [1.0, 0.0, 0.0, 0.0, 0.0, 0.045462, -0.998966, 0.23065, 0.0, 0.998966, 0.045462, 0.833712, 0.0, 0.0, 0.0, 1.0],
                [1.0, 0.0, 0.0, 0.0, 0.0, 0.043003, -0.999075, 0.231387, 0.0, 0.999075, 0.043003, 0.837628, 0.0, 0.0, 0.0, 1.0],
                [1.0, 0.0, 0.0, 0.0, 0.0, 0.04059, -0.999176, 0.232111, 0.0, 0.999176, 0.04059, 0.841472, 0.0, 0.0, 0.0, 1.0],
                [1.0, 0.0, 0.0, 0.0, 0.0, 0.038226, -0.999269, 0.23282, 0.0, 0.999269, 0.038226, 0.845239, 0.0, 0.0, 0.0, 1.0],
                [1.0, 0.0, 0.0, 0.0, 0.0, 0.035911, -0.999355, 0.233514, 0.0, 0.999355, 0.035911, 0.848926, 0.0, 0.0, 0.0, 1.0],
                [1.0, 0.0, 0.0, 0.0, 0.0, 0.033648, -0.999434, 0.234192, 0.0, 0.999434, 0.033648, 0.85253, 0.0, 0.0, 0.0, 1.0],
                [1.0, 0.0, 0.0, 0.0, 0.0, 0.031439, -0.999506, 0.234854, 0.0, 0.999506, 0.031439, 0.856048, 0.0, 0.0, 0.0, 1.0],
                [1.0, 0.0, 0.0, 0.0, 0.0, 0.029287, -0.999571, 0.235499, 0.0, 0.999571, 0.029287, 0.859476, 0.0, 0.0, 0.0, 1.0],
                [1.0, 0.0, 0.0, 0.0, 0.0, 0.027194, -0.99963, 0.236127, 0.0, 0.99963, 0.027194, 0.862811, 0.0, 0.0, 0.0, 1.0],
                [1.0, 0.0, 0.0, 0.0, 0.0, 0.025161, -0.999683, 0.236737, 0.0, 0.999683, 0.025161, 0.866049, 0.0, 0.0, 0.0, 1.0],
                [1.0, 0.0, 0.0, 0.0, 0.0, 0.02319, -0.999731, 0.237327, 0.0, 0.999731, 0.02319, 0.869187, 0.0, 0.0, 0.0, 1.0],
                [1.0, 0.0, 0.0, 0.0, 0.0, 0.021285, -0.999773, 0.237899, 0.0, 0.999773, 0.021285, 0.872223, 0.0, 0.0, 0.0, 1.0],
                [1.0, 0.0, 0.0, 0.0, 0.0, 0.019447, -0.999811, 0.23845, 0.0, 0.999811, 0.019447, 0.875151, 0.0, 0.0, 0.0, 1.0],
                [1.0, 0.0, 0.0, 0.0, 0.0, 0.017677, -0.999844, 0.23898, 0.0, 0.999844, 0.017677, 0.87797, 0.0, 0.0, 0.0, 1.0],
                [1.0, 0.0, 0.0, 0.0, 0.0, 0.015979, -0.999872, 0.23949, 0.0, 0.999872, 0.015979, 0.880675, 0.0, 0.0, 0.0, 1.0],
                [1.0, 0.0, 0.0, 0.0, 0.0, 0.014355, -0.999897, 0.239977, 0.0, 0.999897, 0.014355, 0.883263, 0.0, 0.0, 0.0, 1.0],
                [1.0, 0.0, 0.0, 0.0, 0.0, 0.012805, -0.999918, 0.240441, 0.0, 0.999918, 0.012805, 0.885731, 0.0, 0.0, 0.0, 1.0],
                [1.0, 0.0, 0.0, 0.0, 0.0, 0.011334, -0.999936, 0.240883, 0.0, 0.999936, 0.011334, 0.888076, 0.0, 0.0, 0.0, 1.0],
                [1.0, 0.0, 0.0, 0.0, 0.0, 0.009942, -0.999951, 0.2413, 0.0, 0.999951, 0.009942, 0.890294, 0.0, 0.0, 0.0, 1.0],
                [1.0, 0.0, 0.0, 0.0, 0.0, 0.008631, -0.999963, 0.241693, 0.0, 0.999963, 0.008631, 0.892382, 0.0, 0.0, 0.0, 1.0],
                [1.0, 0.0, 0.0, 0.0, 0.0, 0.007405, -0.999973, 0.242061, 0.0, 0.999973, 0.007405, 0.894336, 0.0, 0.0, 0.0, 1.0],
                [1.0, 0.0, 0.0, 0.0, 0.0, 0.006265, -0.99998, 0.242403, 0.0, 0.99998, 0.006265, 0.896153, 0.0, 0.0, 0.0, 1.0],
                [1.0, 0.0, 0.0, 0.0, 0.0, 0.005213, -0.999986, 0.242719, 0.0, 0.999986, 0.005213, 0.897829, 0.0, 0.0, 0.0, 1.0],
                [1.0, 0.0, 0.0, 0.0, 0.0, 0.004251, -0.999991, 0.243007, 0.0, 0.999991, 0.004251, 0.899363, 0.0, 0.0, 0.0, 1.0],
                [1.0, 0.0, 0.0, 0.0, 0.0, 0.003381, -0.999994, 0.243268, 0.0, 0.999994, 0.003381, 0.900748, 0.0, 0.0, 0.0, 1.0],
                [1.0, 0.0, 0.0, 0.0, 0.0, 0.002606, -0.999997, 0.243501, 0.0, 0.999997, 0.002606, 0.901984, 0.0, 0.0, 0.0, 1.0],
                [1.0, 0.0, 0.0, 0.0, 0.0, 0.001927, -0.999998, 0.243704, 0.0, 0.999998, 0.001927, 0.903066, 0.0, 0.0, 0.0, 1.0],
                [1.0, 0.0, 0.0, 0.0, 0.0, 0.001347, -0.999999, 0.243878, 0.0, 0.999999, 0.001347, 0.90399, 0.0, 0.0, 0.0, 1.0],
                [1.0, 0.0, 0.0, 0.0, 0.0, 0.000868, -1.0, 0.244022, 0.0, 1.0, 0.000868, 0.904754, 0.0, 0.0, 0.0, 1.0],
                [1.0, 0.0, 0.0, 0.0, 0.0, 0.000491, -1.0, 0.244135, 0.0, 1.0, 0.000491, 0.905355, 0.0, 0.0, 0.0, 1.0],
                [1.0, 0.0, 0.0, 0.0, 0.0, 0.00022, -1.0, 0.244217, 0.0, 1.0, 0.00022, 0.905787, 0.0, 0.0, 0.0, 1.0],
                [1.0, 0.0, 0.0, 0.0, 0.0, 5.5e-05, -1.0, 0.244266, 0.0, 1.0, 5.5e-05, 0.906049, 0.0, 0.0, 0.0, 1.0],
                [1.0, 0.0, 0.0, 0.0, 0.0, 0.0, -1.0, 0.244283, 0.0, 1.0, 0.0, 0.906138, 0.0, 0.0, 0.0, 1.0]
            ]
        },
        {
            "name": "body",
            "time": [0.0, 0.0167, 0.0333, 0.05, 0.0667, 0.0833, 0.1, 0.1167, 0.1333, 0.15, 0.1667, 0.1833, 0.2, 0.2167, 0.2333, 0.25, 0.2667, 0.2833, 0.3, 0.3167, 0.3333, 0.35, 0.3667, 0.3833, 0.4, 0.4167, 0.4333, 0.45, 0.4667, 0.4833, 0.5, 0.5167, 0.5333, 0.55, 0.5667, 0.5833, 0.6, 0.6167, 0.6333, 0.65, 0.6667, 0.6833, 0.7, 0.7167, 0.7333, 0.75, 0.7667, 0.7833, 0.8, 0.8167, 0.8333, 0.85, 0.8667, 0.8833, 0.9, 0.9167, 0.9333, 0.95, 0.9667, 0.9833, 1.0, 1.0167, 1.0333, 1.05, 1.0667, 1.0833, 1.1, 1.1167, 1.1333, 1.15, 1.1667, 1.1833, 1.2, 1.2167, 1.2333, 1.25, 1.2667, 1.2833, 1.3, 1.3167, 1.3333, 1.35, 1.3667, 1.3833, 1.4, 1.4167, 1.4333, 1.45, 1.4667, 1.4833, 1.5, 1.5167, 1.5333, 1.55, 1.5667, 1.5833, 1.6, 1.6167, 1.6333, 1.65, 1.6667, 1.6833, 1.7, 1.7167, 1.7333, 1.75, 1.7667, 1.7833, 1.8, 1.8167, 1.8333, 1.85, 1.8667, 1.8833, 1.9, 1.9167, 1.9333, 1.95, 1.9667, 1.9833, 2.0, 2.0167, 2.0333, 2.05, 2.0667, 2.0833, 2.1, 2.1167, 2.1333, 2.15, 2.1667, 2.1833, 2.2, 2.2167, 2.2333, 2.25, 2.2667, 2.2833, 2.3, 2.3167, 2.3333, 2.35, 2.3667, 2.3833, 2.4, 2.4167, 2.4333, 2.45, 2.4667, 2.4833, 2.5, 2.5167, 2.5333, 2.55, 2.5667, 2.5833, 2.6, 2.6167, 2.6333, 2.65, 2.6667],
            "transform": [
                [1.0, 0.0, 0.0, 0.0, 0.0, 0.981491, 0.19151, 0.084155, 0.0, -0.19151, 0.981491, 0.0, 0.0, 0.0, 0.0, 1.0],
                [1.0, 0.0, 0.0, 0.0, 0.0, 0.982052, 0.18861, 0.084155, 0.0, -0.18861, 0.982052, -0.0, 0.0, 0.0, 0.0, 1.0],
                [1.0, 0.0, 0.0, 0.0, 0.0, 0.98362, 0.180256, 0.084155, 0.0, -0.180256, 0.98362, -0.0, 0.0, 0.0, 0.0, 1.0],
                [1.0, 0.0, 0.0, 0.0, 0.0, 0.985964, 0.166955, 0.084155, 0.0, -0.166955, 0.985964, 0.0, 0.0, 0.0, 0.0, 1.0],
                [1.0, 0.0, 0.0, 0.0, 0.0, 0.988806, 0.149206, 0.084155, 0.0, -0.149206, 0.988806, 0.0, 0.0, 0.0, 0.0, 1.0],
                [1.0, 0.0, 0.0, 0.0, 0.0, 0.991838, 0.127506, 0.084155, 0.0, -0.127506, 0.991838, 0.0, 0.0, 0.0, 0.0, 1.0],
                [1.0, 0.0, 0.0, 0.0, 0.0, 0.994746, 0.102371, 0.084155, 0.0, -0.102371, 0.994746, 0.0, 0.0, 0.0, 0.0, 1.0],
                [1.0, 0.0, 0.0, 0.0, 0.0, 0.997234, 0.074331, 0.084155, 0.0, -0.074331, 0.997234, 0.0, 0.0, 0.0, 0.0, 1.0],
                [1.0, 0.0, 0.0, 0.0, 0.0, 0.999034, 0.043943, 0.084155, 0.0, -0.043943, 0.999034, -0.0, 0.0, 0.0, 0.0, 1.0],
                [1.0, 0.0, 0.0, 0.0, 0.0, 0.99993, 0.011788, 0.084155, 0.0, -0.011788, 0.99993, 0.0, 0.0, 0.0, 0.0, 1.0],
                [1.0, 0.0, 0.0, 0.0, 0.0, 0.999768, -0.021533, 0.084155, 0.0, 0.021533, 0.999768, -0.0, 0.0, 0.0, 0.0, 1.0],
                [1.0, 0.0, 0.0, 0.0, 0.0, 0.998464, -0.055408, 0.084155, 0.0, 0.055408, 0.998464, -0.0, 0.0, 0.0, 0.0, 1.0],
                [1.0, 0.0, 0.0, 0.0, 0.0, 0.996012, -0.089217, 0.084155, 0.0, 0.089217, 0.996012, -0.0, 0.0, 0.0, 0.0, 1.0],
                [1.0, 0.0, 0.0, 0.0, 0.0, 0.992487, -0.122345, 0.084155, 0.0, 0.122345, 0.992487, 0.0, 0.0, 0.0, 0.0, 1.0],
                [1.0, 0.0, 0.0, 0.0, 0.0, 0.98804, -0.154195, 0.084155, 0.0, 0.154195, 0.98804, 0.0, 0.0, 0.0, 0.0, 1.0],
                [1.0, 0.0, 0.0, 0.0, 0.0, 0.982891, -0.184189, 0.084155, 0.0, 0.184189, 0.982891, -0.0, 0.0, 0.0, 0.0, 1.0],
                [1.0, 0.0, 0.0, 0.0, 0.0, 0.977318, -0.211776, 0.084155, 0.0, 0.211776, 0.977318, -0.0, 0.0, 0.0, 0.0, 1.0],
                [1.0, 0.0, 0.0, 0.0, 0.0, 0.971646, -0.236439, 0.084155, 0.0, 0.236439, 0.971646, 0.0, 0.0, 0.0, 0.0, 1.0],
                [1.0, 0.0, 0.0, 0.0, 0.0, 0.96623, -0.257683, 0.084155, 0.0, 0.257683, 0.96623, 0.0, 0.0, 0.0, 0.0, 1.0],
                [1.0, 0.0, 0.0, 0.0, 0.0, 0.961434, -0.275038, 0.084155, 0.0, 0.275038, 0.961434, 0.0, 0.0, 0.0, 0.0, 1.0],
                [1.0, 0.0, 0.0, 0.0, 0.0, 0.957617, -0.288045, 0.084155, 0.0, 0.288045, 0.957617, 0.0, 0.0, 0.0, 0.0, 1.0],
                [1.0, 0.0, 0.0, 0.0, 0.0, 0.954564, -0.298005, 0.084155, 0.0, 0.298005, 0.954564, -0.0, 0.0, 0.0, 0.0, 1.0],
                [1.0, 0.0, 0.0, 0.0, 0.0, 0.951839, -0.306599, 0.084155, 0.0, 0.306599, 0.951839, -0.0, 0.0, 0.0, 0.0, 1.0],
                [1.0, 0.0, 0.0, 0.0, 0.0, 0.949443, -0.313939, 0.084155, 0.0, 0.313939, 0.949443, 0.0, 0.0, 0.0, 0.0, 1.0],
                [1.0, 0.0, 0.0, 0.0, 0.0, 0.947372, -0.320136, 0.084155, 0.0, 0.320136, 0.947372, -0.0, 0.0, 0.0, 0.0, 1.0],
                [1.0, 0.0, 0.0, 0.0, 0.0, 0.945613, -0.325295, 0.084155, 0.0, 0.325295, 0.945613, -0.0, 0.0, 0.0, 0.0, 1.0],
                [1.0, 0.0, 0.0, 0.0, 0.0, 0.944148, -0.329522, 0.084155, 0.0, 0.329522, 0.944148, -0.0, 0.0, 0.0, 0.0, 1.0],
                [1.0, 0.0, 0.0, 0.0, 0.0, 0.942955, -0.332921, 0.084155, 0.0, 0.332921, 0.942955, 0.0, 0.0, 0.0, 0.0, 1.0],
                [1.0, 0.0, 0.0, 0.0, 0.0, 0.942008, -0.335591, 0.084155, 0.0, 0.335591, 0.942008, -0.0, 0.0, 0.0, 0.0, 1.0],
                [1.0, 0.0, 0.0, 0.0, 0.0, 0.941277, -0.337634, 0.084155, 0.0, 0.337634, 0.941277, 0.0, 0.0, 0.0, 0.0, 1.0],
                [1.0, 0.0, 0.0, 0.0, 0.0, 0.940733, -0.339148, 0.084155, 0.0, 0.339148, 0.940733, -0.0, 0.0, 0.0, 0.0, 1.0],
                [1.0, 0.0, 0.0, 0.0, 0.0, 0.940342, -0.340231, 0.084155, 0.0, 0.340231, 0.940342, 0.0, 0.0, 0.0, 0.0, 1.0],
                [1.0, 0.0, 0.0, 0.0, 0.0, 0.940071, -0.340979, 0.084155, 0.0, 0.340979, 0.940071, 0.0, 0.0, 0.0, 0.0, 1.0],
                [1.0, 0.0, 0.0, 0.0, 0.0, 0.939886, -0.34149, 0.084155, 0.0, 0.34149, 0.939886, -0.0, 0.0, 0.0, 0.0, 1.0],
                [1.0, 0.0, 0.0, 0.0, 0.0, 0.939751, -0.34186, 0.084155, 0.0, 0.34186, 0.939751, 0.0, 0.0, 0.0, 0.0, 1.0],
                [1.0, 0.0, 0.0, 0.0, 0.0, 0.939632, -0.342187, 0.084155, 0.0, 0.342187, 0.939632, -0.0, 0.0, 0.0, 0.0, 1.0],
                [1.0, 0.0, 0.0, 0.0, 0.0, 0.966992, -0.254805, 0.084155, 0.0, 0.254805, 0.966992, 0.0, 0.0, 0.0, 0.0, 1.0],
                [1.0, 0.0, 0.0, 0.0, 0.0, 0.999453, -0.033076, 0.084155, 0.0, 0.033076, 0.999453, -0.0, 0.0, 0.0, 0.0, 1.0],
                [1.0, 0.0, 0.0, 0.0, 0.0, 0.971584, 0.236696, 0.084155, 0.0, -0.236696, 0.971584, -0.0, 0.0, 0.0, 0.0, 1.0],
                [1.0, 0.0, 0.0, 0.0, 0.0, 0.894566, 0.446936, 0.084155, 0.0, -0.446936, 0.894566, 0.0, 0.0, 0.0, 0.0, 1.0],
                [1.0, 0.0, 0.0, 0.0, 0.0, 0.849885, 0.526968, 0.084155, 0.0, -0.526968, 0.849885, 0.0, 0.0, 0.0, 0.0, 1.0],
                [1.0, 0.0, 0.0, 0.0, 0.0, 0.849885, 0.526968, 0.084155, 0.0, -0.526968, 0.849885, 0.0, 0.0, 0.0, 0.0, 1.0],
                [1.0, 0.0, 0.0, 0.0, 0.0, 0.849886, 0.526967, 0.084155, 0.0, -0.526967, 0.849886, 0.0, 0.0, 0.0, 0.0, 1.0],
                [1.0, 0.0, 0.0, 0.0, 0.0, 0.849887, 0.526965, 0.084155, 0.0, -0.526965, 0.849887, 0.0, 0.0, 0.0, 0.0, 1.0],
                [1.0, 0.0, 0.0, 0.0, 0.0, 0.84989, 0.52696, 0.084155, 0.0, -0.52696, 0.84989, 0.0, 0.0, 0.0, 0.0, 1.0],
                [1.0, 0.0, 0.0, 0.0, 0.0, 0.849894, 0.526954, 0.084155, 0.0, -0.526954, 0.849894, -0.0, 0.0, 0.0, 0.0, 1.0],
                [1.0, 0.0, 0.0, 0.0, 0.0, 0.849901, 0.526943, 0.084155, 0.0, -0.526943, 0.849901, 0.0, 0.0, 0.0, 0.0, 1.0],
                [1.0, 0.0, 0.0, 0.0, 0.0, 0.849909, 0.526929, 0.084155, 0.0, -0.526929, 0.849909, 0.0, 0.0, 0.0, 0.0, 1.0],
                [1.0, 0.0, 0.0, 0.0, 0.0, 0.849921, 0.52691, 0.084155, 0.0, -0.52691, 0.849921, 0.0, 0.0, 0.0, 0.0, 1.0],
                [1.0, 0.0, 0.0, 0.0, 0.0, 0.849937, 0.526885, 0.084155, 0.0, -0.526885, 0.849937, -0.0, 0.0, 0.0, 0.0, 1.0],
                [1.0, 0.0, 0.0, 0.0, 0.0, 0.849956, 0.526854, 0.084155, 0.0, -0.526854, 0.849956, -0.0, 0.0, 0.0, 0.0, 1.0],
                [1.0, 0.0, 0.0, 0.0, 0.0, 0.849979, 0.526816, 0.084155, 0.0, -0.526816, 0.849979, 0.0, 0.0, 0.0, 0.0, 1.0],
                [1.0, 0.0, 0.0, 0.0, 0.0, 0.850007, 0.526771, 0.084155, 0.0, -0.526771, 0.850007, -0.0, 0.0, 0.0, 0.0, 1.0],
                [1.0, 0.0, 0.0, 0.0, 0.0, 0.85004, 0.526718, 0.084155, 0.0, -0.526718, 0.85004, -0.0, 0.0, 0.0, 0.0, 1.0],
                [1.0, 0.0, 0.0, 0.0, 0.0, 0.850079, 0.526656, 0.084155, 0.0, -0.526656, 0.850079, -0.0, 0.0, 0.0, 0.0, 1.0],
                [1.0, 0.0, 0.0, 0.0, 0.0, 0.850123, 0.526584, 0.084155, 0.0, -0.526584, 0.850123, -0.0, 0.0, 0.0, 0.0, 1.0],
                [1.0, 0.0, 0.0, 0.0, 0.0, 0.850248, 0.526383, 0.084155, 0.0, -0.526383, 0.850248, 0.0, 0.0, 0.0, 0.0, 1.0],
                [1.0, 0.0, 0.0, 0.0, 0.0, 0.850524, 0.525936, 0.084155, 0.0, -0.525936, 0.850524, -0.0, 0.0, 0.0, 0.0, 1.0],
                [1.0, 0.0, 0.0, 0.0, 0.0, 0.850949, 0.525248, 0.084155, 0.0, -0.525248, 0.850949, 0.0, 0.0, 0.0, 0.0, 1.0],
                [1.0, 0.0, 0.0, 0.0, 0.0, 0.85152, 0.524322, 0.084155, 0.0, -0.524322, 0.85152, 0.0, 0.0, 0.0, 0.0, 1.0],
                [1.0, 0.0, 0.0, 0.0, 0.0, 0.852232, 0.523165, 0.084155, 0.0, -0.523165, 0.852232, 0.0, 0.0, 0.0, 0.0, 1.0],
                [1.0, 0.0, 0.0, 0.0, 0.0, 0.853081, 0.521778, 0.084155, 0.0, -0.521778, 0.853081, -0.0, 0.0, 0.0, 0.0, 1.0],
                [1.0, 0.0, 0.0, 0.0, 0.0, 0.854064, 0.520167, 0.084155, 0.0, -0.520167, 0.854064, -0.0, 0.0, 0.0, 0.0, 1.0],
                [1.0, 0.0, 0.0, 0.0, 0.0, 0.855177, 0.518336, 0.084155, 0.0, -0.518336, 0.855177, -0.0, 0.0, 0.0, 0.0, 1.0],
                [1.0, 0.0, 0.0, 0.0, 0.0, 0.856416, 0.516287, 0.084155, 0.0, -0.516287, 0.856416, 0.0, 0.0, 0.0, 0.0, 1.0],
                [1.0, 0.0, 0.0, 0.0, 0.0, 0.857775, 0.514025, 0.084155, 0.0, -0.514025, 0.857775, 0.0, 0.0, 0.0, 0.0, 1.0],
                [1.0, 0.0, 0.0, 0.0, 0.0, 0.859251, 0.511554, 0.084155, 0.0, -0.511554, 0.859251, -0.0, 0.0, 0.0, 0.0, 1.0],
                [1.0, 0.0, 0.0, 0.0, 0.0, 0.86084, 0.508876, 0.084155, 0.0, -0.508876, 0.86084, 0.0, 0.0, 0.0, 0.0, 1.0],
                [1.0, 0.0, 0.0, 0.0, 0.0, 0.862536, 0.505996, 0.084155, 0.0, -0.505996, 0.862536, -0.0, 0.0, 0.0, 0.0, 1.0],
                [1.0, 0.0, 0.0, 0.0, 0.0, 0.864334, 0.502918, 0.084155, 0.0, -0.502918, 0.864334, 0.0, 0.0, 0.0, 0.0, 1.0],
                [1.0, 0.0, 0.0, 0.0, 0.0, 0.866231, 0.499644, 0.084155, 0.0, -0.499644, 0.866231, 0.0, 0.0, 0.0, 0.0, 1.0],
                [1.0, 0.0, 0.0, 0.0, 0.0, 0.868221, 0.496177, 0.084155, 0.0, -0.496177, 0.868221, 0.0, 0.0, 0.0, 0.0, 1.0],
                [1.0, 0.0, 0.0, 0.0, 0.0, 0.8703, 0.492523, 0.084155, 0.0, -0.492523, 0.8703, -0.0, 0.0, 0.0, 0.0, 1.0],
                [1.0, 0.0, 0.0, 0.0, 0.0, 0.872461, 0.488683, 0.084155, 0.0, -0.488683, 0.872461, -0.0, 0.0, 0.0, 0.0, 1.0],
                [1.0, 0.0, 0.0, 0.0, 0.0, 0.874702, 0.484662, 0.084155, 0.0, -0.484662, 0.874702, -0.0, 0.0, 0.0, 0.0, 1.0],
                [1.0, 0.0, 0.0, 0.0, 0.0, 0.877015, 0.480462, 0.084155, 0.0, -0.480462, 0.877015, 0.0, 0.0, 0.0, 0.0, 1.0],
                [1.0, 0.0, 0.0, 0.0, 0.0, 0.879397, 0.476089, 0.084155, 0.0, -0.476089, 0.879397, -0.0, 0.0, 0.0, 0.0, 1.0],
                [1.0, 0.0, 0.0, 0.0, 0.0, 0.881843, 0.471544, 0.084155, 0.0, -0.471544, 0.881843, 0.0, 0.0, 0.0, 0.0, 1.0],
                [1.0, 0.0, 0.0, 0.0, 0.0, 0.884346, 0.466832, 0.084155, 0.0, -0.466832, 0.884346, -0.0, 0.0, 0.0, 0.0, 1.0],
                [1.0, 0.0, 0.0, 0.0, 0.0, 0.886903, 0.461956, 0.084155, 0.0, -0.461956, 0.886903, -0.0, 0.0, 0.0, 0.0, 1.0],
                [1.0, 0.0, 0.0, 0.0, 0.0, 0.889508, 0.45692, 0.084155, 0.0, -0.45692, 0.889508, -0.0, 0.0, 0.0, 0.0, 1.0],
                [1.0, 0.0, 0.0, 0.0, 0.0, 0.892156, 0.451729, 0.084155, 0.0, -0.451729, 0.892156, -0.0, 0.0, 0.0, 0.0, 1.0],
                [1.0, 0.0, 0.0, 0.0, 0.0, 0.894841, 0.446384, 0.084155, 0.0, -0.446384, 0.894841, -0.0, 0.0, 0.0, 0.0, 1.0],
                [1.0, 0.0, 0.0, 0.0, 0.0, 0.897561, 0.440891, 0.084155, 0.0, -0.440891, 0.897561, -0.0, 0.0, 0.0, 0.0, 1.0],
                [1.0, 0.0, 0.0, 0.0, 0.0, 0.900307, 0.435255, 0.084155, 0.0, -0.435255, 0.900307, -0.0, 0.0, 0.0, 0.0, 1.0],
                [1.0, 0.0, 0.0, 0.0, 0.0, 0.903078, 0.429477, 0.084155, 0.0, -0.429477, 0.903078, 0.0, 0.0, 0.0, 0.0, 1.0],
                [1.0, 0.0, 0.0, 0.0, 0.0, 0.905866, 0.423564, 0.084155, 0.0, -0.423564, 0.905866, -0.0, 0.0, 0.0, 0.0, 1.0],
                [1.0, 0.0, 0.0, 0.0, 0.0, 0.908668, 0.417519, 0.084155, 0.0, -0.417519, 0.908668, 0.0, 0.0, 0.0, 0.0, 1.0],
                [1.0, 0.0, 0.0, 0.0, 0.0, 0.911479, 0.411346, 0.084155, 0.0, -0.411346, 0.911479, 0.0, 0.0, 0.0, 0.0, 1.0],
                [1.0, 0.0, 0.0, 0.0, 0.0, 0.914294, 0.40505, 0.084155, 0.0, -0.40505, 0.914294, -0.0, 0.0, 0.0, 0.0, 1.0],
                [1.0, 0.0, 0.0, 0.0, 0.0, 0.917109, 0.398636, 0.084155, 0.0, -0.398636, 0.917109, 0.0, 0.0, 0.0, 0.0, 1.0],
                [1.0, 0.0, 0.0, 0.0, 0.0, 0.919919, 0.392108, 0.084155, 0.0, -0.392108, 0.919919, 0.0, 0.0, 0.0, 0.0, 1.0],
                [1.0, 0.0, 0.0, 0.0, 0.0, 0.92272, 0.385471, 0.084155, 0.0, -0.385471, 0.92272, -0.0, 0.0, 0.0, 0.0, 1.0],
                [1.0, 0.0, 0.0, 0.0, 0.0, 0.925507, 0.378731, 0.084155, 0.0, -0.378731, 0.925507, 0.0, 0.0, 0.0, 0.0, 1.0],
                [1.0, 0.0, 0.0, 0.0, 0.0, 0.928276, 0.371891, 0.084155, 0.0, -0.371891, 0.928276, -0.0, 0.0, 0.0, 0.0, 1.0],
                [1.0, 0.0, 0.0, 0.0, 0.0, 0.931024, 0.364957, 0.084155, 0.0, -0.364957, 0.931024, 0.0, 0.0, 0.0, 0.0, 1.0],
                [1.0, 0.0, 0.0, 0.0, 0.0, 0.933747, 0.357934, 0.084155, 0.0, -0.357934, 0.933747, 0.0, 0.0, 0.0, 0.0, 1.0],
                [1.0, 0.0, 0.0, 0.0, 0.0, 0.93644, 0.350828, 0.084155, 0.0, -0.350828, 0.93644, -0.0, 0.0, 0.0, 0.0, 1.0],
                [1.0, 0.0, 0.0, 0.0, 0.0, 0.9391, 0.343644, 0.084155, 0.0, -0.343644, 0.9391, -0.0, 0.0, 0.0, 0.0, 1.0],
                [1.0, 0.0, 0.0, 0.0, 0.0, 0.941724, 0.336387, 0.084155, 0.0, -0.336387, 0.941724, -0.0, 0.0, 0.0, 0.0, 1.0],
                [1.0, 0.0, 0.0, 0.0, 0.0, 0.944308, 0.329063, 0.084155, 0.0, -0.329063, 0.944308, -0.0, 0.0, 0.0, 0.0, 1.0],
                [1.0, 0.0, 0.0, 0.0, 0.0, 0.946849, 0.321678, 0.084155, 0.0, -0.321678, 0.946849, 0.0, 0.0, 0.0, 0.0, 1.0],
                [1.0, 0.0, 0.0, 0.0, 0.0, 0.949345, 0.314237, 0.084155, 0.0, -0.314237, 0.949345, 0.0, 0.0, 0.0, 0.0, 1.0],
                [1.0, 0.0, 0.0, 0.0, 0.0, 0.951792, 0.306746, 0.084155, 0.0, -0.306746, 0.951792, 0.0, 0.0, 0.0, 0.0, 1.0],
                [1.0, 0.0, 0.0, 0.0, 0.0, 0.954187, 0.299211, 0.084155, 0.0, -0.299211, 0.954187, -0.0, 0.0, 0.0, 0.0, 1.0],
                [1.0, 0.0, 0.0, 0.0, 0.0, 0.956529, 0.291639, 0.084155, 0.0, -0.291639, 0.956529, 0.0, 0.0, 0.0, 0.0, 1.0],
                [1.0, 0.0, 0.0, 0.0, 0.0, 0.958814, 0.284035, 0.084155, 0.0, -0.284035, 0.958814, -0.0, 0.0, 0.0, 0.0, 1.0],
                [1.0, 0.0, 0.0, 0.0, 0.0, 0.961041, 0.276405, 0.084155, 0.0, -0.276405, 0.961041, 0.0, 0.0, 0.0, 0.0, 1.0],
                [1.0, 0.0, 0.0, 0.0, 0.0, 0.963209, 0.268755, 0.084155, 0.0, -0.268755, 0.963209, 0.0, 0.0, 0.0, 0.0, 1.0],
                [1.0, 0.0, 0.0, 0.0, 0.0, 0.965314, 0.261093, 0.084155, 0.0, -0.261093, 0.965314, 0.0, 0.0, 0.0, 0.0, 1.0],
                [1.0, 0.0, 0.0, 0.0, 0.0, 0.967356, 0.253423, 0.084155, 0.0, -0.253423, 0.967356, 0.0, 0.0, 0.0, 0.0, 1.0],
                [1.0, 0.0, 0.0, 0.0, 0.0, 0.969332, 0.245754, 0.084155, 0.0, -0.245754, 0.969332, 0.0, 0.0, 0.0, 0.0, 1.0],
                [1.0, 0.0, 0.0, 0.0, 0.0, 0.971244, 0.238089, 0.084155, 0.0, -0.238089, 0.971244, -0.0, 0.0, 0.0, 0.0, 1.0],
                [1.0, 0.0, 0.0, 0.0, 0.0, 0.973087, 0.230437, 0.084155, 0.0, -0.230437, 0.973087, 0.0, 0.0, 0.0, 0.0, 1.0],
                [1.0, 0.0, 0.0, 0.0, 0.0, 0.974863, 0.222804, 0.084155, 0.0, -0.222804, 0.974863, 0.0, 0.0, 0.0, 0.0, 1.0],
                [1.0, 0.0, 0.0, 0.0, 0.0, 0.976571, 0.215196, 0.084155, 0.0, -0.215196, 0.976571, -0.0, 0.0, 0.0, 0.0, 1.0],
                [1.0, 0.0, 0.0, 0.0, 0.0, 0.97821, 0.207619, 0.084155, 0.0, -0.207619, 0.97821, 0.0, 0.0, 0.0, 0.0, 1.0],
                [1.0, 0.0, 0.0, 0.0, 0.0, 0.979779, 0.200081, 0.084155, 0.0, -0.200081, 0.979779, 0.0, 0.0, 0.0, 0.0, 1.0],
                [1.0, 0.0, 0.0, 0.0, 0.0, 0.98128, 0.192587, 0.084155, 0.0, -0.192587, 0.98128, 0.0, 0.0, 0.0, 0.0, 1.0],
                [1.0, 0.0, 0.0, 0.0, 0.0, 0.982711, 0.185144, 0.084155, 0.0, -0.185144, 0.982711, 0.0, 0.0, 0.0, 0.0, 1.0],
                [1.0, 0.0, 0.0, 0.0, 0.0, 0.984074, 0.177759, 0.084155, 0.0, -0.177759, 0.984074, 0.0, 0.0, 0.0, 0.0, 1.0],
                [1.0, 0.0, 0.0, 0.0, 0.0, 0.985368, 0.170438, 0.084155, 0.0, -0.170438, 0.985368, 0.0, 0.0, 0.0, 0.0, 1.0],
                [1.0, 0.0, 0.0, 0.0, 0.0, 0.986596, 0.163187, 0.084155, 0.0, -0.163187, 0.986596, 0.0, 0.0, 0.0, 0.0, 1.0],
                [1.0, 0.0, 0.0, 0.0, 0.0, 0.987755, 0.156013, 0.084155, 0.0, -0.156013, 0.987755, 0.0, 0.0, 0.0, 0.0, 1.0],
                [1.0, 0.0, 0.0, 0.0, 0.0, 0.988849, 0.148923, 0.084155, 0.0, -0.148923, 0.988849, 0.0, 0.0, 0.0, 0.0, 1.0],
                [1.0, 0.0, 0.0, 0.0, 0.0, 0.989878, 0.141922, 0.084155, 0.0, -0.141922, 0.989878, 0.0, 0.0, 0.0, 0.0, 1.0],
                [1.0, 0.0, 0.0, 0.0, 0.0, 0.990843, 0.135017, 0.084155, 0.0, -0.135017, 0.990843, 0.0, 0.0, 0.0, 0.0, 1.0],
                [1.0, 0.0, 0.0, 0.0, 0.0, 0.991746, 0.128215, 0.084155, 0.0, -0.128215, 0.991746, -0.0, 0.0, 0.0, 0.0, 1.0],
                [1.0, 0.0, 0.0, 0.0, 0.0, 0.992589, 0.121521, 0.084155, 0.0, -0.121521, 0.992589, 0.0, 0.0, 0.0, 0.0, 1.0],
                [1.0, 0.0, 0.0, 0.0, 0.0, 0.993372, 0.114942, 0.084155, 0.0, -0.114942, 0.993372, 0.0, 0.0, 0.0, 0.0, 1.0],
                [1.0, 0.0, 0.0, 0.0, 0.0, 0.994098, 0.108485, 0.084155, 0.0, -0.108485, 0.994098, 0.0, 0.0, 0.0, 0.0, 1.0],
                [1.0, 0.0, 0.0, 0.0, 0.0, 0.994769, 0.102154, 0.084155, 0.0, -0.102154, 0.994769, 0.0, 0.0, 0.0, 0.0, 1.0],
                [1.0, 0.0, 0.0, 0.0, 0.0, 0.995386, 0.095957, 0.084155, 0.0, -0.095957, 0.995386, 0.0, 0.0, 0.0, 0.0, 1.0],
                [1.0, 0.0, 0.0, 0.0, 0.0, 0.995951, 0.0899, 0.084155, 0.0, -0.0899, 0.995951, 0.0, 0.0, 0.0, 0.0, 1.0],
                [1.0, 0.0, 0.0, 0.0, 0.0, 0.996467, 0.083987, 0.084155, 0.0, -0.083987, 0.996467, -0.0, 0.0, 0.0, 0.0, 1.0],
