{
    "animation": [
        {
            "name": "Root",
            "time": [0.0, 0.0167, 0.0333, 0.05, 0.0667, 0.0833, 0.1, 0.1167, 0.1333, 0.15, 0.1667, 0.1833, 0.2, 0.2167, 0.2333, 0.25, 0.2667, 0.2833, 0.3, 0.3167, 0.3333, 0.35, 0.3667, 0.3833, 0.4, 0.4167, 0.4333, 0.45, 0.4667, 0.4833, 0.5, 0.5167, 0.5333, 0.55, 0.5667, 0.5833, 0.6, 0.6167, 0.6333, 0.65, 0.6667, 0.6833, 0.7, 0.7167, 0.7333, 0.75, 0.7667, 0.7833, 0.8, 0.8167, 0.8333, 0.85, 0.8667, 0.8833, 0.9, 0.9167, 0.9333, 0.95, 0.9667, 0.9833, 1.0, 1.0167, 1.0333, 1.05, 1.0667, 1.0833, 1.1, 1.1167, 1.1333, 1.15, 1.1667, 1.1833, 1.2, 1.2167, 1.2333, 1.25, 1.2667, 1.2833, 1.3, 1.3167, 1.3333, 1.35, 1.3667, 1.3833, 1.4, 1.4167, 1.4333, 1.45, 1.4667, 1.4833, 1.5, 1.5167, 1.5333, 1.55, 1.5667, 1.5833, 1.6, 1.6167, 1.6333, 1.65, 1.6667, 1.6833, 1.7, 1.7167, 1.7333, 1.75, 1.7667, 1.7833, 1.8, 1.8167, 1.8333, 1.85, 1.8667, 1.8833, 1.9, 1.9167, 1.9333, 1.95, 1.9667, 1.9833, 2.0, 2.0167, 2.0333, 2.05, 2.0667, 2.0833, 2.1, 2.1167, 2.1333, 2.15, 2.1667, 2.1833, 2.2, 2.2167, 2.2333, 2.25, 2.2667, 2.2833, 2.3, 2.3167, 2.3333, 2.35, 2.3667, 2.3833, 2.4, 2.4167, 2.4333, 2.45, 2.4667, 2.4833, 2.5, 2.5167, 2.5333, 2.55, 2.5667, 2.5833, 2.6, 2.6167, 2.6333, 2.65, 2.6667, 2.6833, 2.7, 2.7167, 2.7333, 2.75, 2.7667, 2.7833, 2.8, 2.8167, 2.8333],
            "transform": [
                [0.973645, 0.175153, -0.146074, 0.0, -0.141087, -0.040662, -0.989162, 0.0, -0.179194, 0.983701, -0.014879, 0.579273, 0.0, 0.0, 0.0, 1.0],
                [0.973826, 0.174561, -0.145571, 0.0, -0.140612, -0.040511, -0.989236, 0.001251, -0.178579, 0.983813, -0.014905, 0.580034, 0.0, 0.0, 0.0, 1.0],
                [0.97435, 0.172843, -0.144109, 0.0, -0.139234, -0.040073, -0.989448, 0.004878, -0.176794, 0.984134, -0.01498, 0.582247, 0.0, 0.0, 0.0, 1.0],
                [0.975181, 0.170079, -0.141761, 0.0, -0.137016, -0.039376, -0.989786, 0.010693, -0.173923, 0.984643, -0.015095, 0.585801, 0.0, 0.0, 0.0, 1.0],
                [0.976278, 0.166351, -0.138595, 0.0, -0.134025, -0.038447, -0.990232, 0.018509, -0.170054, 0.985317, -0.015239, 0.590588, 0.0, 0.0, 0.0, 1.0],
                [0.9776, 0.161739, -0.134684, 0.0, -0.130324, -0.037316, -0.990769, 0.028136, -0.165272, 0.986128, -0.015402, 0.596498, 0.0, 0.0, 0.0, 1.0],
                [0.979101, 0.156324, -0.130096, 0.0, -0.125977, -0.036015, -0.991379, 0.039388, -0.159662, 0.987049, -0.015569, 0.603423, 0.0, 0.0, 0.0, 1.0],
                [0.980736, 0.150186, -0.124902, 0.0, -0.121048, -0.034574, -0.992044, 0.052075, -0.153309, 0.988053, -0.015729, 0.611252, 0.0, 0.0, 0.0, 1.0],
                [0.982462, 0.143405, -0.119174, 0.0, -0.115601, -0.033025, -0.992747, 0.066011, -0.146301, 0.989113, -0.015868, 0.619876, 0.0, 0.0, 0.0, 1.0],
                [0.984236, 0.136065, -0.112983, 0.0, -0.109703, -0.031396, -0.993468, 0.081007, -0.138723, 0.990202, -0.015974, 0.629187, 0.0, 0.0, 0.0, 1.0],
                [0.986018, 0.128247, -0.106401, 0.0, -0.103418, -0.029716, -0.994194, 0.096874, -0.130664, 0.991297, -0.016038, 0.639076, 0.0, 0.0, 0.0, 1.0],
                [0.987771, 0.120036, -0.0995, 0.0, -0.096815, -0.028014, -0.994908, 0.113425, -0.122212, 0.992374, -0.016051, 0.649432, 0.0, 0.0, 0.0, 1.0],
                [0.989462, 0.111516, -0.092355, 0.0, -0.089961, -0.026315, -0.995598, 0.130472, -0.113456, 0.993414, -0.016005, 0.660147, 0.0, 0.0, 0.0, 1.0],
                [0.991063, 0.102776, -0.085037, 0.0, -0.082927, -0.024641, -0.996251, 0.147827, -0.104486, 0.994399, -0.015898, 0.671112, 0.0, 0.0, 0.0, 1.0],
                [0.992551, 0.093902, -0.077622, 0.0, -0.075781, -0.023015, -0.996859, 0.165301, -0.095393, 0.995315, -0.015727, 0.682217, 0.0, 0.0, 0.0, 1.0],
                [0.993908, 0.084982, -0.070184, 0.0, -0.068597, -0.021454, -0.997414, 0.182707, -0.086268, 0.996151, -0.015494, 0.693354, 0.0, 0.0, 0.0, 1.0],
                [0.99512, 0.076107, -0.062796, 0.0, -0.061445, -0.019975, -0.99791, 0.199857, -0.077202, 0.996899, -0.015202, 0.704412, 0.0, 0.0, 0.0, 1.0],
                [0.996182, 0.067366, -0.055535, 0.0, -0.054398, -0.018592, -0.998346, 0.216562, -0.068287, 0.997555, -0.014857, 0.715283, 0.0, 0.0, 0.0, 1.0],
                [0.997089, 0.05885, -0.048473, 0.0, -0.04753, -0.017315, -0.99872, 0.232634, -0.059614, 0.998117, -0.014468, 0.725858, 0.0, 0.0, 0.0, 1.0],
                [0.997846, 0.05065, -0.041685, 0.0, -0.040914, -0.016154, -0.999032, 0.247886, -0.051274, 0.998586, -0.014047, 0.736027, 0.0, 0.0, 0.0, 1.0],
                [0.998459, 0.042856, -0.035244, 0.0, -0.034624, -0.015114, -0.999286, 0.26213, -0.043359, 0.998967, -0.013607, 0.745682, 0.0, 0.0, 0.0, 1.0],
                [0.99894, 0.03556, -0.029223, 0.0, -0.028734, -0.014201, -0.999486, 0.275176, -0.035957, 0.999267, -0.013164, 0.754712, 0.0, 0.0, 0.0, 1.0],
                [0.999303, 0.028852, -0.023696, 0.0, -0.023316, -0.013416, -0.999638, 0.286838, -0.029159, 0.999494, -0.012734, 0.763009, 0.0, 0.0, 0.0, 1.0],
                [0.999564, 0.022822, -0.018733, 0.0, -0.018445, -0.012763, -0.999748, 0.296927, -0.023055, 0.999658, -0.012337, 0.770464, 0.0, 0.0, 0.0, 1.0],
                [0.999742, 0.017559, -0.014407, 0.0, -0.014193, -0.012242, -0.999824, 0.305256, -0.017733, 0.999771, -0.01199, 0.776967, 0.0, 0.0, 0.0, 1.0],
                [0.999855, 0.013155, -0.010789, 0.0, -0.010634, -0.011854, -0.999873, 0.311635, -0.013281, 0.999843, -0.011713, 0.782409, 0.0, 0.0, 0.0, 1.0],
                [0.999923, 0.00959, -0.007864, 0.0, -0.007752, -0.011583, -0.999903, 0.316189, -0.00968, 0.999887, -0.011508, 0.786813, 0.0, 0.0, 0.0, 1.0],
                [0.999962, 0.006735, -0.005522, 0.0, -0.005445, -0.01135, -0.999921, 0.320288, -0.006797, 0.999913, -0.011313, 0.790339, 0.0, 0.0, 0.0, 1.0],
                [0.999983, 0.004512, -0.003698, 0.0, -0.003648, -0.011063, -0.999932, 0.325614, -0.004553, 0.999929, -0.011046, 0.793085, 0.0, 0.0, 0.0, 1.0],
                [0.999993, 0.002842, -0.002328, 0.0, -0.002298, -0.01063, -0.999941, 0.333848, -0.002866, 0.999939, -0.010623, 0.795149, 0.0, 0.0, 0.0, 1.0],
                [0.999998, 0.001645, -0.001347, 0.0, -0.00133, -0.009961, -0.99995, 0.346672, -0.001658, 0.999949, -0.009959, 0.796628, 0.0, 0.0, 0.0, 1.0],
                [0.999999, 0.000843, -0.000689, 0.0, -0.000681, -0.008969, -0.999959, 0.365768, -0.000849, 0.999959, -0.008968, 0.797619, 0.0, 0.0, 0.0, 1.0],
                [1.0, 0.000356, -0.00029, 0.0, -0.000288, -0.007564, -0.999971, 0.392817, -0.000358, 0.999971, -0.007564, 0.798221, 0.0, 0.0, 0.0, 1.0],
                [1.0, 0.000105, -8.6e-05, 0.0, -8.5e-05, -0.005659, -0.999984, 0.429502, -0.000106, 0.999984, -0.005659, 0.79853, 0.0, 0.0, 0.0, 1.0],
                [1.0, 1.3e-05, -1.1e-05, 0.0, -1.1e-05, -0.003167, -0.999995, 0.477505, -1.3e-05, 0.999995, -0.003167, 0.798643, 0.0, 0.0, 0.0, 1.0],
                [1.0, 0.0, 0.0, 0.0, 0.0, 0.0, -1.0, 0.538506, -0.0, 1.0, 0.0, 0.79866, 0.0, 0.0, 0.0, 1.0],
                [1.0, 0.0, 0.0, 0.0, 0.0, 0.058728, -0.998274, 0.627172, 0.0, 0.998274, 0.058728, 0.771017, 0.0, 0.0, 0.0, 1.0],
                [1.0, 0.0, 0.0, 0.0, 0.0, 0.193776, -0.981046, 0.740181, 0.0, 0.981046, 0.193776, 0.705102, 0.0, 0.0, 0.0, 1.0],
                [1.0, 0.0, 0.0, 0.0, 0.0, 0.349747, -0.936844, 0.85223, 0.0, 0.936844, 0.349747, 0.626428, 0.0, 0.0, 0.0, 1.0],
                [1.0, 0.0, 0.0, 0.0, 0.0, 0.472505, -0.881328, 0.938014, 0.0, 0.881328, 0.472505, 0.560512, 0.0, 0.0, 0.0, 1.0],
                [1.0, 0.0, 0.0, 0.0, 0.0, 0.521044, -0.85353, 0.972232, 0.0, 0.85353, 0.521044, 0.53287, 0.0, 0.0, 0.0, 1.0],
                [1.0, 0.0, 0.0, 0.0, 0.0, 0.521044, -0.85353, 0.972232, 0.0, 0.85353, 0.521044, 0.53287, 0.0, 0.0, 0.0, 1.0],
                [1.0, 0.0, 0.0, 0.0, 0.0, 0.521044, -0.85353, 0.972232, 0.0, 0.85353, 0.521044, 0.53287, 0.0, 0.0, 0.0, 1.0],
                [1.0, 0.0, 0.0, 0.0, 0.0, 0.521044, -0.85353, 0.972232, 0.0, 0.85353, 0.521044, 0.53287, 0.0, 0.0, 0.0, 1.0],
                [1.0, 0.0, 0.0, 0.0, 0.0, 0.521044, -0.85353, 0.972232, 0.0, 0.85353, 0.521044, 0.532871, 0.0, 0.0, 0.0, 1.0],
                [1.0, 0.0, 0.0, 0.0, 0.0, 0.521043, -0.85353, 0.972231, 0.0, 0.85353, 0.521043, 0.532871, 0.0, 0.0, 0.0, 1.0],
                [1.0, 0.0, 0.0, 0.0, 0.0, 0.521043, -0.853531, 0.972231, 0.0, 0.853531, 0.521043, 0.532871, 0.0, 0.0, 0.0, 1.0],
                [1.0, 0.0, 0.0, 0.0, 0.0, 0.521042, -0.853531, 0.97223, 0.0, 0.853531, 0.521042, 0.532872, 0.0, 0.0, 0.0, 1.0],
                [1.0, 0.0, 0.0, 0.0, 0.0, 0.521041, -0.853532, 0.97223, 0.0, 0.853532, 0.521041, 0.532873, 0.0, 0.0, 0.0, 1.0],
                [1.0, 0.0, 0.0, 0.0, 0.0, 0.52104, -0.853533, 0.972229, 0.0, 0.853533, 0.52104, 0.532874, 0.0, 0.0, 0.0, 1.0],
                [1.0, 0.0, 0.0, 1e-06, 0.0, 0.521038, -0.853534, 0.972227, 0.0, 0.853534, 0.521038, 0.532875, 0.0, 0.0, 0.0, 1.0],
                [1.0, 0.0, 0.0, 1e-06, 0.0, 0.521036, -0.853535, 0.972226, 0.0, 0.853535, 0.521036, 0.532877, 0.0, 0.0, 0.0, 1.0],
                [1.0, 0.0, 0.0, 1e-06, 0.0, 0.521034, -0.853536, 0.972224, 0.0, 0.853536, 0.521034, 0.532879, 0.0, 0.0, 0.0, 1.0],
                [1.0, 0.0, 0.0, 1e-06, 0.0, 0.521031, -0.853538, 0.972222, 0.0, 0.853538, 0.521031, 0.532881, 0.0, 0.0, 0.0, 1.0],
                [1.0, 0.0, 0.0, 1e-06, 0.0, 0.521027, -0.85354, 0.972219, 0.0, 0.85354, 0.521027, 0.532884, 0.0, 0.0, 0.0, 1.0],
                [1.0, 0.0, 0.0, 2e-06, 0.0, 0.521023, -0.853542, 0.972217, 0.0, 0.853542, 0.521023, 0.532887, 0.0, 0.0, 0.0, 1.0],
                [1.0, 0.0, 0.0, 2e-06, 0.0, 0.521019, -0.853545, 0.972213, 0.0, 0.853545, 0.521019, 0.532891, 0.0, 0.0, 0.0, 1.0],
                [1.0, 0.0, 0.0, 3e-06, 0.0, 0.521014, -0.853548, 0.97221, 0.0, 0.853548, 0.521014, 0.532895, 0.0, 0.0, 0.0, 1.0],
                [1.0, 0.0, 0.0, 3e-06, 0.0, 0.521008, -0.853552, 0.972205, 0.0, 0.853552, 0.521008, 0.532899, 0.0, 0.0, 0.0, 1.0],
                [1.0, 0.0, 0.0, 4e-06, 0.0, 0.521002, -0.853555, 0.972201, 0.0, 0.853555, 0.521002, 0.532904, 0.0, 0.0, 0.0, 1.0],
                [1.0, 0.0, 0.0, 4e-06, 0.0, 0.520995, -0.85356, 0.972196, 0.0, 0.85356, 0.520995, 0.53291, 0.0, 0.0, 0.0, 1.0],
                [1.0, 0.0, 0.0, 5e-06, 0.0, 0.520987, -0.853564, 0.97219, 0.0, 0.853564, 0.520987, 0.532916, 0.0, 0.0, 0.0, 1.0],
                [1.0, 0.0, 0.0, 6e-06, 0.0, 0.520979, -0.853569, 0.972184, 0.0, 0.853569, 0.520979, 0.532923, 0.0, 0.0, 0.0, 1.0],
                [1.0, 0.0, 0.0, 7e-06, 0.0, 0.52097, -0.853575, 0.972177, 0.0, 0.853575, 0.52097, 0.532931, 0.0, 0.0, 0.0, 1.0],
                [1.0, 0.0, 0.0, 7e-06, 0.0, 0.52096, -0.853581, 0.972169, 0.0, 0.853581, 0.52096, 0.532939, 0.0, 0.0, 0.0, 1.0],
                [1.0, 0.0, 0.0, 8e-06, 0.0, 0.520948, -0.853588, 0.972161, 0.0, 0.853588, 0.520948, 0.532948, 0.0, 0.0, 0.0, 1.0],
                [1.0, 0.0, 0.0, 2.1e-05, 0.0, 0.520812, -0.853671, 0.97206, 0.0, 0.853671, 0.520812, 0.533058, 0.0, 0.0, 0.0, 1.0],
                [1.0, 0.0, 0.0, 5.4e-05, 0.0, 0.52043, -0.853904, 0.971776, 0.0, 0.853904, 0.52043, 0.533367, 0.0, 0.0, 0.0, 1.0],
                [1.0, 0.0, 0.0, 0.00011, 0.0, 0.519806, -0.854285, 0.971312, 0.0, 0.854285, 0.519806, 0.53387, 0.0, 0.0, 0.0, 1.0],
                [1.0, 0.0, 0.0, 0.000186, 0.0, 0.518944, -0.854808, 0.970673, 0.0, 0.854808, 0.518944, 0.534566, 0.0, 0.0, 0.0, 1.0],
                [1.0, 0.0, 0.0, 0.000282, 0.0, 0.51785, -0.855472, 0.969862, 0.0, 0.855472, 0.51785, 0.535448, 0.0, 0.0, 0.0, 1.0],
                [1.0, 0.0, 0.0, 0.000399, 0.0, 0.516526, -0.856271, 0.968882, 0.0, 0.856271, 0.516526, 0.536514, 0.0, 0.0, 0.0, 1.0],
                [1.0, 0.0, 0.0, 0.000536, 0.0, 0.514978, -0.857203, 0.967737, 0.0, 0.857203, 0.514978, 0.537759, 0.0, 0.0, 0.0, 1.0],
                [1.0, 0.0, 0.0, 0.000691, 0.0, 0.513209, -0.858264, 0.96643, 0.0, 0.858264, 0.513209, 0.53918, 0.0, 0.0, 0.0, 1.0],
                [1.0, 0.0, 0.0, 0.000866, 0.0, 0.511222, -0.859449, 0.964965, 0.0, 0.859449, 0.511222, 0.540773, 0.0, 0.0, 0.0, 1.0],
                [1.0, 0.0, 0.0, 0.001059, 0.0, 0.509022, -0.860753, 0.963346, 0.0, 0.860753, 0.509022, 0.542534, 0.0, 0.0, 0.0, 1.0],
                [1.0, 0.0, 0.0, 0.00127, 0.0, 0.506613, -0.862174, 0.961576, 0.0, 0.862174, 0.506613, 0.544459, 0.0, 0.0, 0.0, 1.0],
                [1.0, 0.0, 0.0, 0.001498, 0.0, 0.503997, -0.863705, 0.959658, 0.0, 0.863705, 0.503997, 0.546544, 0.0, 0.0, 0.0, 1.0],
                [1.0, 0.0, 0.0, 0.001744, 0.0, 0.501179, -0.865343, 0.957597, 0.0, 0.865343, 0.501179, 0.548785, 0.0, 0.0, 0.0, 1.0],
                [1.0, 0.0, 0.0, 0.002006, 0.0, 0.498163, -0.867084, 0.955396, 0.0, 0.867084, 0.498163, 0.55118, 0.0, 0.0, 0.0, 1.0],
                [1.0, 0.0, 0.0, 0.002285, 0.0, 0.49495, -0.868921, 0.953057, 0.0, 0.868921, 0.49495, 0.553722, 0.0, 0.0, 0.0, 1.0],
                [1.0, 0.0, 0.0, 0.002579, 0.0, 0.491546, -0.870852, 0.950586, 0.0, 0.870852, 0.491546, 0.55641, 0.0, 0.0, 0.0, 1.0],
                [1.0, 0.0, 0.0, 0.002889, 0.0, 0.487954, -0.87287, 0.947985, 0.0, 0.87287, 0.487954, 0.559238, 0.0, 0.0, 0.0, 1.0],
                [1.0, 0.0, 0.0, 0.003214, 0.0, 0.484176, -0.87497, 0.945258, 0.0, 0.87497, 0.484176, 0.562204, 0.0, 0.0, 0.0, 1.0],
                [1.0, 0.0, 0.0, 0.003554, 0.0, 0.480218, -0.877149, 0.942409, 0.0, 0.877149, 0.480218, 0.565303, 0.0, 0.0, 0.0, 1.0],
                [1.0, 0.0, 0.0, 0.003908, 0.0, 0.476081, -0.879401, 0.93944, 0.0, 0.879401, 0.476081, 0.568531, 0.0, 0.0, 0.0, 1.0],
                [1.0, 0.0, 0.0, 0.004275, 0.0, 0.47177, -0.881721, 0.936356, 0.0, 0.881721, 0.47177, 0.571884, 0.0, 0.0, 0.0, 1.0],
                [1.0, 0.0, 0.0, 0.004656, 0.0, 0.467289, -0.884105, 0.933161, 0.0, 0.884105, 0.467289, 0.575359, 0.0, 0.0, 0.0, 1.0],
                [1.0, 0.0, 0.0, 0.00505, 0.0, 0.46264, -0.886546, 0.929857, 0.0, 0.886546, 0.46264, 0.578952, 0.0, 0.0, 0.0, 1.0],
                [1.0, 0.0, 0.0, 0.005456, 0.0, 0.457828, -0.889041, 0.926448, 0.0, 0.889041, 0.457828, 0.582659, 0.0, 0.0, 0.0, 1.0],
                [1.0, 0.0, 0.0, 0.005874, 0.0, 0.452856, -0.891583, 0.922939, 0.0, 0.891583, 0.452856, 0.586476, 0.0, 0.0, 0.0, 1.0],
                [1.0, 0.0, 0.0, 0.006304, 0.0, 0.447729, -0.894169, 0.919331, 0.0, 0.894169, 0.447729, 0.590399, 0.0, 0.0, 0.0, 1.0],
                [1.0, 0.0, 0.0, 0.006745, 0.0, 0.44245, -0.896793, 0.91563, 0.0, 0.896793, 0.44245, 0.594424, 0.0, 0.0, 0.0, 1.0],
                [1.0, 0.0, 0.0, 0.007197, 0.0, 0.437022, -0.899451, 0.911838, 0.0, 0.899451, 0.437022, 0.598548, 0.0, 0.0, 0.0, 1.0],
                [1.0, 0.0, 0.0, 0.007659, 0.0, 0.431451, -0.902137, 0.907959, 0.0, 0.902137, 0.431451, 0.602766, 0.0, 0.0, 0.0, 1.0],
                [1.0, 0.0, 0.0, 0.008131, 0.0, 0.425739, -0.904846, 0.903996, 0.0, 0.904846, 0.425739, 0.607075, 0.0, 0.0, 0.0, 1.0],
                [1.0, 0.0, 0.0, 0.008613, 0.0, 0.419892, -0.907574, 0.899954, 0.0, 0.907574, 0.419892, 0.611471, 0.0, 0.0, 0.0, 1.0],
                [1.0, 0.0, 0.0, 0.009104, 0.0, 0.413913, -0.910316, 0.895836, 0.0, 0.910316, 0.413913, 0.615949, 0.0, 0.0, 0.0, 1.0],
                [1.0, 0.0, 0.0, 0.009603, 0.0, 0.407808, -0.913068, 0.891644, 0.0, 0.913068, 0.407808, 0.620507, 0.0, 0.0, 0.0, 1.0],
                [1.0, 0.0, 0.0, 0.010111, 0.0, 0.401579, -0.915824, 0.887384, 0.0, 0.915824, 0.401579, 0.62514, 0.0, 0.0, 0.0, 1.0],
                [1.0, 0.0, 0.0, 0.010627, 0.0, 0.395233, -0.918581, 0.883058, 0.0, 0.918581, 0.395233, 0.629845, 0.0, 0.0, 0.0, 1.0],
                [1.0, 0.0, 0.0, 0.01115, 0.0, 0.388773, -0.921333, 0.87867, 0.0, 0.921333, 0.388773, 0.634617, 0.0, 0.0, 0.0, 1.0],
                [1.0, 0.0, 0.0, 0.011679, 0.0, 0.382205, -0.924078, 0.874223, 0.0, 0.924078, 0.382205, 0.639453, 0.0, 0.0, 0.0, 1.0],
                [1.0, 0.0, 0.0, 0.012216, 0.0, 0.375532, -0.926809, 0.869721, 0.0, 0.926809, 0.375532, 0.644348, 0.0, 0.0, 0.0, 1.0],
                [1.0, 0.0, 0.0, 0.012758, 0.0, 0.368761, -0.929524, 0.865168, 0.0, 0.929524, 0.368761, 0.6493, 0.0, 0.0, 0.0, 1.0],
                [1.0, 0.0, 0.0, 0.013307, 0.0, 0.361897, -0.932218, 0.860567, 0.0, 0.932218, 0.361897, 0.654303, 0.0, 0.0, 0.0, 1.0],
                [1.0, 0.0, 0.0, 0.01386, 0.0, 0.354943, -0.934888, 0.855922, 0.0, 0.934888, 0.354943, 0.659355, 0.0, 0.0, 0.0, 1.0],
                [1.0, 0.0, 0.0, 0.014419, 0.0, 0.347907, -0.937529, 0.851236, 0.0, 0.937529, 0.347907, 0.664451, 0.0, 0.0, 0.0, 1.0],
                [1.0, 0.0, 0.0, 0.014982, 0.0, 0.340792, -0.940139, 0.846512, 0.0, 0.940139, 0.340792, 0.669587, 0.0, 0.0, 0.0, 1.0],
                [1.0, 0.0, 0.0, 0.015549, 0.0, 0.333605, -0.942713, 0.841755, 0.0, 0.942713, 0.333605, 0.674761, 0.0, 0.0, 0.0, 1.0],
                [1.0, 0.0, 0.0, 0.016119, 0.0, 0.32635, -0.945249, 0.836968, 0.0, 0.945249, 0.32635, 0.679966, 0.0, 0.0, 0.0, 1.0],
                [1.0, 0.0, 0.0, 0.016693, 0.0, 0.319035, -0.947743, 0.832155, 0.0, 0.947743, 0.319035, 0.685201, 0.0, 0.0, 0.0, 1.0],
                [1.0, 0.0, 0.0, 0.017269, 0.0, 0.311664, -0.950192, 0.827318, 0.0, 0.950192, 0.311664, 0.690461, 0.0, 0.0, 0.0, 1.0],
                [1.0, 0.0, 0.0, 0.017848, 0.0, 0.304243, -0.952594, 0.822462, 0.0, 0.952594, 0.304243, 0.695742, 0.0, 0.0, 0.0, 1.0],
                [1.0, 0.0, 0.0, 0.018428, 0.0, 0.296778, -0.954946, 0.81759, 0.0, 0.954946, 0.296778, 0.70104, 0.0, 0.0, 0.0, 1.0],
                [1.0, 0.0, 0.0, 0.01901, 0.0, 0.289275, -0.957246, 0.812705, 0.0, 0.957246, 0.289275, 0.706352, 0.0, 0.0, 0.0, 1.0],
                [1.0, 0.0, 0.0, 0.019593, 0.0, 0.281741, -0.959491, 0.807812, 0.0, 0.959491, 0.281741, 0.711673, 0.0, 0.0, 0.0, 1.0],
                [1.0, 0.0, 0.0, 0.020177, 0.0, 0.27418, -0.961678, 0.802914, 0.0, 0.961678, 0.27418, 0.717, 0.0, 0.0, 0.0, 1.0],
                [1.0, 0.0, 0.0, 0.020761, 0.0, 0.266599, -0.963807, 0.798013, 0.0, 0.963807, 0.266599, 0.722329, 0.0, 0.0, 0.0, 1.0],
                [1.0, 0.0, 0.0, 0.021345, 0.0, 0.259005, -0.965876, 0.793115, 0.0, 0.965876, 0.259005, 0.727656, 0.0, 0.0, 0.0, 1.0],
                [1.0, 0.0, 0.0, 0.021928, 0.0, 0.251404, -0.967882, 0.788222, 0.0, 0.967882, 0.251404, 0.732977, 0.0, 0.0, 0.0, 1.0],
                [1.0, 0.0, 0.0, 0.02251, 0.0, 0.243802, -0.969825, 0.783338, 0.0, 0.969825, 0.243802, 0.738288, 0.0, 0.0, 0.0, 1.0],
                [1.0, 0.0, 0.0, 0.02309, 0.0, 0.236205, -0.971703, 0.778467, 0.0, 0.971703, 0.236205, 0.743585, 0.0, 0.0, 0.0, 1.0],
                [1.0, 0.0, 0.0, 0.023669, 0.0, 0.22862, -0.973516, 0.773611, 0.0, 0.973516, 0.22862, 0.748865, 0.0, 0.0, 0.0, 1.0],
                [1.0, 0.0, 0.0, 0.024245, 0.0, 0.221053, -0.975262, 0.768776, 0.0, 0.975262, 0.221053, 0.754124, 0.0, 0.0, 0.0, 1.0],
                [1.0, 0.0, 0.0, 0.024819, 0.0, 0.213511, -0.976941, 0.763963, 0.0, 0.976941, 0.213511, 0.759358, 0.0, 0.0, 0.0, 1.0],
                [1.0, 0.0, 0.0, 0.025389, 0.0, 0.205999, -0.978552, 0.759177, 0.0, 0.978552, 0.205999, 0.764562, 0.0, 0.0, 0.0, 1.0],
                [1.0, 0.0, 0.0, 0.025956, 0.0, 0.198525, -0.980096, 0.754422, 0.0, 0.980096, 0.198525, 0.769734, 0.0, 0.0, 0.0, 1.0],
                [1.0, 0.0, 0.0, 0.026518, 0.0, 0.191095, -0.981571, 0.7497, 0.0, 0.981571, 0.191095, 0.774868, 0.0, 0.0, 0.0, 1.0],
                [1.0, 0.0, 0.0, 0.027077, 0.0, 0.183715, -0.982979, 0.745016, 0.0, 0.982979, 0.183715, 0.779962, 0.0, 0.0, 0.0, 1.0],
                [1.0, 0.0, 0.0, 0.02763, 0.0, 0.176392, -0.98432, 0.740372, 0.0, 0.98432, 0.176392, 0.785012, 0.0, 0.0, 0.0, 1.0],
                [1.0, 0.0, 0.0, 0.028178, 0.0, 0.169132, -0.985593, 0.735774, 0.0, 0.985593, 0.169132, 0.790013, 0.0, 0.0, 0.0, 1.0],
                [1.0, 0.0, 0.0, 0.02872, 0.0, 0.161941, -0.9868, 0.731223, 0.0, 0.9868, 0.161941, 0.794962, 0.0, 0.0, 0.0, 1.0],
                [1.0, 0.0, 0.0, 0.029257, 0.0, 0.154826, -0.987942, 0.726723, 0.0, 0.987942, 0.154826, 0.799855, 0.0, 0.0, 0.0, 1.0],
                [1.0, 0.0, 0.0, 0.029786, 0.0, 0.147794, -0.989018, 0.722279, 0.0, 0.989018, 0.147794, 0.804688, 0.0, 0.0, 0.0, 1.0],
                [1.0, 0.0, 0.0, 0.030309, 0.0, 0.14085, -0.990031, 0.717894, 0.0, 0.990031, 0.14085, 0.809457, 0.0, 0.0, 0.0, 1.0],
                [1.0, 0.0, 0.0, 0.030824, 0.0, 0.134001, -0.990981, 0.713571, 0.0, 0.990981, 0.134001, 0.814158, 0.0, 0.0, 0.0, 1.0],
                [1.0, 0.0, 0.0, 0.031331, 0.0, 0.127254, -0.99187, 0.709313, 0.0, 0.99187, 0.127254, 0.818788, 0.0, 0.0, 0.0, 1.0],
                [1.0, 0.0, 0.0, 0.03183, 0.0, 0.120614, -0.9927, 0.705125, 0.0, 0.9927, 0.120614, 0.823342, 0.0, 0.0, 0.0, 1.0],
                [1.0, 0.0, 0.0, 0.032321, 0.0, 0.114087, -0.993471, 0.70101, 0.0, 0.993471, 0.114087, 0.827817, 0.0, 0.0, 0.0, 1.0],
                [1.0, 0.0, 0.0, 0.032802, 0.0, 0.107681, -0.994185, 0.696972, 0.0, 0.994185, 0.107681, 0.832209, 0.0, 0.0, 0.0, 1.0],
                [1.0, 0.0, 0.0, 0.033274, 0.0, 0.1014, -0.994846, 0.693013, 0.0, 0.994846, 0.1014, 0.836514, 0.0, 0.0, 0.0, 1.0],
                [1.0, 0.0, 0.0, 0.033735, 0.0, 0.095251, -0.995453, 0.689138, 0.0, 0.995453, 0.095251, 0.840728, 0.0, 0.0, 0.0, 1.0],
                [1.0, 0.0, 0.0, 0.034187, 0.0, 0.089241, -0.99601, 0.68535, 0.0, 0.99601, 0.089241, 0.844847, 0.0, 0.0, 0.0, 1.0],
                [1.0, 0.0, 0.0, 0.034627, 0.0, 0.083374, -0.996518, 0.681653, 0.0, 0.996518, 0.083374, 0.848868, 0.0, 0.0, 0.0, 1.0],
                [1.0, 0.0, 0.0, 0.035057, 0.0, 0.077657, -0.99698, 0.67805, 0.0, 0.99698, 0.077657, 0.852786, 0.0, 0.0, 0.0, 1.0],
                [1.0, 0.0, 0.0, 0.035475, 0.0, 0.072096, -0.997398, 0.674545, 0.0, 0.997398, 0.072096, 0.856598, 0.0, 0.0, 0.0, 1.0],
                [1.0, 0.0, 0.0, 0.03588, 0.0, 0.066697, -0.997773, 0.671141, 0.0, 0.997773, 0.066697, 0.8603, 0.0, 0.0, 0.0, 1.0],
                [1.0, 0.0, 0.0, 0.036273, 0.0, 0.061465, -0.998109, 0.667842, 0.0, 0.998109, 0.061465, 0.863887, 0.0, 0.0, 0.0, 1.0],
                [1.0, 0.0, 0.0, 0.036654, 0.0, 0.056406, -0.998408, 0.664651, 0.0, 0.998408, 0.056406, 0.867357, 0.0, 0.0, 0.0, 1.0],
                [1.0, 0.0, 0.0, 0.03702, 0.0, 0.051526, -0.998672, 0.661573, 0.0, 0.998672, 0.051526, 0.870705, 0.0, 0.0, 0.0, 1.0],
                [1.0, 0.0, 0.0, 0.037373, 0.0, 0.046831, -0.998903, 0.65861, 0.0, 0.998903, 0.046831, 0.873927, 0.0, 0.0, 0.0, 1.0],
                [1.0, 0.0, 0.0, 0.037712, 0.0, 0.042325, -0.999104, 0.655766, 0.0, 0.999104, 0.042325, 0.87702, 0.0, 0.0, 0.0, 1.0],
                [1.0, 0.0, 0.0, 0.038037, 0.0, 0.038015, -0.999277, 0.653044, 0.0, 0.999277, 0.038015, 0.879979, 0.0, 0.0, 0.0, 1.0],
                [1.0, 0.0, 0.0, 0.038346, 0.0, 0.033907, -0.999425, 0.650449, 0.0, 0.999425, 0.033907, 0.882801, 0.0, 0.0, 0.0, 1.0],
                [1.0, 0.0, 0.0, 0.03864, 0.0, 0.030005, -0.99955, 0.647984, 0.0, 0.99955, 0.030005, 0.885482, 0.0, 0.0, 0.0, 1.0],
                [1.0, 0.0, 0.0, 0.038918, 0.0, 0.026316, -0.999654, 0.645652, 0.0, 0.999654, 0.026316, 0.888018, 0.0, 0.0, 0.0, 1.0],
                [1.0, 0.0, 0.0, 0.039179, 0.0, 0.022844, -0.999739, 0.643457, 0.0, 0.999739, 0.022844, 0.890406, 0.0, 0.0, 0.0, 1.0],
                [1.0, 0.0, 0.0, 0.039424, 0.0, 0.019596, -0.999808, 0.641402, 0.0, 0.999808, 0.019596, 0.89264, 0.0, 0.0, 0.0, 1.0],
                [1.0, 0.0, 0.0, 0.039652, 0.0, 0.016576, -0.999863, 0.639491, 0.0, 0.999863, 0.016576, 0.894718, 0.0, 0.0, 0.0, 1.0],
                [1.0, 0.0, 0.0, 0.039862, 0.0, 0.01379, -0.999905, 0.637728, 0.0, 0.999905, 0.01379, 0.896636, 0.0, 0.0, 0.0, 1.0],
                [1.0, 0.0, 0.0, 0.040054, 0.0, 0.011244, -0.999937, 0.636116, 0.0, 0.999937, 0.011244, 0.898389, 0.0, 0.0, 0.0, 1.0],
                [1.0, 0.0, 0.0, 0.040228, 0.0, 0.008943, -0.99996, 0.634658, 0.0, 0.99996, 0.008943, 0.899974, 0.0, 0.0, 0.0, 1.0],
                [1.0, 0.0, 0.0, 0.040383, 0.0, 0.006892, -0.999976, 0.633359, 0.0, 0.999976, 0.006892, 0.901387, 0.0, 0.0, 0.0, 1.0],
                [1.0, 0.0, 0.0, 0.040518, 0.0, 0.005096, -0.999987, 0.632221, 0.0, 0.999987, 0.005096, 0.902624, 0.0, 0.0, 0.0, 1.0],
                [1.0, 0.0, 0.0, 0.040634, 0.0, 0.003562, -0.999994, 0.631248, 0.0, 0.999994, 0.003562, 0.903682, 0.0, 0.0, 0.0, 1.0],
                [1.0, 0.0, 0.0, 0.04073, 0.0, 0.002294, -0.999997, 0.630445, 0.0, 0.999997, 0.002294, 0.904556, 0.0, 0.0, 0.0, 1.0],
                [1.0, 0.0, 0.0, 0.040805, 0.0, 0.001299, -0.999999, 0.629814, 0.0, 0.999999, 0.001299, 0.905242, 0.0, 0.0, 0.0, 1.0],
                [1.0, 0.0, 0.0, 0.040859, 0.0, 0.000581, -1.0, 0.629358, 0.0, 1.0, 0.000581, 0.905737, 0.0, 0.0, 0.0, 1.0],
                [1.0, 0.0, 0.0, 0.040892, 0.0, 0.000146, -1.0, 0.629083, 0.0, 1.0, 0.000146, 0.906037, 0.0, 0.0, 0.0, 1.0],
                [1.0, 0.0, 0.0, 0.040903, 0.0, -0.0, -1.0, 0.62899, 0.0, 1.0, -0.0, 0.906138, 0.0, 0.0, 0.0, 1.0]
            ]
        },
        {
            "name": "body",
            "time": [0.0, 0.0167, 0.0333, 0.05, 0.0667, 0.0833, 0.1, 0.1167, 0.1333, 0.15, 0.1667, 0.1833, 0.2, 0.2167, 0.2333, 0.25, 0.2667, 0.2833, 0.3, 0.3167, 0.3333, 0.35, 0.3667, 0.3833, 0.4, 0.4167, 0.4333, 0.45, 0.4667, 0.4833, 0.5, 0.5167, 0.5333, 0.55, 0.5667, 0.5833, 0.6, 0.6167, 0.6333, 0.65, 0.6667, 0.6833, 0.7, 0.7167, 0.7333, 0.75, 0.7667, 0.7833, 0.8, 0.8167, 0.8333, 0.85, 0.8667, 0.8833, 0.9, 0.9167, 0.9333, 0.95, 0.9667, 0.9833, 1.0, 1.0167, 1.0333, 1.05, 1.0667, 1.0833, 1.1, 1.1167, 1.1333, 1.15, 1.1667, 1.1833, 1.2, 1.2167, 1.2333, 1.25, 1.2667, 1.2833, 1.3, 1.3167, 1.3333, 1.35, 1.3667, 1.3833, 1.4, 1.4167, 1.4333, 1.45, 1.4667, 1.4833, 1.5, 1.5167, 1.5333, 1.55, 1.5667, 1.5833, 1.6, 1.6167, 1.6333, 1.65, 1.6667, 1.6833, 1.7, 1.7167, 1.7333, 1.75, 1.7667, 1.7833, 1.8, 1.8167, 1.8333, 1.85, 1.8667, 1.8833, 1.9, 1.9167, 1.9333, 1.95, 1.9667, 1.9833, 2.0, 2.0167, 2.0333, 2.05, 2.0667, 2.0833, 2.1, 2.1167, 2.1333, 2.15, 2.1667, 2.1833, 2.2, 2.2167, 2.2333, 2.25, 2.2667, 2.2833, 2.3, 2.3167, 2.3333, 2.35, 2.3667, 2.3833, 2.4, 2.4167, 2.4333, 2.45, 2.4667, 2.4833, 2.5, 2.5167, 2.5333, 2.55, 2.5667, 2.5833, 2.6, 2.6167, 2.6333, 2.65, 2.6667, 2.6833, 2.7, 2.7167, 2.7333, 2.75, 2.7667, 2.7833, 2.8, 2.8167, 2.8333],
            "transform": [
                [0.762257, 0.129241, -0.634241, 0.0, 0.061156, 0.961099, 0.269346, 0.084155, 0.644379, -0.244098, 0.724701, -0.0, 0.0, 0.0, 0.0, 1.0],
                [0.763719, 0.128126, -0.632706, 0.0, 0.06021, 0.961695, 0.267425, 0.084155, 0.642734, -0.242333, 0.726751, 0.0, 0.0, 0.0, 0.0, 1.0],
                [0.767955, 0.124903, -0.628208, 0.0, 0.057483, 0.963404, 0.261819, 0.084155, 0.63792, -0.237177, 0.73267, 0.0, 0.0, 0.0, 0.0, 1.0],
                [0.774718, 0.119779, -0.620858, 0.0, 0.053169, 0.966076, 0.252726, 0.084155, 0.630068, -0.228801, 0.742068, 0.0, 0.0, 0.0, 0.0, 1.0],
                [0.783745, 0.112985, -0.61072, 0.0, 0.04749, 0.969533, 0.240312, 0.084155, 0.619265, -0.217346, 0.754501, 0.0, 0.0, 0.0, 0.0, 1.0],
                [0.79475, 0.104775, -0.597825, 0.0, 0.040695, 0.973571, 0.224728, 0.084155, 0.605571, -0.202932, 0.769482, 0.0, 0.0, 0.0, 0.0, 1.0],
                [0.807429, 0.095419, -0.582197, -0.0, 0.033053, 0.977968, 0.206124, 0.084155, 0.589038, -0.185674, 0.786486, 0.0, 0.0, 0.0, 0.0, 1.0],
                [0.821461, 0.085206, -0.563863, -0.0, 0.024844, 0.982488, 0.18466, 0.084155, 0.569723, -0.1657, 0.804959, -0.0, 0.0, 0.0, 0.0, 1.0],
                [0.83651, 0.074433, -0.542872, -0.0, 0.016361, 0.986896, 0.160524, 0.084155, 0.547707, -0.143163, 0.824331, -0.0, 0.0, 0.0, 0.0, 1.0],
                [0.852229, 0.063402, -0.519313, -0.0, 0.007894, 0.990958, 0.133939, 0.084155, 0.52311, -0.118246, 0.844022, 0.0, 0.0, 0.0, 0.0, 1.0],
                [0.868267, 0.05241, -0.493321, -0.0, -0.000275, 0.994454, 0.105167, 0.084155, 0.496097, -0.091178, 0.863467, 0.0, 0.0, 0.0, 0.0, 1.0],
                [0.88428, 0.041745, -0.465087, 0.0, -0.007881, 0.997188, 0.07452, 0.084155, 0.46689, -0.062231, 0.882123, -0.0, 0.0, 0.0, 0.0, 1.0],
                [0.899938, 0.03167, -0.434867, 0.0, -0.01469, 0.998995, 0.042354, 0.084155, 0.435771, -0.031728, 0.899498, 0.0, 0.0, 0.0, 0.0, 1.0],
                [0.914936, 0.022418, -0.402976, 0.0, -0.020503, 0.999749, 0.009067, 0.084155, 0.403078, -3.3e-05, 0.915165, -0.0, 0.0, 0.0, 0.0, 1.0],
                [0.929006, 0.01418, -0.369791, -0.0, -0.02517, 0.999373, -0.024912, 0.084155, 0.369206, 0.032452, 0.928781, -0.0, 0.0, 0.0, 0.0, 1.0],
                [0.941929, 0.007098, -0.335737, -0.0, -0.028596, 0.997841, -0.059129, 0.084155, 0.334592, 0.065296, 0.940098, -0.0, 0.0, 0.0, 0.0, 1.0],
                [0.953536, 0.001262, -0.301276, 0.0, -0.03074, 0.99518, -0.093123, 0.084155, 0.299707, 0.098057, 0.948979, -0.0, 0.0, 0.0, 0.0, 1.0],
                [0.963719, -0.003298, -0.266898, 0.0, -0.031623, 0.991471, -0.126435, 0.084155, 0.265038, 0.130288, 0.955395, -0.0, 0.0, 0.0, 0.0, 1.0],
                [0.972431, -0.006605, -0.233098, 0.0, -0.031321, 0.986842, -0.158626, 0.084155, 0.231079, 0.161554, 0.959428, 0.0, 0.0, 0.0, 0.0, 1.0],
                [0.979681, -0.008735, -0.200372, 0.0, -0.029964, 0.981464, -0.189288, 0.084155, 0.198311, 0.191445, 0.96126, 0.0, 0.0, 0.0, 0.0, 1.0],
                [0.985534, -0.00981, -0.169193, 0.0, -0.027722, 0.975545, -0.218045, 0.084155, 0.167195, 0.219581, 0.961161, 0.0, 0.0, 0.0, 0.0, 1.0],
                [0.990099, -0.009991, -0.140013, 0.0, -0.024803, 0.969315, -0.244567, 0.084155, 0.13816, 0.245618, 0.95947, -0.0, 0.0, 0.0, 0.0, 1.0],
                [0.993522, -0.009465, -0.113248, -0.0, -0.021438, 0.963023, -0.268564, 0.084155, 0.111603, 0.269252, 0.956582, 0.0, 0.0, 0.0, 0.0, 1.0],
                [0.99597, -0.008437, -0.089285, 0.0, -0.017871, 0.956925, -0.289785, 0.084155, 0.087884, 0.290213, 0.952918, 0.0, 0.0, 0.0, 0.0, 1.0],
                [0.997627, -0.00712, -0.068474, 0.0, -0.014352, 0.951274, -0.308012, 0.084155, 0.067331, 0.308264, 0.948915, -0.0, 0.0, 0.0, 0.0, 1.0],
                [0.998675, -0.005723, -0.051145, 0.0, -0.011122, 0.946317, -0.323048, 0.084155, 0.050248, 0.323189, 0.945, 0.0, 0.0, 0.0, 0.0, 1.0],
                [0.999299, -0.004398, -0.037188, 0.0, -0.008323, 0.942159, -0.335062, 0.084155, 0.036511, 0.335137, 0.941462, -0.0, 0.0, 0.0, 0.0, 1.0],
                [0.999655, -0.003215, -0.026061, 0.0, -0.005964, 0.938738, -0.34458, 0.084155, 0.025573, 0.344617, 0.938395, -0.0, 0.0, 0.0, 0.0, 1.0],
                [0.999846, -0.002219, -0.017428, -0.0, -0.004057, 0.936018, -0.351929, 0.084155, 0.017094, 0.351945, 0.935865, -0.0, 0.0, 0.0, 0.0, 1.0],
                [0.999939, -0.001428, -0.01096, -0.0, -0.002584, 0.933943, -0.357412, 0.084155, 0.010746, 0.357419, 0.933882, 0.0, 0.0, 0.0, 0.0, 1.0],
                [0.999979, -0.000839, -0.006336, 0.0, -0.001507, 0.93244, -0.361322, 0.084155, 0.006211, 0.361324, 0.93242, -0.0, 0.0, 0.0, 0.0, 1.0],
                [0.999995, -0.000434, -0.003242, -0.0, -0.000776, 0.931425, -0.363932, 0.084155, 0.003177, 0.363933, 0.93142, 0.0, 0.0, 0.0, 0.0, 1.0],
                [0.999999, -0.000184, -0.001367, -0.0, -0.000328, 0.930807, -0.365512, 0.084155, 0.00134, 0.365512, 0.930806, 0.0, 0.0, 0.0, 0.0, 1.0],
                [1.0, -5.5e-05, -0.000405, -0.0, -9.7e-05, 0.930488, -0.366322, 0.084155, 0.000397, 0.366322, 0.930488, 0.0, 0.0, 0.0, 0.0, 1.0],
                [1.0, -7e-06, -5.1e-05, -0.0, -1.2e-05, 0.930371, -0.36662, 0.084155, 5e-05, 0.36662, 0.930371, -0.0, 0.0, 0.0, 0.0, 1.0],
                [1.0, -0.0, -0.0, 0.0, -0.0, 0.930354, -0.366663, 0.084155, 0.0, 0.366663, 0.930354, 0.0, 0.0, 0.0, 0.0, 1.0],
                [1.0, -0.0, -0.0, 0.0, 0.0, 0.964013, -0.265856, 0.084155, 0.0, 0.265856, 0.964013, 0.0, 0.0, 0.0, 0.0, 1.0],
                [1.0, -0.0, -0.0, 0.0, 0.0, 0.999978, -0.006626, 0.084155, 0.0, 0.006626, 0.999978, -0.0, 0.0, 0.0, 0.0, 1.0],
                [1.0, -0.0, 0.0, 0.0, 0.0, 0.951359, 0.308084, 0.084155, -0.0, -0.308084, 0.951359, 0.0, 0.0, 0.0, 0.0, 1.0],
                [1.0, -0.0, 0.0, 0.0, 0.0, 0.838842, 0.544375, 0.084155, -0.0, -0.544375, 0.838842, 0.0, 0.0, 0.0, 0.0, 1.0],
                [1.0, 0.0, 0.0, 0.0, 0.0, 0.776332, 0.630325, 0.084155, 0.0, -0.630325, 0.776332, 0.0, 0.0, 0.0, 0.0, 1.0],
                [1.0, 0.0, 0.0, 0.0, 0.0, 0.776332, 0.630325, 0.084155, 0.0, -0.630325, 0.776332, 0.0, 0.0, 0.0, 0.0, 1.0],
                [1.0, 0.0, 0.0, 0.0, 0.0, 0.776332, 0.630325, 0.084155, 0.0, -0.630325, 0.776332, 0.0, 0.0, 0.0, 0.0, 1.0],
                [1.0, 0.0, 0.0, 0.0, 0.0, 0.776332, 0.630324, 0.084155, 0.0, -0.630324, 0.776332, 0.0, 0.0, 0.0, 0.0, 1.0],
                [1.0, 0.0, 0.0, 0.0, 0.0, 0.776332, 0.630324, 0.084155, 0.0, -0.630324, 0.776332, 0.0, 0.0, 0.0, 0.0, 1.0],
                [1.0, 0.0, 0.0, 0.0, 0.0, 0.776332, 0.630324, 0.084155, 0.0, -0.630324, 0.776332, -0.0, 0.0, 0.0, 0.0, 1.0],
                [1.0, 0.0, 0.0, 0.0, 0.0, 0.776333, 0.630323, 0.084155, 0.0, -0.630323, 0.776333, 0.0, 0.0, 0.0, 0.0, 1.0],
                [1.0, 0.0, 0.0, -0.0, 0.0, 0.776333, 0.630322, 0.084155, 0.0, -0.630322, 0.776333, -0.0, 0.0, 0.0, 0.0, 1.0],
                [1.0, 0.0, 0.0, 0.0, 0.0, 0.776335, 0.630321, 0.084155, 0.0, -0.630321, 0.776335, 0.0, 0.0, 0.0, 0.0, 1.0],
                [1.0, 0.0, 0.0, -0.0, 0.0, 0.776336, 0.63032, 0.084155, 0.0, -0.63032, 0.776336, 0.0, 0.0, 0.0, 0.0, 1.0],
                [1.0, 0.0, 0.0, 0.0, 0.0, 0.776337, 0.630318, 0.084155, 0.0, -0.630318, 0.776337, -0.0, 0.0, 0.0, 0.0, 1.0],
                [1.0, 0.0, 0.0, 0.0, 0.0, 0.776339, 0.630316, 0.084155, 0.0, -0.630316, 0.776339, 0.0, 0.0, 0.0, 0.0, 1.0],
                [1.0, 0.0, 0.0, 0.0, 0.0, 0.776341, 0.630313, 0.084155, 0.0, -0.630313, 0.776341, 0.0, 0.0, 0.0, 0.0, 1.0],
                [1.0, 0.0, 0.0, 0.0, 0.0, 0.776344, 0.63031, 0.084155, 0.0, -0.63031, 0.776344, 0.0, 0.0, 0.0, 0.0, 1.0],
                [1.0, 0.0, 0.0, 0.0, 0.0, 0.776347, 0.630306, 0.084155, 0.0, -0.630306, 0.776347, 0.0, 0.0, 0.0, 0.0, 1.0],
                [1.0, 0.0, 0.0, -0.0, 0.0, 0.776351, 0.630301, 0.084155, 0.0, -0.630301, 0.776351, 0.0, 0.0, 0.0, 0.0, 1.0],
                [1.0, 0.0, 0.0, 0.0, 0.0, 0.776355, 0.630297, 0.084155, 0.0, -0.630297, 0.776355, -0.0, 0.0, 0.0, 0.0, 1.0],
                [1.0, 0.0, 0.0, 0.0, 0.0, 0.776359, 0.630291, 0.084155, 0.0, -0.630291, 0.776359, 0.0, 0.0, 0.0, 0.0, 1.0],
                [1.0, 0.0, 0.0, -0.0, 0.0, 0.776364, 0.630285, 0.084155, 0.0, -0.630285, 0.776364, -0.0, 0.0, 0.0, 0.0, 1.0],
                [1.0, 0.0, 0.0, -0.0, 0.0, 0.77637, 0.630277, 0.084155, 0.0, -0.630277, 0.77637, 0.0, 0.0, 0.0, 0.0, 1.0],
                [1.0, 0.0, 0.0, 0.0, 0.0, 0.776376, 0.63027, 0.084155, 0.0, -0.63027, 0.776376, 0.0, 0.0, 0.0, 0.0, 1.0],
                [1.0, 0.0, 0.0, 0.0, 0.0, 0.776383, 0.630261, 0.084155, 0.0, -0.630261, 0.776383, 0.0, 0.0, 0.0, 0.0, 1.0],
                [1.0, 0.0, 0.0, -0.0, 0.0, 0.776391, 0.630251, 0.084155, 0.0, -0.630251, 0.776391, 0.0, 0.0, 0.0, 0.0, 1.0],
                [1.0, 0.0, 0.0, 0.0, 0.0, 0.7764, 0.630241, 0.084155, 0.0, -0.630241, 0.7764, -0.0, 0.0, 0.0, 0.0, 1.0],
                [1.0, 0.0, 0.0, -0.0, 0.0, 0.776409, 0.63023, 0.084155, 0.0, -0.63023, 0.776409, 0.0, 0.0, 0.0, 0.0, 1.0],
                [1.0, 0.0, 0.0, 0.0, 0.0, 0.776419, 0.630217, 0.084155, 0.0, -0.630217, 0.776419, 0.0, 0.0, 0.0, 0.0, 1.0],
                [1.0, 0.0, 0.0, 0.0, 0.0, 0.776543, 0.630064, 0.084155, 0.0, -0.630064, 0.776543, 0.0, 0.0, 0.0, 0.0, 1.0],
                [1.0, 0.0, 0.0, 0.0, 0.0, 0.776892, 0.629634, 0.084155, 0.0, -0.629634, 0.776892, 0.0, 0.0, 0.0, 0.0, 1.0],
                [1.0, 0.0, 0.0, 0.0, 0.0, 0.77746, 0.628932, 0.084155, 0.0, -0.628932, 0.77746, -0.0, 0.0, 0.0, 0.0, 1.0],
                [1.0, 0.0, 0.0, -0.0, 0.0, 0.778243, 0.627963, 0.084155, 0.0, -0.627963, 0.778243, 0.0, 0.0, 0.0, 0.0, 1.0],
                [1.0, 0.0, 0.0, 0.0, 0.0, 0.779236, 0.626731, 0.084155, 0.0, -0.626731, 0.779236, 0.0, 0.0, 0.0, 0.0, 1.0],
                [1.0, 0.0, 0.0, 0.0, 0.0, 0.780432, 0.625241, 0.084155, 0.0, -0.625241, 0.780432, 0.0, 0.0, 0.0, 0.0, 1.0],
                [1.0, 0.0, 0.0, -0.0, 0.0, 0.781827, 0.623495, 0.084155, 0.0, -0.623495, 0.781827, -0.0, 0.0, 0.0, 0.0, 1.0],
                [1.0, 0.0, 0.0, 0.0, 0.0, 0.783415, 0.621499, 0.084155, 0.0, -0.621499, 0.783415, 0.0, 0.0, 0.0, 0.0, 1.0],
                [1.0, 0.0, 0.0, 0.0, 0.0, 0.78519, 0.619255, 0.084155, 0.0, -0.619255, 0.78519, -0.0, 0.0, 0.0, 0.0, 1.0],
                [1.0, 0.0, 0.0, 0.0, 0.0, 0.787144, 0.616769, 0.084155, 0.0, -0.616769, 0.787144, 0.0, 0.0, 0.0, 0.0, 1.0],
                [1.0, 0.0, 0.0, 0.0, 0.0, 0.789274, 0.614041, 0.084155, 0.0, -0.614041, 0.789274, -0.0, 0.0, 0.0, 0.0, 1.0],
                [1.0, 0.0, 0.0, -0.0, 0.0, 0.791571, 0.611077, 0.084155, 0.0, -0.611077, 0.791571, 0.0, 0.0, 0.0, 0.0, 1.0],
                [1.0, 0.0, 0.0, -0.0, 0.0, 0.79403, 0.607878, 0.084155, 0.0, -0.607878, 0.79403, -0.0, 0.0, 0.0, 0.0, 1.0],
                [1.0, 0.0, 0.0, 0.0, 0.0, 0.796644, 0.604449, 0.084155, 0.0, -0.604449, 0.796644, -0.0, 0.0, 0.0, 0.0, 1.0],
                [1.0, 0.0, 0.0, 0.0, 0.0, 0.799405, 0.600792, 0.084155, 0.0, -0.600792, 0.799405, 0.0, 0.0, 0.0, 0.0, 1.0],
                [1.0, 0.0, 0.0, 0.0, 0.0, 0.802308, 0.596911, 0.084155, 0.0, -0.596911, 0.802308, 0.0, 0.0, 0.0, 0.0, 1.0],
                [1.0, 0.0, 0.0, 0.0, 0.0, 0.805344, 0.592808, 0.084155, 0.0, -0.592808, 0.805344, 0.0, 0.0, 0.0, 0.0, 1.0],
                [1.0, 0.0, 0.0, 0.0, 0.0, 0.808508, 0.588485, 0.084155, 0.0, -0.588485, 0.808508, -0.0, 0.0, 0.0, 0.0, 1.0],
                [1.0, 0.0, 0.0, -0.0, 0.0, 0.811792, 0.583947, 0.084155, 0.0, -0.583947, 0.811792, 0.0, 0.0, 0.0, 0.0, 1.0],
                [1.0, 0.0, 0.0, -0.0, 0.0, 0.815188, 0.579197, 0.084155, 0.0, -0.579197, 0.815188, 0.0, 0.0, 0.0, 0.0, 1.0],
                [1.0, 0.0, 0.0, 0.0, 0.0, 0.81869, 0.574236, 0.084155, 0.0, -0.574236, 0.81869, 0.0, 0.0, 0.0, 0.0, 1.0],
                [1.0, 0.0, 0.0, 0.0, 0.0, 0.82229, 0.569069, 0.084155, 0.0, -0.569069, 0.82229, -0.0, 0.0, 0.0, 0.0, 1.0],
                [1.0, 0.0, 0.0, 0.0, 0.0, 0.825981, 0.563699, 0.084155, 0.0, -0.563699, 0.825981, -0.0, 0.0, 0.0, 0.0, 1.0],
                [1.0, 0.0, 0.0, -0.0, 0.0, 0.829755, 0.558128, 0.084155, 0.0, -0.558128, 0.829755, 0.0, 0.0, 0.0, 0.0, 1.0],
                [1.0, 0.0, 0.0, 0.0, 0.0, 0.833605, 0.552361, 0.084155, 0.0, -0.552361, 0.833605, 0.0, 0.0, 0.0, 0.0, 1.0],
                [1.0, 0.0, 0.0, 0.0, 0.0, 0.837524, 0.546401, 0.084155, 0.0, -0.546401, 0.837524, -0.0, 0.0, 0.0, 0.0, 1.0],
                [1.0, 0.0, 0.0, -0.0, 0.0, 0.841504, 0.540251, 0.084155, 0.0, -0.540251, 0.841504, 0.0, 0.0, 0.0, 0.0, 1.0],
                [1.0, 0.0, 0.0, -0.0, 0.0, 0.845538, 0.533915, 0.084155, 0.0, -0.533915, 0.845538, 0.0, 0.0, 0.0, 0.0, 1.0],
                [1.0, 0.0, 0.0, 0.0, 0.0, 0.849619, 0.527397, 0.084155, 0.0, -0.527397, 0.849619, 0.0, 0.0, 0.0, 0.0, 1.0],
                [1.0, 0.0, 0.0, 0.0, 0.0, 0.853739, 0.520701, 0.084155, 0.0, -0.520701, 0.853739, 0.0, 0.0, 0.0, 0.0, 1.0],
                [1.0, 0.0, 0.0, 0.0, 0.0, 0.857891, 0.513832, 0.084155, 0.0, -0.513832, 0.857891, -0.0, 0.0, 0.0, 0.0, 1.0],
                [1.0, 0.0, 0.0, 0.0, 0.0, 0.862068, 0.506792, 0.084155, 0.0, -0.506792, 0.862068, 0.0, 0.0, 0.0, 0.0, 1.0],
                [1.0, 0.0, 0.0, 0.0, 0.0, 0.866263, 0.499588, 0.084155, 0.0, -0.499588, 0.866263, -0.0, 0.0, 0.0, 0.0, 1.0],
                [1.0, 0.0, 0.0, -0.0, 0.0, 0.870468, 0.492224, 0.084155, 0.0, -0.492224, 0.870468, -0.0, 0.0, 0.0, 0.0, 1.0],
                [1.0, 0.0, 0.0, 0.0, 0.0, 0.874678, 0.484705, 0.084155, 0.0, -0.484705, 0.874678, 0.0, 0.0, 0.0, 0.0, 1.0],
                [1.0, 0.0, 0.0, 0.0, 0.0, 0.878884, 0.477035, 0.084155, 0.0, -0.477035, 0.878884, -0.0, 0.0, 0.0, 0.0, 1.0],
                [1.0, 0.0, 0.0, 0.0, 0.0, 0.883081, 0.469221, 0.084155, 0.0, -0.469221, 0.883081, 0.0, 0.0, 0.0, 0.0, 1.0],
                [1.0, 0.0, 0.0, 0.0, 0.0, 0.887262, 0.461267, 0.084155, 0.0, -0.461267, 0.887262, 0.0, 0.0, 0.0, 0.0, 1.0],
