{
    "animation": [
        {
            "name": "Root",
            "time": [0.0, 0.0167, 0.0333, 0.05, 0.0667, 0.0833, 0.1, 0.1167, 0.1333, 0.15, 0.1667, 0.1833, 0.2, 0.2167, 0.2333, 0.25, 0.2667, 0.2833, 0.3, 0.3167, 0.3333, 0.35, 0.3667, 0.3833, 0.4, 0.4167, 0.4333, 0.45, 0.4667, 0.4833, 0.5, 0.5167, 0.5333, 0.55, 0.5667, 0.5833, 0.6, 0.6167, 0.6333, 0.65, 0.6667, 0.6833, 0.7, 0.7167, 0.7333, 0.75, 0.7667, 0.7833, 0.8, 0.8167, 0.8333, 0.85, 0.8667, 0.8833, 0.9, 0.9167, 0.9333, 0.95, 0.9667, 0.9833, 1.0, 1.0167, 1.0333, 1.05, 1.0667, 1.0833, 1.1, 1.1167, 1.1333, 1.15, 1.1667, 1.1833, 1.2, 1.2167, 1.2333, 1.25, 1.2667, 1.2833, 1.3, 1.3167, 1.3333, 1.35, 1.3667, 1.3833, 1.4, 1.4167, 1.4333, 1.45, 1.4667, 1.4833, 1.5, 1.5167, 1.5333, 1.55, 1.5667, 1.5833, 1.6, 1.6167, 1.6333, 1.65, 1.6667, 1.6833, 1.7, 1.7167, 1.7333, 1.75, 1.7667, 1.7833, 1.8, 1.8167, 1.8333, 1.85, 1.8667, 1.8833, 1.9, 1.9167, 1.9333, 1.95, 1.9667, 1.9833, 2.0, 2.0167, 2.0333, 2.05, 2.0667, 2.0833, 2.1, 2.1167, 2.1333, 2.15, 2.1667, 2.1833, 2.2, 2.2167, 2.2333, 2.25, 2.2667, 2.2833, 2.3, 2.3167, 2.3333, 2.35, 2.3667, 2.3833, 2.4, 2.4167, 2.4333, 2.45, 2.4667, 2.4833, 2.5, 2.5167, 2.5333, 2.55, 2.5667, 2.5833, 2.6, 2.6167, 2.6333, 2.65, 2.6667],
            "transform": [
                [1.0, 0.0, 0.0, 0.0, 0.0, 0.0, -1.0, 0.0, 0.0, 1.0, 0.0, 0.906138, 0.0, 0.0, 0.0, 1.0],
                [1.0, 0.0, 0.0, 0.0, 0.0, -0.002046, -0.999998, -0.000262, 0.0, 0.999998, -0.002046, 0.905612, 0.0, 0.0, 0.0, 1.0],
                [1.0, 0.0, 0.0, 0.0, 0.0, -0.007972, -0.999968, -0.00102, 0.0, 0.999968, -0.007972, 0.904089, 0.0, 0.0, 0.0, 1.0],
                [1.0, 0.0, 0.0, 0.0, 0.0, -0.017462, -0.999848, -0.002234, 0.0, 0.999848, -0.017462, 0.901652, 0.0, 0.0, 0.0, 1.0],
                [1.0, 0.0, 0.0, 0.0, 0.0, -0.030202, -0.999544, -0.003861, 0.0, 0.999544, -0.030202, 0.898384, 0.0, 0.0, 0.0, 1.0],
                [1.0, 0.0, 0.0, 0.0, 0.0, -0.045877, -0.998947, -0.005861, 0.0, 0.998947, -0.045877, 0.894368, 0.0, 0.0, 0.0, 1.0],
                [1.0, 0.0, 0.0, 0.0, 0.0, -0.064166, -0.997939, -0.008192, 0.0, 0.997939, -0.064166, 0.889686, 0.0, 0.0, 0.0, 1.0],
                [1.0, 0.0, 0.0, 0.0, 0.0, -0.084741, -0.996403, -0.010813, 0.0, 0.996403, -0.084741, 0.884423, 0.0, 0.0, 0.0, 1.0],
                [1.0, 0.0, 0.0, 0.0, 0.0, -0.107266, -0.99423, -0.013683, 0.0, 0.99423, -0.107266, 0.878659, 0.0, 0.0, 0.0, 1.0],
                [1.0, 0.0, 0.0, 0.0, 0.0, -0.131399, -0.991329, -0.016761, 0.0, 0.991329, -0.131399, 0.872479, 0.0, 0.0, 0.0, 1.0],
                [1.0, 0.0, 0.0, 0.0, 0.0, -0.156788, -0.987632, -0.020004, 0.0, 0.987632, -0.156788, 0.865965, 0.0, 0.0, 0.0, 1.0],
                [1.0, 0.0, 0.0, 0.0, 0.0, -0.183077, -0.983099, -0.023373, 0.0, 0.983099, -0.183077, 0.859201, 0.0, 0.0, 0.0, 1.0],
                [1.0, 0.0, 0.0, 0.0, 0.0, -0.209908, -0.977721, -0.026825, 0.0, 0.977721, -0.209908, 0.852268, 0.0, 0.0, 0.0, 1.0],
                [1.0, 0.0, 0.0, 0.0, 0.0, -0.236921, -0.971529, -0.03032, 0.0, 0.971529, -0.236921, 0.84525, 0.0, 0.0, 0.0, 1.0],
                [1.0, 0.0, 0.0, 0.0, 0.0, -0.263765, -0.964587, -0.033815, 0.0, 0.964587, -0.263765, 0.83823, 0.0, 0.0, 0.0, 1.0],
                [1.0, 0.0, 0.0, 0.0, 0.0, -0.290095, -0.956998, -0.037271, 0.0, 0.956998, -0.290095, 0.831291, 0.0, 0.0, 0.0, 1.0],
                [1.0, 0.0, 0.0, 0.0, 0.0, -0.315578, -0.9489, -0.040645, 0.0, 0.9489, -0.315578, 0.824515, 0.0, 0.0, 0.0, 1.0],
                [1.0, 0.0, 0.0, 0.0, 0.0, -0.3399, -0.940462, -0.043896, 0.0, 0.940462, -0.3399, 0.817986, 0.0, 0.0, 0.0, 1.0],
                [1.0, 0.0, 0.0, 0.0, 0.0, -0.362758, -0.931883, -0.046984, 0.0, 0.931883, -0.362758, 0.811786, 0.0, 0.0, 0.0, 1.0],
                [1.0, 0.0, 0.0, 0.0, 0.0, -0.383872, -0.923386, -0.049866, 0.0, 0.923386, -0.383872, 0.805998, 0.0, 0.0, 0.0, 1.0],
                [1.0, 0.0, 0.0, 0.0, 0.0, -0.402977, -0.91521, -0.052502, 0.0, 0.91521, -0.402977, 0.800706, 0.0, 0.0, 0.0, 1.0],
                [1.0, 0.0, 0.0, 0.0, 0.0, -0.419821, -0.907607, -0.054849, 0.0, 0.907607, -0.419821, 0.795991, 0.0, 0.0, 0.0, 1.0],
                [1.0, 0.0, 0.0, 0.0, 0.0, -0.434168, -0.900832, -0.056868, 0.0, 0.900832, -0.434168, 0.791937, 0.0, 0.0, 0.0, 1.0],
                [1.0, 0.0, 0.0, 0.0, 0.0, -0.445784, -0.89514, -0.058516, 0.0, 0.89514, -0.445784, 0.788627, 0.0, 0.0, 0.0, 1.0],
                [1.0, 0.0, 0.0, 0.0, 0.0, -0.454441, -0.890777, -0.059753, 0.0, 0.890777, -0.454441, 0.786143, 0.0, 0.0, 0.0, 1.0],
                [1.0, 0.0, 0.0, 0.0, 0.0, -0.459901, -0.88797, -0.060537, 0.0, 0.88797, -0.459901, 0.784569, 0.0, 0.0, 0.0, 1.0],
                [1.0, 0.0, 0.0, 0.0, 0.0, -0.463429, -0.886134, -0.061045, 0.0, 0.886134, -0.463429, 0.783549, 0.0, 0.0, 0.0, 1.0],
                [1.0, 0.0, 0.0, 0.0, 0.0, -0.466481, -0.884531, -0.061486, 0.0, 0.884531, -0.466481, 0.782664, 0.0, 0.0, 0.0, 1.0],
                [1.0, 0.0, 0.0, 0.0, 0.0, -0.469092, -0.88315, -0.061863, 0.0, 0.88315, -0.469092, 0.781906, 0.0, 0.0, 0.0, 1.0],
                [1.0, 0.0, 0.0, 0.0, 0.0, -0.471298, -0.881974, -0.062183, 0.0, 0.881974, -0.471298, 0.781264, 0.0, 0.0, 0.0, 1.0],
                [1.0, 0.0, 0.0, 0.0, 0.0, -0.473134, -0.88099, -0.06245, 0.0, 0.88099, -0.473134, 0.780728, 0.0, 0.0, 0.0, 1.0],
                [1.0, 0.0, 0.0, 0.0, 0.0, -0.474636, -0.880182, -0.062668, 0.0, 0.880182, -0.474636, 0.78029, 0.0, 0.0, 0.0, 1.0],
                [1.0, 0.0, 0.0, 0.0, 0.0, -0.475837, -0.879533, -0.062843, 0.0, 0.879533, -0.475837, 0.779939, 0.0, 0.0, 0.0, 1.0],
                [1.0, 0.0, 0.0, 0.0, 0.0, -0.476772, -0.879027, -0.062979, 0.0, 0.879027, -0.476772, 0.779666, 0.0, 0.0, 0.0, 1.0],
                [1.0, 0.0, 0.0, 0.0, 0.0, -0.477474, -0.878646, -0.063081, 0.0, 0.878646, -0.477474, 0.77946, 0.0, 0.0, 0.0, 1.0],
                [1.0, 0.0, 0.0, 0.0, 0.0, -0.477977, -0.878372, -0.063154, 0.0, 0.878372, -0.477977, 0.779313, 0.0, 0.0, 0.0, 1.0],
                [1.0, 0.0, 0.0, 0.0, 0.0, -0.478314, -0.878189, -0.063203, 0.0, 0.878189, -0.478314, 0.779215, 0.0, 0.0, 0.0, 1.0],
                [1.0, 0.0, 0.0, 0.0, 0.0, -0.478519, -0.878077, -0.063233, 0.0, 0.878077, -0.478519, 0.779155, 0.0, 0.0, 0.0, 1.0],
                [1.0, 0.0, 0.0, 0.0, 0.0, -0.478623, -0.87802, -0.063249, 0.0, 0.87802, -0.478623, 0.779124, 0.0, 0.0, 0.0, 1.0],
                [1.0, 0.0, 0.0, 0.0, 0.0, -0.478662, -0.877999, -0.063254, 0.0, 0.877999, -0.478662, 0.779113, 0.0, 0.0, 0.0, 1.0],
                [1.0, 0.0, 0.0, 0.0, 0.0, -0.478668, -0.877996, -0.063255, 0.0, 0.877996, -0.478668, 0.779111, 0.0, 0.0, 0.0, 1.0],
                [1.0, 0.0, 0.0, 0.0, 0.0, -0.433819, -0.901, -0.063255, 0.0, 0.901, -0.433819, 0.786528, 0.0, 0.0, 0.0, 1.0],
                [1.0, 0.0, 0.0, 0.0, 0.0, -0.330436, -0.943829, -0.063255, 0.0, 0.943829, -0.330436, 0.802926, 0.0, 0.0, 0.0, 1.0],
                [1.0, 0.0, 0.0, 0.0, 0.0, -0.221444, -0.975173, -0.063255, 0.0, 0.975173, -0.221444, 0.819525, 0.0, 0.0, 0.0, 1.0],
                [1.0, 0.0, 0.0, 0.0, 0.0, -0.167841, -0.985814, -0.063255, 0.0, 0.985814, -0.167841, 0.827544, 0.0, 0.0, 0.0, 1.0],
                [1.0, 0.0, 0.0, 0.0, 0.0, -0.162722, -0.986672, -0.063255, 0.0, 0.986672, -0.162722, 0.8283, 0.0, 0.0, 0.0, 1.0],
                [1.0, 0.0, 0.0, 0.0, 0.0, -0.158121, -0.98742, -0.063255, 0.0, 0.98742, -0.158121, 0.828966, 0.0, 0.0, 0.0, 1.0],
                [1.0, 0.0, 0.0, 0.0, 0.0, -0.154007, -0.98807, -0.063255, 0.0, 0.98807, -0.154007, 0.829549, 0.0, 0.0, 0.0, 1.0],
                [1.0, 0.0, 0.0, 0.0, 0.0, -0.150352, -0.988633, -0.063255, 0.0, 0.988633, -0.150352, 0.830055, 0.0, 0.0, 0.0, 1.0],
                [1.0, 0.0, 0.0, 0.0, 0.0, -0.147128, -0.989118, -0.063255, 0.0, 0.989118, -0.147128, 0.83049, 0.0, 0.0, 0.0, 1.0],
                [1.0, 0.0, 0.0, 0.0, 0.0, -0.144304, -0.989533, -0.063255, 0.0, 0.989533, -0.144304, 0.830862, 0.0, 0.0, 0.0, 1.0],
                [1.0, 0.0, 0.0, 0.0, 0.0, -0.141852, -0.989888, -0.063255, 0.0, 0.989888, -0.141852, 0.831176, 0.0, 0.0, 0.0, 1.0],
                [1.0, 0.0, 0.0, 0.0, 0.0, -0.139743, -0.990188, -0.063255, 0.0, 0.990188, -0.139743, 0.831439, 0.0, 0.0, 0.0, 1.0],
                [1.0, 0.0, 0.0, 0.0, 0.0, -0.137946, -0.99044, -0.063255, 0.0, 0.99044, -0.137946, 0.831657, 0.0, 0.0, 0.0, 1.0],
                [1.0, 0.0, 0.0, 0.0, 0.0, -0.136434, -0.990649, -0.063255, 0.0, 0.990649, -0.136434, 0.831838, 0.0, 0.0, 0.0, 1.0],
                [1.0, 0.0, 0.0, 0.0, 0.0, -0.135175, -0.990822, -0.063255, 0.0, 0.990822, -0.135175, 0.831987, 0.0, 0.0, 0.0, 1.0],
                [1.0, 0.0, 0.0, 0.0, 0.0, -0.134141, -0.990962, -0.063255, 0.0, 0.990962, -0.134141, 0.83211, 0.0, 0.0, 0.0, 1.0],
                [1.0, 0.0, 0.0, 0.0, 0.0, -0.133303, -0.991075, -0.063255, 0.0, 0.991075, -0.133303, 0.832216, 0.0, 0.0, 0.0, 1.0],
                [1.0, 0.0, 0.0, 0.0, 0.0, -0.13263, -0.991166, -0.063255, 0.0, 0.991166, -0.13263, 0.832309, 0.0, 0.0, 0.0, 1.0],
                [1.0, 0.0, 0.0, 0.0, 0.0, -0.132093, -0.991237, -0.063255, 0.0, 0.991237, -0.132093, 0.832396, 0.0, 0.0, 0.0, 1.0],
                [1.0, 0.0, 0.0, 0.0, 0.0, -0.131663, -0.991295, -0.063255, 0.0, 0.991295, -0.131663, 0.832485, 0.0, 0.0, 0.0, 1.0],
                [1.0, 0.0, 0.0, 0.0, 0.0, -0.13131, -0.991341, -0.063255, 0.0, 0.991341, -0.13131, 0.83258, 0.0, 0.0, 0.0, 1.0],
                [1.0, 0.0, 0.0, 0.0, 0.0, -0.131005, -0.991382, -0.063255, 0.0, 0.991382, -0.131005, 0.83269, 0.0, 0.0, 0.0, 1.0],
                [1.0, 0.0, 0.0, 0.0, 0.0, -0.130718, -0.99142, -0.063255, 0.0, 0.99142, -0.130718, 0.83282, 0.0, 0.0, 0.0, 1.0],
                [1.0, 0.0, 0.0, 0.0, 0.0, -0.13042, -0.991459, -0.063255, 0.0, 0.991459, -0.13042, 0.832976, 0.0, 0.0, 0.0, 1.0],
                [1.0, 0.0, 0.0, 0.0, 0.0, -0.13008, -0.991503, -0.063255, 0.0, 0.991503, -0.13008, 0.833166, 0.0, 0.0, 0.0, 1.0],
                [1.0, 0.0, 0.0, 0.0, 0.0, -0.129676, -0.991556, -0.063234, 0.0, 0.991556, -0.129676, 0.833394, 0.0, 0.0, 0.0, 1.0],
                [1.0, 0.0, 0.0, 0.0, 0.0, -0.129203, -0.991618, -0.063172, 0.0, 0.991618, -0.129203, 0.833661, 0.0, 0.0, 0.0, 1.0],
                [1.0, 0.0, 0.0, 0.0, 0.0, -0.128662, -0.991688, -0.06307, 0.0, 0.991688, -0.128662, 0.833966, 0.0, 0.0, 0.0, 1.0],
                [1.0, 0.0, 0.0, 0.0, 0.0, -0.128056, -0.991767, -0.062928, 0.0, 0.991767, -0.128056, 0.834309, 0.0, 0.0, 0.0, 1.0],
                [1.0, 0.0, 0.0, 0.0, 0.0, -0.127385, -0.991853, -0.062748, 0.0, 0.991853, -0.127385, 0.834687, 0.0, 0.0, 0.0, 1.0],
                [1.0, 0.0, 0.0, 0.0, 0.0, -0.126652, -0.991947, -0.06253, 0.0, 0.991947, -0.126652, 0.835101, 0.0, 0.0, 0.0, 1.0],
                [1.0, 0.0, 0.0, 0.0, 0.0, -0.125858, -0.992048, -0.062275, 0.0, 0.992048, -0.125858, 0.835549, 0.0, 0.0, 0.0, 1.0],
                [1.0, 0.0, 0.0, 0.0, 0.0, -0.125004, -0.992156, -0.061985, 0.0, 0.992156, -0.125004, 0.836031, 0.0, 0.0, 0.0, 1.0],
                [1.0, 0.0, 0.0, 0.0, 0.0, -0.124092, -0.992271, -0.061659, 0.0, 0.992271, -0.124092, 0.836545, 0.0, 0.0, 0.0, 1.0],
                [1.0, 0.0, 0.0, 0.0, 0.0, -0.123124, -0.992391, -0.0613, 0.0, 0.992391, -0.123124, 0.837091, 0.0, 0.0, 0.0, 1.0],
                [1.0, 0.0, 0.0, 0.0, 0.0, -0.122101, -0.992518, -0.060907, 0.0, 0.992518, -0.122101, 0.837668, 0.0, 0.0, 0.0, 1.0],
                [1.0, 0.0, 0.0, 0.0, 0.0, -0.121024, -0.99265, -0.060482, 0.0, 0.99265, -0.121024, 0.838275, 0.0, 0.0, 0.0, 1.0],
                [1.0, 0.0, 0.0, 0.0, 0.0, -0.119895, -0.992787, -0.060026, 0.0, 0.992787, -0.119895, 0.838912, 0.0, 0.0, 0.0, 1.0],
                [1.0, 0.0, 0.0, 0.0, 0.0, -0.118716, -0.992928, -0.059539, 0.0, 0.992928, -0.118716, 0.839576, 0.0, 0.0, 0.0, 1.0],
                [1.0, 0.0, 0.0, 0.0, 0.0, -0.117489, -0.993074, -0.059022, 0.0, 0.993074, -0.117489, 0.840268, 0.0, 0.0, 0.0, 1.0],
                [1.0, 0.0, 0.0, 0.0, 0.0, -0.116214, -0.993224, -0.058477, 0.0, 0.993224, -0.116214, 0.840986, 0.0, 0.0, 0.0, 1.0],
                [1.0, 0.0, 0.0, 0.0, 0.0, -0.114893, -0.993378, -0.057903, 0.0, 0.993378, -0.114893, 0.84173, 0.0, 0.0, 0.0, 1.0],
                [1.0, 0.0, 0.0, 0.0, 0.0, -0.113528, -0.993535, -0.057303, 0.0, 0.993535, -0.113528, 0.842499, 0.0, 0.0, 0.0, 1.0],
                [1.0, 0.0, 0.0, 0.0, 0.0, -0.112121, -0.993695, -0.056676, 0.0, 0.993695, -0.112121, 0.843291, 0.0, 0.0, 0.0, 1.0],
                [1.0, 0.0, 0.0, 0.0, 0.0, -0.110672, -0.993857, -0.056025, 0.0, 0.993857, -0.110672, 0.844107, 0.0, 0.0, 0.0, 1.0],
                [1.0, 0.0, 0.0, 0.0, 0.0, -0.109184, -0.994022, -0.055349, 0.0, 0.994022, -0.109184, 0.844944, 0.0, 0.0, 0.0, 1.0],
                [1.0, 0.0, 0.0, 0.0, 0.0, -0.107658, -0.994188, -0.054649, 0.0, 0.994188, -0.107658, 0.845803, 0.0, 0.0, 0.0, 1.0],
                [1.0, 0.0, 0.0, 0.0, 0.0, -0.106096, -0.994356, -0.053927, 0.0, 0.994356, -0.106096, 0.846682, 0.0, 0.0, 0.0, 1.0],
                [1.0, 0.0, 0.0, 0.0, 0.0, -0.104499, -0.994525, -0.053183, 0.0, 0.994525, -0.104499, 0.847581, 0.0, 0.0, 0.0, 1.0],
                [1.0, 0.0, 0.0, 0.0, 0.0, -0.102868, -0.994695, -0.052419, 0.0, 0.994695, -0.102868, 0.848498, 0.0, 0.0, 0.0, 1.0],
                [1.0, 0.0, 0.0, 0.0, 0.0, -0.101206, -0.994865, -0.051634, 0.0, 0.994865, -0.101206, 0.849432, 0.0, 0.0, 0.0, 1.0],
                [1.0, 0.0, 0.0, 0.0, 0.0, -0.099514, -0.995036, -0.050831, 0.0, 0.995036, -0.099514, 0.850384, 0.0, 0.0, 0.0, 1.0],
                [1.0, 0.0, 0.0, 0.0, 0.0, -0.097792, -0.995207, -0.050009, 0.0, 0.995207, -0.097792, 0.851351, 0.0, 0.0, 0.0, 1.0],
                [1.0, 0.0, 0.0, 0.0, 0.0, -0.096044, -0.995377, -0.04917, 0.0, 0.995377, -0.096044, 0.852334, 0.0, 0.0, 0.0, 1.0],
                [1.0, 0.0, 0.0, 0.0, 0.0, -0.094271, -0.995547, -0.048315, 0.0, 0.995547, -0.094271, 0.85333, 0.0, 0.0, 0.0, 1.0],
                [1.0, 0.0, 0.0, 0.0, 0.0, -0.092473, -0.995715, -0.047444, 0.0, 0.995715, -0.092473, 0.85434, 0.0, 0.0, 0.0, 1.0],
                [1.0, 0.0, 0.0, 0.0, 0.0, -0.090653, -0.995882, -0.046559, 0.0, 0.995882, -0.090653, 0.855362, 0.0, 0.0, 0.0, 1.0],
                [1.0, 0.0, 0.0, 0.0, 0.0, -0.088813, -0.996048, -0.04566, 0.0, 0.996048, -0.088813, 0.856396, 0.0, 0.0, 0.0, 1.0],
                [1.0, 0.0, 0.0, 0.0, 0.0, -0.086953, -0.996212, -0.044748, 0.0, 0.996212, -0.086953, 0.85744, 0.0, 0.0, 0.0, 1.0],
                [1.0, 0.0, 0.0, 0.0, 0.0, -0.085075, -0.996375, -0.043824, 0.0, 0.996375, -0.085075, 0.858494, 0.0, 0.0, 0.0, 1.0],
                [1.0, 0.0, 0.0, 0.0, 0.0, -0.083181, -0.996534, -0.042889, 0.0, 0.996534, -0.083181, 0.859557, 0.0, 0.0, 0.0, 1.0],
                [1.0, 0.0, 0.0, 0.0, 0.0, -0.081273, -0.996692, -0.041944, 0.0, 0.996692, -0.081273, 0.860628, 0.0, 0.0, 0.0, 1.0],
                [1.0, 0.0, 0.0, 0.0, 0.0, -0.079352, -0.996847, -0.040989, 0.0, 0.996847, -0.079352, 0.861705, 0.0, 0.0, 0.0, 1.0],
                [1.0, 0.0, 0.0, 0.0, 0.0, -0.077419, -0.996999, -0.040026, 0.0, 0.996999, -0.077419, 0.862789, 0.0, 0.0, 0.0, 1.0],
                [1.0, 0.0, 0.0, 0.0, 0.0, -0.075477, -0.997148, -0.039056, 0.0, 0.997148, -0.075477, 0.863879, 0.0, 0.0, 0.0, 1.0],
                [1.0, 0.0, 0.0, 0.0, 0.0, -0.073527, -0.997293, -0.038079, 0.0, 0.997293, -0.073527, 0.864972, 0.0, 0.0, 0.0, 1.0],
                [1.0, 0.0, 0.0, 0.0, 0.0, -0.071569, -0.997436, -0.037096, 0.0, 0.997436, -0.071569, 0.86607, 0.0, 0.0, 0.0, 1.0],
                [1.0, 0.0, 0.0, 0.0, 0.0, -0.069607, -0.997574, -0.036108, 0.0, 0.997574, -0.069607, 0.86717, 0.0, 0.0, 0.0, 1.0],
                [1.0, 0.0, 0.0, 0.0, 0.0, -0.067642, -0.99771, -0.035117, 0.0, 0.99771, -0.067642, 0.868271, 0.0, 0.0, 0.0, 1.0],
                [1.0, 0.0, 0.0, 0.0, 0.0, -0.065674, -0.997841, -0.034122, 0.0, 0.997841, -0.065674, 0.869374, 0.0, 0.0, 0.0, 1.0],
                [1.0, 0.0, 0.0, 0.0, 0.0, -0.063707, -0.997969, -0.033125, 0.0, 0.997969, -0.063707, 0.870477, 0.0, 0.0, 0.0, 1.0],
                [1.0, 0.0, 0.0, 0.0, 0.0, -0.06174, -0.998092, -0.032127, 0.0, 0.998092, -0.06174, 0.871578, 0.0, 0.0, 0.0, 1.0],
                [1.0, 0.0, 0.0, 0.0, 0.0, -0.059777, -0.998212, -0.031128, 0.0, 0.998212, -0.059777, 0.872678, 0.0, 0.0, 0.0, 1.0],
                [1.0, 0.0, 0.0, 0.0, 0.0, -0.057818, -0.998327, -0.03013, 0.0, 0.998327, -0.057818, 0.873776, 0.0, 0.0, 0.0, 1.0],
                [1.0, 0.0, 0.0, 0.0, 0.0, -0.055865, -0.998438, -0.029133, 0.0, 0.998438, -0.055865, 0.87487, 0.0, 0.0, 0.0, 1.0],
                [1.0, 0.0, 0.0, 0.0, 0.0, -0.053919, -0.998545, -0.028138, 0.0, 0.998545, -0.053919, 0.875959, 0.0, 0.0, 0.0, 1.0],
                [1.0, 0.0, 0.0, 0.0, 0.0, -0.051983, -0.998648, -0.027147, 0.0, 0.998648, -0.051983, 0.877043, 0.0, 0.0, 0.0, 1.0],
                [1.0, 0.0, 0.0, 0.0, 0.0, -0.050058, -0.998746, -0.026159, 0.0, 0.998746, -0.050058, 0.878121, 0.0, 0.0, 0.0, 1.0],
                [1.0, 0.0, 0.0, 0.0, 0.0, -0.048146, -0.99884, -0.025176, 0.0, 0.99884, -0.048146, 0.879192, 0.0, 0.0, 0.0, 1.0],
                [1.0, 0.0, 0.0, 0.0, 0.0, -0.046247, -0.99893, -0.024199, 0.0, 0.99893, -0.046247, 0.880255, 0.0, 0.0, 0.0, 1.0],
                [1.0, 0.0, 0.0, 0.0, 0.0, -0.044364, -0.999015, -0.023229, 0.0, 0.999015, -0.044364, 0.881309, 0.0, 0.0, 0.0, 1.0],
                [1.0, 0.0, 0.0, 0.0, 0.0, -0.042498, -0.999097, -0.022266, 0.0, 0.999097, -0.042498, 0.882354, 0.0, 0.0, 0.0, 1.0],
                [1.0, 0.0, 0.0, 0.0, 0.0, -0.040651, -0.999173, -0.021311, 0.0, 0.999173, -0.040651, 0.883388, 0.0, 0.0, 0.0, 1.0],
                [1.0, 0.0, 0.0, 0.0, 0.0, -0.038824, -0.999246, -0.020366, 0.0, 0.999246, -0.038824, 0.88441, 0.0, 0.0, 0.0, 1.0],
                [1.0, 0.0, 0.0, 0.0, 0.0, -0.037019, -0.999315, -0.019431, 0.0, 0.999315, -0.037019, 0.88542, 0.0, 0.0, 0.0, 1.0],
                [1.0, 0.0, 0.0, 0.0, 0.0, -0.035238, -0.999379, -0.018507, 0.0, 0.999379, -0.035238, 0.886417, 0.0, 0.0, 0.0, 1.0],
                [1.0, 0.0, 0.0, 0.0, 0.0, -0.033482, -0.999439, -0.017595, 0.0, 0.999439, -0.033482, 0.8874, 0.0, 0.0, 0.0, 1.0],
                [1.0, 0.0, 0.0, 0.0, 0.0, -0.031753, -0.999496, -0.016696, 0.0, 0.999496, -0.031753, 0.888368, 0.0, 0.0, 0.0, 1.0],
                [1.0, 0.0, 0.0, 0.0, 0.0, -0.030052, -0.999548, -0.015811, 0.0, 0.999548, -0.030052, 0.88932, 0.0, 0.0, 0.0, 1.0],
                [1.0, 0.0, 0.0, 0.0, 0.0, -0.028381, -0.999597, -0.01494, 0.0, 0.999597, -0.028381, 0.890255, 0.0, 0.0, 0.0, 1.0],
                [1.0, 0.0, 0.0, 0.0, 0.0, -0.026741, -0.999642, -0.014085, 0.0, 0.999642, -0.026741, 0.891172, 0.0, 0.0, 0.0, 1.0],
                [1.0, 0.0, 0.0, 0.0, 0.0, -0.025135, -0.999684, -0.013246, 0.0, 0.999684, -0.025135, 0.892071, 0.0, 0.0, 0.0, 1.0],
                [1.0, 0.0, 0.0, 0.0, 0.0, -0.023563, -0.999722, -0.012424, 0.0, 0.999722, -0.023563, 0.892951, 0.0, 0.0, 0.0, 1.0],
                [1.0, 0.0, 0.0, 0.0, 0.0, -0.022027, -0.999757, -0.011621, 0.0, 0.999757, -0.022027, 0.89381, 0.0, 0.0, 0.0, 1.0],
                [1.0, 0.0, 0.0, 0.0, 0.0, -0.02053, -0.999789, -0.010836, 0.0, 0.999789, -0.02053, 0.894648, 0.0, 0.0, 0.0, 1.0],
                [1.0, 0.0, 0.0, 0.0, 0.0, -0.019071, -0.999818, -0.010072, 0.0, 0.999818, -0.019071, 0.895464, 0.0, 0.0, 0.0, 1.0],
                [1.0, 0.0, 0.0, 0.0, 0.0, -0.017654, -0.999844, -0.009328, 0.0, 0.999844, -0.017654, 0.896257, 0.0, 0.0, 0.0, 1.0],
                [1.0, 0.0, 0.0, 0.0, 0.0, -0.016279, -0.999867, -0.008606, 0.0, 0.999867, -0.016279, 0.897027, 0.0, 0.0, 0.0, 1.0],
                [1.0, 0.0, 0.0, 0.0, 0.0, -0.014949, -0.999888, -0.007906, 0.0, 0.999888, -0.014949, 0.897771, 0.0, 0.0, 0.0, 1.0],
                [1.0, 0.0, 0.0, 0.0, 0.0, -0.013664, -0.999907, -0.00723, 0.0, 0.999907, -0.013664, 0.89849, 0.0, 0.0, 0.0, 1.0],
                [1.0, 0.0, 0.0, 0.0, 0.0, -0.012426, -0.999923, -0.006579, 0.0, 0.999923, -0.012426, 0.899183, 0.0, 0.0, 0.0, 1.0],
                [1.0, 0.0, 0.0, 0.0, 0.0, -0.011238, -0.999937, -0.005952, 0.0, 0.999937, -0.011238, 0.899848, 0.0, 0.0, 0.0, 1.0],
                [1.0, 0.0, 0.0, 0.0, 0.0, -0.0101, -0.999949, -0.005352, 0.0, 0.999949, -0.0101, 0.900485, 0.0, 0.0, 0.0, 1.0],
                [1.0, 0.0, 0.0, 0.0, 0.0, -0.009014, -0.999959, -0.004778, 0.0, 0.999959, -0.009014, 0.901093, 0.0, 0.0, 0.0, 1.0],
                [1.0, 0.0, 0.0, 0.0, 0.0, -0.007981, -0.999968, -0.004233, 0.0, 0.999968, -0.007981, 0.90167, 0.0, 0.0, 0.0, 1.0],
                [1.0, 0.0, 0.0, 0.0, 0.0, -0.007004, -0.999975, -0.003716, 0.0, 0.999975, -0.007004, 0.902217, 0.0, 0.0, 0.0, 1.0],
                [1.0, 0.0, 0.0, 0.0, 0.0, -0.006083, -0.999982, -0.003229, 0.0, 0.999982, -0.006083, 0.902732, 0.0, 0.0, 0.0, 1.0],
                [1.0, 0.0, 0.0, 0.0, 0.0, -0.005221, -0.999986, -0.002773, 0.0, 0.999986, -0.005221, 0.903215, 0.0, 0.0, 0.0, 1.0],
                [1.0, 0.0, 0.0, 0.0, 0.0, -0.004419, -0.99999, -0.002348, 0.0, 0.99999, -0.004419, 0.903664, 0.0, 0.0, 0.0, 1.0],
                [1.0, 0.0, 0.0, 0.0, 0.0, -0.003678, -0.999993, -0.001955, 0.0, 0.999993, -0.003678, 0.904079, 0.0, 0.0, 0.0, 1.0],
                [1.0, 0.0, 0.0, 0.0, 0.0, -0.003001, -0.999995, -0.001596, 0.0, 0.999995, -0.003001, 0.904458, 0.0, 0.0, 0.0, 1.0],
                [1.0, 0.0, 0.0, 0.0, 0.0, -0.002388, -0.999997, -0.00127, 0.0, 0.999997, -0.002388, 0.904801, 0.0, 0.0, 0.0, 1.0],
                [1.0, 0.0, 0.0, 0.0, 0.0, -0.001841, -0.999998, -0.00098, 0.0, 0.999998, -0.001841, 0.905107, 0.0, 0.0, 0.0, 1.0],
                [1.0, 0.0, 0.0, 0.0, 0.0, -0.001362, -0.999999, -0.000725, 0.0, 0.999999, -0.001362, 0.905375, 0.0, 0.0, 0.0, 1.0],
                [1.0, 0.0, 0.0, 0.0, 0.0, -0.000952, -0.999999, -0.000507, 0.0, 0.999999, -0.000952, 0.905604, 0.0, 0.0, 0.0, 1.0],
                [1.0, 0.0, 0.0, 0.0, 0.0, -0.000614, -1.0, -0.000327, 0.0, 1.0, -0.000614, 0.905794, 0.0, 0.0, 0.0, 1.0],
                [1.0, 0.0, 0.0, 0.0, 0.0, -0.000348, -1.0, -0.000185, 0.0, 1.0, -0.000348, 0.905943, 0.0, 0.0, 0.0, 1.0],
                [1.0, 0.0, 0.0, 0.0, 0.0, -0.000156, -1.0, -8.3e-05, 0.0, 1.0, -0.000156, 0.906051, 0.0, 0.0, 0.0, 1.0],
                [1.0, 0.0, 0.0, 0.0, 0.0, -3.9e-05, -1.0, -2.1e-05, 0.0, 1.0, -3.9e-05, 0.906116, 0.0, 0.0, 0.0, 1.0],
                [1.0, 0.0, 0.0, 0.0, 0.0, 0.0, -1.0, 0.0, 0.0, 1.0, 0.0, 0.906138, 0.0, 0.0, 0.0, 1.0]
            ]
        },
        {
            "name": "body",
            "time": [0.0, 0.0167, 0.0333, 0.05, 0.0667, 0.0833, 0.1, 0.1167, 0.1333, 0.15, 0.1667, 0.1833, 0.2, 0.2167, 0.2333, 0.25, 0.2667, 0.2833, 0.3, 0.3167, 0.3333, 0.35, 0.3667, 0.3833, 0.4, 0.4167, 0.4333, 0.45, 0.4667, 0.4833, 0.5, 0.5167, 0.5333, 0.55, 0.5667, 0.5833, 0.6, 0.6167, 0.6333, 0.65, 0.6667, 0.6833, 0.7, 0.7167, 0.7333, 0.75, 0.7667, 0.7833, 0.8, 0.8167, 0.8333, 0.85, 0.8667, 0.8833, 0.9, 0.9167, 0.9333, 0.95, 0.9667, 0.9833, 1.0, 1.0167, 1.0333, 1.05, 1.0667, 1.0833, 1.1, 1.1167, 1.1333, 1.15, 1.1667, 1.1833, 1.2, 1.2167, 1.2333, 1.25, 1.2667, 1.2833, 1.3, 1.3167, 1.3333, 1.35, 1.3667, 1.3833, 1.4, 1.4167, 1.4333, 1.45, 1.4667, 1.4833, 1.5, 1.5167, 1.5333, 1.55, 1.5667, 1.5833, 1.6, 1.6167, 1.6333, 1.65, 1.6667, 1.6833, 1.7, 1.7167, 1.7333, 1.75, 1.7667, 1.7833, 1.8, 1.8167, 1.8333, 1.85, 1.8667, 1.8833, 1.9, 1.9167, 1.9333, 1.95, 1.9667, 1.9833, 2.0, 2.0167, 2.0333, 2.05, 2.0667, 2.0833, 2.1, 2.1167, 2.1333, 2.15, 2.1667, 2.1833, 2.2, 2.2167, 2.2333, 2.25, 2.2667, 2.2833, 2.3, 2.3167, 2.3333, 2.35, 2.3667, 2.3833, 2.4, 2.4167, 2.4333, 2.45, 2.4667, 2.4833, 2.5, 2.5167, 2.5333, 2.55, 2.5667, 2.5833, 2.6, 2.6167, 2.6333, 2.65, 2.6667],
            "transform": [
                [1.0, 0.0, 0.0, 0.0, 0.0, 1.0, 0.0, 0.084155, 0.0, 0.0, 1.0, 0.0, 0.0, 0.0, 0.0, 1.0],
                [1.0, 0.0, 0.0, 0.0, 0.0, 0.999996, 0.002674, 0.084155, 0.0, -0.002674, 0.999996, -0.0, 0.0, 0.0, 0.0, 1.0],
                [1.0, 0.0, 0.0, 0.0, 0.0, 0.999946, 0.010423, 0.084155, 0.0, -0.010423, 0.999946, 0.0, 0.0, 0.0, 0.0, 1.0],
                [1.0, 0.0, 0.0, 0.0, 0.0, 0.999739, 0.022841, 0.084155, 0.0, -0.022841, 0.999739, -0.0, 0.0, 0.0, 0.0, 1.0],
                [1.0, 0.0, 0.0, 0.0, 0.0, 0.999219, 0.039526, 0.084155, 0.0, -0.039526, 0.999219, 0.0, 0.0, 0.0, 0.0, 1.0],
                [1.0, 0.0, 0.0, 0.0, 0.0, 0.998194, 0.060069, 0.084155, 0.0, -0.060069, 0.998194, -0.0, 0.0, 0.0, 0.0, 1.0],
                [1.0, 0.0, 0.0, 0.0, 0.0, 0.996461, 0.084056, 0.084155, 0.0, -0.084056, 0.996461, -0.0, 0.0, 0.0, 0.0, 1.0],
                [1.0, 0.0, 0.0, 0.0, 0.0, 0.993815, 0.111052, 0.084155, 0.0, -0.111052, 0.993815, 0.0, 0.0, 0.0, 0.0, 1.0],
                [1.0, 0.0, 0.0, 0.0, 0.0, 0.990066, 0.140606, 0.084155, 0.0, -0.140606, 0.990066, 0.0, 0.0, 0.0, 0.0, 1.0],
                [1.0, 0.0, 0.0, 0.0, 0.0, 0.985053, 0.17225, 0.084155, 0.0, -0.17225, 0.985053, -0.0, 0.0, 0.0, 0.0, 1.0],
                [1.0, 0.0, 0.0, 0.0, 0.0, 0.978658, 0.205494, 0.084155, 0.0, -0.205494, 0.978658, 0.0, 0.0, 0.0, 0.0, 1.0],
                [1.0, 0.0, 0.0, 0.0, 0.0, 0.970812, 0.239841, 0.084155, 0.0, -0.239841, 0.970812, 0.0, 0.0, 0.0, 0.0, 1.0],
                [1.0, 0.0, 0.0, 0.0, 0.0, 0.961506, 0.274786, 0.084155, 0.0, -0.274786, 0.961506, -0.0, 0.0, 0.0, 0.0, 1.0],
                [1.0, 0.0, 0.0, 0.0, 0.0, 0.950794, 0.309825, 0.084155, 0.0, -0.309825, 0.950794, 0.0, 0.0, 0.0, 0.0, 1.0],
                [1.0, 0.0, 0.0, 0.0, 0.0, 0.938798, 0.344467, 0.084155, 0.0, -0.344467, 0.938798, 0.0, 0.0, 0.0, 0.0, 1.0],
                [1.0, 0.0, 0.0, 0.0, 0.0, 0.925706, 0.378243, 0.084155, 0.0, -0.378243, 0.925706, 0.0, 0.0, 0.0, 0.0, 1.0],
                [1.0, 0.0, 0.0, 0.0, 0.0, 0.911766, 0.41071, 0.084155, 0.0, -0.41071, 0.911766, 0.0, 0.0, 0.0, 0.0, 1.0],
                [1.0, 0.0, 0.0, 0.0, 0.0, 0.89728, 0.441462, 0.084155, 0.0, -0.441462, 0.89728, 0.0, 0.0, 0.0, 0.0, 1.0],
                [1.0, 0.0, 0.0, 0.0, 0.0, 0.882597, 0.470131, 0.084155, 0.0, -0.470131, 0.882597, 0.0, 0.0, 0.0, 0.0, 1.0],
                [1.0, 0.0, 0.0, 0.0, 0.0, 0.8681, 0.496389, 0.084155, 0.0, -0.496389, 0.8681, 0.0, 0.0, 0.0, 0.0, 1.0],
                [1.0, 0.0, 0.0, 0.0, 0.0, 0.854199, 0.519947, 0.084155, 0.0, -0.519947, 0.854199, 0.0, 0.0, 0.0, 0.0, 1.0],
                [1.0, 0.0, 0.0, 0.0, 0.0, 0.841313, 0.540547, 0.084155, 0.0, -0.540547, 0.841313, -0.0, 0.0, 0.0, 0.0, 1.0],
                [1.0, 0.0, 0.0, 0.0, 0.0, 0.829869, 0.557959, 0.084155, 0.0, -0.557959, 0.829869, -0.0, 0.0, 0.0, 0.0, 1.0],
                [1.0, 0.0, 0.0, 0.0, 0.0, 0.820281, 0.571961, 0.084155, 0.0, -0.571961, 0.820281, 0.0, 0.0, 0.0, 0.0, 1.0],
                [1.0, 0.0, 0.0, 0.0, 0.0, 0.812947, 0.582338, 0.084155, 0.0, -0.582338, 0.812947, 0.0, 0.0, 0.0, 0.0, 1.0],
                [1.0, 0.0, 0.0, 0.0, 0.0, 0.808238, 0.588856, 0.084155, 0.0, -0.588856, 0.808238, 0.0, 0.0, 0.0, 0.0, 1.0],
                [1.0, 0.0, 0.0, 0.0, 0.0, 0.805161, 0.593057, 0.084155, 0.0, -0.593057, 0.805161, 0.0, 0.0, 0.0, 0.0, 1.0],
                [1.0, 0.0, 0.0, 0.0, 0.0, 0.802477, 0.596683, 0.084155, 0.0, -0.596683, 0.802477, -0.0, 0.0, 0.0, 0.0, 1.0],
                [1.0, 0.0, 0.0, 0.0, 0.0, 0.800165, 0.599781, 0.084155, 0.0, -0.599781, 0.800165, -0.0, 0.0, 0.0, 0.0, 1.0],
                [1.0, 0.0, 0.0, 0.0, 0.0, 0.798199, 0.602394, 0.084155, 0.0, -0.602394, 0.798199, -0.0, 0.0, 0.0, 0.0, 1.0],
                [1.0, 0.0, 0.0, 0.0, 0.0, 0.796554, 0.604567, 0.084155, 0.0, -0.604567, 0.796554, 0.0, 0.0, 0.0, 0.0, 1.0],
                [1.0, 0.0, 0.0, 0.0, 0.0, 0.795204, 0.606342, 0.084155, 0.0, -0.606342, 0.795204, 0.0, 0.0, 0.0, 0.0, 1.0],
                [1.0, 0.0, 0.0, 0.0, 0.0, 0.79412, 0.607761, 0.084155, 0.0, -0.607761, 0.79412, 0.0, 0.0, 0.0, 0.0, 1.0],
                [1.0, 0.0, 0.0, 0.0, 0.0, 0.793275, 0.608864, 0.084155, 0.0, -0.608864, 0.793275, 0.0, 0.0, 0.0, 0.0, 1.0],
                [1.0, 0.0, 0.0, 0.0, 0.0, 0.792638, 0.609692, 0.084155, 0.0, -0.609692, 0.792638, -0.0, 0.0, 0.0, 0.0, 1.0],
                [1.0, 0.0, 0.0, 0.0, 0.0, 0.792182, 0.610285, 0.084155, 0.0, -0.610285, 0.792182, 0.0, 0.0, 0.0, 0.0, 1.0],
                [1.0, 0.0, 0.0, 0.0, 0.0, 0.791875, 0.610682, 0.084155, 0.0, -0.610682, 0.791875, -0.0, 0.0, 0.0, 0.0, 1.0],
                [1.0, 0.0, 0.0, 0.0, 0.0, 0.79169, 0.610923, 0.084155, 0.0, -0.610923, 0.79169, 0.0, 0.0, 0.0, 0.0, 1.0],
                [1.0, 0.0, 0.0, 0.0, 0.0, 0.791595, 0.611047, 0.084155, 0.0, -0.611047, 0.791595, -0.0, 0.0, 0.0, 0.0, 1.0],
                [1.0, 0.0, 0.0, 0.0, 0.0, 0.791559, 0.611093, 0.084155, 0.0, -0.611093, 0.791559, 0.0, 0.0, 0.0, 0.0, 1.0],
                [1.0, 0.0, 0.0, 0.0, 0.0, 0.791554, 0.611099, 0.084155, 0.0, -0.611099, 0.791554, -0.0, 0.0, 0.0, 0.0, 1.0],
                [1.0, 0.0, 0.0, 0.0, 0.0, 0.850432, 0.526085, 0.084155, 0.0, -0.526085, 0.850432, -0.0, 0.0, 0.0, 0.0, 1.0],
                [1.0, 0.0, 0.0, 0.0, 0.0, 0.949033, 0.315178, 0.084155, 0.0, -0.315178, 0.949033, -0.0, 0.0, 0.0, 0.0, 1.0],
                [1.0, 0.0, 0.0, 0.0, 0.0, 0.996542, 0.083093, 0.084155, 0.0, -0.083093, 0.996542, 0.0, 0.0, 0.0, 0.0, 1.0],
                [1.0, 0.0, 0.0, 0.0, 0.0, 0.999549, -0.030026, 0.084155, 0.0, 0.030026, 0.999549, 0.0, 0.0, 0.0, 0.0, 1.0],
                [1.0, 0.0, 0.0, 0.0, 0.0, 0.99917, -0.040736, 0.084155, 0.0, 0.040736, 0.99917, 0.0, 0.0, 0.0, 0.0, 1.0],
                [1.0, 0.0, 0.0, 0.0, 0.0, 0.998729, -0.050407, 0.084155, 0.0, 0.050407, 0.998729, 0.0, 0.0, 0.0, 0.0, 1.0],
                [1.0, 0.0, 0.0, 0.0, 0.0, 0.998252, -0.059094, 0.084155, 0.0, 0.059094, 0.998252, -0.0, 0.0, 0.0, 0.0, 1.0],
                [1.0, 0.0, 0.0, 0.0, 0.0, 0.997763, -0.066853, 0.084155, 0.0, 0.066853, 0.997763, -0.0, 0.0, 0.0, 0.0, 1.0],
                [1.0, 0.0, 0.0, 0.0, 0.0, 0.997277, -0.073739, 0.084155, 0.0, 0.073739, 0.997277, -0.0, 0.0, 0.0, 0.0, 1.0],
                [1.0, 0.0, 0.0, 0.0, 0.0, 0.99681, -0.079807, 0.084155, 0.0, 0.079807, 0.99681, 0.0, 0.0, 0.0, 0.0, 1.0],
                [1.0, 0.0, 0.0, 0.0, 0.0, 0.996372, -0.085109, 0.084155, 0.0, 0.085109, 0.996372, 0.0, 0.0, 0.0, 0.0, 1.0],
                [1.0, 0.0, 0.0, 0.0, 0.0, 0.995969, -0.089699, 0.084155, 0.0, 0.089699, 0.995969, 0.0, 0.0, 0.0, 0.0, 1.0],
                [1.0, 0.0, 0.0, 0.0, 0.0, 0.995607, -0.09363, 0.084155, 0.0, 0.09363, 0.995607, 0.0, 0.0, 0.0, 0.0, 1.0],
                [1.0, 0.0, 0.0, 0.0, 0.0, 0.995289, -0.096954, 0.084155, 0.0, 0.096954, 0.995289, 0.0, 0.0, 0.0, 0.0, 1.0],
                [1.0, 0.0, 0.0, 0.0, 0.0, 0.995015, -0.099723, 0.084155, 0.0, 0.099723, 0.995015, 0.0, 0.0, 0.0, 0.0, 1.0],
                [1.0, 0.0, 0.0, 0.0, 0.0, 0.994786, -0.101989, 0.084155, 0.0, 0.101989, 0.994786, -0.0, 0.0, 0.0, 0.0, 1.0],
                [1.0, 0.0, 0.0, 0.0, 0.0, 0.994598, -0.103801, 0.084155, 0.0, 0.103801, 0.994598, 0.0, 0.0, 0.0, 0.0, 1.0],
                [1.0, 0.0, 0.0, 0.0, 0.0, 0.99445, -0.105213, 0.084155, 0.0, 0.105213, 0.99445, 0.0, 0.0, 0.0, 0.0, 1.0],
                [1.0, 0.0, 0.0, 0.0, 0.0, 0.994337, -0.106273, 0.084155, 0.0, 0.106273, 0.994337, -0.0, 0.0, 0.0, 0.0, 1.0],
                [1.0, 0.0, 0.0, 0.0, 0.0, 0.994256, -0.107032, 0.084155, 0.0, 0.107032, 0.994256, -0.0, 0.0, 0.0, 0.0, 1.0],
                [1.0, 0.0, 0.0, 0.0, 0.0, 0.994201, -0.107541, 0.084155, 0.0, 0.107541, 0.994201, -0.0, 0.0, 0.0, 0.0, 1.0],
                [1.0, 0.0, 0.0, 0.0, 0.0, 0.994167, -0.10785, 0.084155, 0.0, 0.10785, 0.994167, 0.0, 0.0, 0.0, 0.0, 1.0],
                [1.0, 0.0, 0.0, 0.0, 0.0, 0.99415, -0.108008, 0.084155, 0.0, 0.108008, 0.99415, 0.0, 0.0, 0.0, 0.0, 1.0],
                [1.0, 0.0, 0.0, 0.0, 0.0, 0.994144, -0.108066, 0.084155, 0.0, 0.108066, 0.994144, -0.0, 0.0, 0.0, 0.0, 1.0],
                [1.0, 0.0, 0.0, 0.0, 0.0, 0.994143, -0.108074, 0.084155, 0.0, 0.108074, 0.994143, -0.0, 0.0, 0.0, 0.0, 1.0],
                [1.0, 0.0, 0.0, 0.0, 0.0, 0.994147, -0.108038, 0.084155, 0.0, 0.108038, 0.994147, 0.0, 0.0, 0.0, 0.0, 1.0],
                [1.0, 0.0, 0.0, 0.0, 0.0, 0.994158, -0.107932, 0.084155, 0.0, 0.107932, 0.994158, 0.0, 0.0, 0.0, 0.0, 1.0],
                [1.0, 0.0, 0.0, 0.0, 0.0, 0.994177, -0.107757, 0.084155, 0.0, 0.107757, 0.994177, 0.0, 0.0, 0.0, 0.0, 1.0],
                [1.0, 0.0, 0.0, 0.0, 0.0, 0.994204, -0.107516, 0.084155, 0.0, 0.107516, 0.994204, -0.0, 0.0, 0.0, 0.0, 1.0],
                [1.0, 0.0, 0.0, 0.0, 0.0, 0.994237, -0.107209, 0.084155, 0.0, 0.107209, 0.994237, -0.0, 0.0, 0.0, 0.0, 1.0],
                [1.0, 0.0, 0.0, 0.0, 0.0, 0.994276, -0.106838, 0.084155, 0.0, 0.106838, 0.994276, 0.0, 0.0, 0.0, 0.0, 1.0],
                [1.0, 0.0, 0.0, 0.0, 0.0, 0.994323, -0.106404, 0.084155, 0.0, 0.106404, 0.994323, 0.0, 0.0, 0.0, 0.0, 1.0],
                [1.0, 0.0, 0.0, 0.0, 0.0, 0.994376, -0.10591, 0.084155, 0.0, 0.10591, 0.994376, -0.0, 0.0, 0.0, 0.0, 1.0],
                [1.0, 0.0, 0.0, 0.0, 0.0, 0.994435, -0.105356, 0.084155, 0.0, 0.105356, 0.994435, 0.0, 0.0, 0.0, 0.0, 1.0],
                [1.0, 0.0, 0.0, 0.0, 0.0, 0.994499, -0.104744, 0.084155, 0.0, 0.104744, 0.994499, 0.0, 0.0, 0.0, 0.0, 1.0],
                [1.0, 0.0, 0.0, 0.0, 0.0, 0.994569, -0.104075, 0.084155, 0.0, 0.104075, 0.994569, -0.0, 0.0, 0.0, 0.0, 1.0],
                [1.0, 0.0, 0.0, 0.0, 0.0, 0.994645, -0.103352, 0.084155, 0.0, 0.103352, 0.994645, 0.0, 0.0, 0.0, 0.0, 1.0],
                [1.0, 0.0, 0.0, 0.0, 0.0, 0.994725, -0.102574, 0.084155, 0.0, 0.102574, 0.994725, 0.0, 0.0, 0.0, 0.0, 1.0],
                [1.0, 0.0, 0.0, 0.0, 0.0, 0.994811, -0.101745, 0.084155, 0.0, 0.101745, 0.994811, -0.0, 0.0, 0.0, 0.0, 1.0],
                [1.0, 0.0, 0.0, 0.0, 0.0, 0.9949, -0.100865, 0.084155, 0.0, 0.100865, 0.9949, 0.0, 0.0, 0.0, 0.0, 1.0],
                [1.0, 0.0, 0.0, 0.0, 0.0, 0.994994, -0.099937, 0.084155, 0.0, 0.099937, 0.994994, 0.0, 0.0, 0.0, 0.0, 1.0],
                [1.0, 0.0, 0.0, 0.0, 0.0, 0.995091, -0.09896, 0.084155, 0.0, 0.09896, 0.995091, -0.0, 0.0, 0.0, 0.0, 1.0],
                [1.0, 0.0, 0.0, 0.0, 0.0, 0.995193, -0.097938, 0.084155, 0.0, 0.097938, 0.995193, -0.0, 0.0, 0.0, 0.0, 1.0],
                [1.0, 0.0, 0.0, 0.0, 0.0, 0.995297, -0.09687, 0.084155, 0.0, 0.09687, 0.995297, -0.0, 0.0, 0.0, 0.0, 1.0],
                [1.0, 0.0, 0.0, 0.0, 0.0, 0.995404, -0.09576, 0.084155, 0.0, 0.09576, 0.995404, -0.0, 0.0, 0.0, 0.0, 1.0],
                [1.0, 0.0, 0.0, 0.0, 0.0, 0.995515, -0.094608, 0.084155, 0.0, 0.094608, 0.995515, -0.0, 0.0, 0.0, 0.0, 1.0],
                [1.0, 0.0, 0.0, 0.0, 0.0, 0.995627, -0.093416, 0.084155, 0.0, 0.093416, 0.995627, 0.0, 0.0, 0.0, 0.0, 1.0],
                [1.0, 0.0, 0.0, 0.0, 0.0, 0.995742, -0.092186, 0.084155, 0.0, 0.092186, 0.995742, 0.0, 0.0, 0.0, 0.0, 1.0],
                [1.0, 0.0, 0.0, 0.0, 0.0, 0.995858, -0.090918, 0.084155, 0.0, 0.090918, 0.995858, 0.0, 0.0, 0.0, 0.0, 1.0],
                [1.0, 0.0, 0.0, 0.0, 0.0, 0.995977, -0.089615, 0.084155, 0.0, 0.089615, 0.995977, 0.0, 0.0, 0.0, 0.0, 1.0],
                [1.0, 0.0, 0.0, 0.0, 0.0, 0.996096, -0.088277, 0.084155, 0.0, 0.088277, 0.996096, 0.0, 0.0, 0.0, 0.0, 1.0],
                [1.0, 0.0, 0.0, 0.0, 0.0, 0.996216, -0.086907, 0.084155, 0.0, 0.086907, 0.996216, 0.0, 0.0, 0.0, 0.0, 1.0],
                [1.0, 0.0, 0.0, 0.0, 0.0, 0.996338, -0.085506, 0.084155, 0.0, 0.085506, 0.996338, 0.0, 0.0, 0.0, 0.0, 1.0],
                [1.0, 0.0, 0.0, 0.0, 0.0, 0.996459, -0.084075, 0.084155, 0.0, 0.084075, 0.996459, -0.0, 0.0, 0.0, 0.0, 1.0],
                [1.0, 0.0, 0.0, 0.0, 0.0, 0.996581, -0.082616, 0.084155, 0.0, 0.082616, 0.996581, 0.0, 0.0, 0.0, 0.0, 1.0],
                [1.0, 0.0, 0.0, 0.0, 0.0, 0.996704, -0.08113, 0.084155, 0.0, 0.08113, 0.996704, 0.0, 0.0, 0.0, 0.0, 1.0],
                [1.0, 0.0, 0.0, 0.0, 0.0, 0.996826, -0.079619, 0.084155, 0.0, 0.079619, 0.996826, 0.0, 0.0, 0.0, 0.0, 1.0],
                [1.0, 0.0, 0.0, 0.0, 0.0, 0.996947, -0.078085, 0.084155, 0.0, 0.078085, 0.996947, 0.0, 0.0, 0.0, 0.0, 1.0],
                [1.0, 0.0, 0.0, 0.0, 0.0, 0.997067, -0.076528, 0.084155, 0.0, 0.076528, 0.997067, 0.0, 0.0, 0.0, 0.0, 1.0],
                [1.0, 0.0, 0.0, 0.0, 0.0, 0.997187, -0.074951, 0.084155, 0.0, 0.074951, 0.997187, 0.0, 0.0, 0.0, 0.0, 1.0],
                [1.0, 0.0, 0.0, 0.0, 0.0, 0.997306, -0.073355, 0.084155, 0.0, 0.073355, 0.997306, 0.0, 0.0, 0.0, 0.0, 1.0],
                [1.0, 0.0, 0.0, 0.0, 0.0, 0.997423, -0.071741, 0.084155, 0.0, 0.071741, 0.997423, 0.0, 0.0, 0.0, 0.0, 1.0],
                [1.0, 0.0, 0.0, 0.0, 0.0, 0.997539, -0.070111, 0.084155, 0.0, 0.070111, 0.997539, 0.0, 0.0, 0.0, 0.0, 1.0],
                [1.0, 0.0, 0.0, 0.0, 0.0, 0.997653, -0.068466, 0.084155, 0.0, 0.068466, 0.997653, -0.0, 0.0, 0.0, 0.0, 1.0],
                [1.0, 0.0, 0.0, 0.0, 0.0, 0.997766, -0.066809, 0.084155, 0.0, 0.066809, 0.997766, -0.0, 0.0, 0.0, 0.0, 1.0],
                [1.0, 0.0, 0.0, 0.0, 0.0, 0.997876, -0.06514, 0.084155, 0.0, 0.06514, 0.997876, 0.0, 0.0, 0.0, 0.0, 1.0],
                [1.0, 0.0, 0.0, 0.0, 0.0, 0.997984, -0.06346, 0.084155, 0.0, 0.06346, 0.997984, 0.0, 0.0, 0.0, 0.0, 1.0],
                [1.0, 0.0, 0.0, 0.0, 0.0, 0.99809, -0.061773, 0.084155, 0.0, 0.061773, 0.99809, 0.0, 0.0, 0.0, 0.0, 1.0],
                [1.0, 0.0, 0.0, 0.0, 0.0, 0.998194, -0.060078, 0.084155, 0.0, 0.060078, 0.998194, 0.0, 0.0, 0.0, 0.0, 1.0],
                [1.0, 0.0, 0.0, 0.0, 0.0, 0.998294, -0.058378, 0.084155, 0.0, 0.058378, 0.998294, 0.0, 0.0, 0.0, 0.0, 1.0],
                [1.0, 0.0, 0.0, 0.0, 0.0, 0.998393, -0.056674, 0.084155, 0.0, 0.056674, 0.998393, -0.0, 0.0, 0.0, 0.0, 1.0],
                [1.0, 0.0, 0.0, 0.0, 0.0, 0.998488, -0.054967, 0.084155, 0.0, 0.054967, 0.998488, 0.0, 0.0, 0.0, 0.0, 1.0],
                [1.0, 0.0, 0.0, 0.0, 0.0, 0.998581, -0.05326, 0.084155, 0.0, 0.05326, 0.998581, 0.0, 0.0, 0.0, 0.0, 1.0],
                [1.0, 0.0, 0.0, 0.0, 0.0, 0.99867, -0.051553, 0.084155, 0.0, 0.051553, 0.99867, -0.0, 0.0, 0.0, 0.0, 1.0],
                [1.0, 0.0, 0.0, 0.0, 0.0, 0.998757, -0.049848, 0.084155, 0.0, 0.049848, 0.998757, 0.0, 0.0, 0.0, 0.0, 1.0],
                [1.0, 0.0, 0.0, 0.0, 0.0, 0.99884, -0.048147, 0.084155, 0.0, 0.048147, 0.99884, 0.0, 0.0, 0.0, 0.0, 1.0],
                [1.0, 0.0, 0.0, 0.0, 0.0, 0.99892, -0.046451, 0.084155, 0.0, 0.046451, 0.99892, 0.0, 0.0, 0.0, 0.0, 1.0],
                [1.0, 0.0, 0.0, 0.0, 0.0, 0.998998, -0.044762, 0.084155, 0.0, 0.044762, 0.998998, 0.0, 0.0, 0.0, 0.0, 1.0],
                [1.0, 0.0, 0.0, 0.0, 0.0, 0.999072, -0.043081, 0.084155, 0.0, 0.043081, 0.999072, -0.0, 0.0, 0.0, 0.0, 1.0],
                [1.0, 0.0, 0.0, 0.0, 0.0, 0.999142, -0.041409, 0.084155, 0.0, 0.041409, 0.999142, 0.0, 0.0, 0.0, 0.0, 1.0],
                [1.0, 0.0, 0.0, 0.0, 0.0, 0.99921, -0.039749, 0.084155, 0.0, 0.039749, 0.99921, -0.0, 0.0, 0.0, 0.0, 1.0],
                [1.0, 0.0, 0.0, 0.0, 0.0, 0.999274, -0.038102, 0.084155, 0.0, 0.038102, 0.999274, 0.0, 0.0, 0.0, 0.0, 1.0],
                [1.0, 0.0, 0.0, 0.0, 0.0, 0.999335, -0.036469, 0.084155, 0.0, 0.036469, 0.999335, 0.0, 0.0, 0.0, 0.0, 1.0],
                [1.0, 0.0, 0.0, 0.0, 0.0, 0.999393, -0.034852, 0.084155, 0.0, 0.034852, 0.999393, -0.0, 0.0, 0.0, 0.0, 1.0],
                [1.0, 0.0, 0.0, 0.0, 0.0, 0.999447, -0.033252, 0.084155, 0.0, 0.033252, 0.999447, 0.0, 0.0, 0.0, 0.0, 1.0],
                [1.0, 0.0, 0.0, 0.0, 0.0, 0.999498, -0.031671, 0.084155, 0.0, 0.031671, 0.999498, -0.0, 0.0, 0.0, 0.0, 1.0],
                [1.0, 0.0, 0.0, 0.0, 0.0, 0.999547, -0.030111, 0.084155, 0.0, 0.030111, 0.999547, 0.0, 0.0, 0.0, 0.0, 1.0],
                [1.0, 0.0, 0.0, 0.0, 0.0, 0.999592, -0.028572, 0.084155, 0.0, 0.028572, 0.999592, 0.0, 0.0, 0.0, 0.0, 1.0],
                [1.0, 0.0, 0.0, 0.0, 0.0, 0.999634, -0.027057, 0.084155, 0.0, 0.027057, 0.999634, 0.0, 0.0, 0.0, 0.0, 1.0],
                [1.0, 0.0, 0.0, 0.0, 0.0, 0.999673, -0.025567, 0.084155, 0.0, 0.025567, 0.999673, 0.0, 0.0, 0.0, 0.0, 1.0],
                [1.0, 0.0, 0.0, 0.0, 0.0, 0.99971, -0.024103, 0.084155, 0.0, 0.024103, 0.99971, 0.0, 0.0, 0.0, 0.0, 1.0],
