{
    "animation": [
        {
            "name": "Root",
            "time": [0.0, 0.0167, 0.0333, 0.05, 0.0667, 0.0833, 0.1, 0.1167, 0.1333, 0.15, 0.1667, 0.1833, 0.2, 0.2167, 0.2333, 0.25, 0.2667, 0.2833, 0.3, 0.3167, 0.3333, 0.35, 0.3667, 0.3833, 0.4, 0.4167, 0.4333, 0.45, 0.4667, 0.4833, 0.5, 0.5167, 0.5333, 0.55, 0.5667, 0.5833, 0.6, 0.6167, 0.6333, 0.65, 0.6667, 0.6833, 0.7, 0.7167, 0.7333, 0.75, 0.7667, 0.7833, 0.8, 0.8167, 0.8333, 0.85, 0.8667, 0.8833, 0.9, 0.9167, 0.9333, 0.95, 0.9667, 0.9833, 1.0, 1.0167, 1.0333, 1.05, 1.0667, 1.0833, 1.1, 1.1167, 1.1333, 1.15, 1.1667, 1.1833, 1.2, 1.2167, 1.2333, 1.25, 1.2667, 1.2833, 1.3, 1.3167, 1.3333, 1.35, 1.3667, 1.3833, 1.4, 1.4167, 1.4333, 1.45, 1.4667, 1.4833, 1.5, 1.5167, 1.5333, 1.55, 1.5667, 1.5833, 1.6, 1.6167, 1.6333, 1.65, 1.6667, 1.6833, 1.7, 1.7167, 1.7333, 1.75, 1.7667, 1.7833, 1.8, 1.8167, 1.8333, 1.85, 1.8667, 1.8833, 1.9, 1.9167, 1.9333, 1.95, 1.9667, 1.9833, 2.0, 2.0167, 2.0333, 2.05, 2.0667, 2.0833, 2.1, 2.1167, 2.1333, 2.15, 2.1667, 2.1833, 2.2, 2.2167, 2.2333, 2.25, 2.2667, 2.2833, 2.3, 2.3167, 2.3333, 2.35, 2.3667, 2.3833, 2.4, 2.4167, 2.4333, 2.45, 2.4667, 2.4833, 2.5, 2.5167, 2.5333, 2.55, 2.5667, 2.5833, 2.6, 2.6167, 2.6333, 2.65, 2.6667],
            "transform": [
                [1.0, 0.0, 0.0, 0.0, 0.0, 0.0, -1.0, 0.0, 0.0, 1.0, 0.0, 0.906138, 0.0, 0.0, 0.0, 1.0],
                [0.999999, -7.4e-05, -0.001029, 0.000249, -0.001029, 0.000106, -0.999999, -0.000698, 7.4e-05, 1.0, 0.000106, 0.90591, 0.0, 0.0, 0.0, 1.0],
                [0.999992, -0.00029, -0.004018, 0.000973, -0.004017, 0.000413, -0.999992, -0.002725, 0.000292, 1.0, 0.000411, 0.905247, 0.0, 0.0, 0.0, 1.0],
                [0.999961, -0.000635, -0.008819, 0.002136, -0.008819, 0.000906, -0.999961, -0.005982, 0.000643, 0.999999, 0.0009, 0.904178, 0.0, 0.0, 0.0, 1.0],
                [0.999882, -0.001096, -0.015288, 0.003702, -0.015286, 0.001572, -0.999882, -0.010367, 0.00112, 0.999998, 0.001555, 0.90273, 0.0, 0.0, 0.0, 1.0],
                [0.999728, -0.001661, -0.023276, 0.005636, -0.023272, 0.002397, -0.999726, -0.015782, 0.001717, 0.999996, 0.002358, 0.900934, 0.0, 0.0, 0.0, 1.0],
                [0.999465, -0.002317, -0.032637, 0.007901, -0.032629, 0.003367, -0.999462, -0.022126, 0.002425, 0.999992, 0.00329, 0.898818, 0.0, 0.0, 0.0, 1.0],
                [0.999061, -0.003048, -0.043221, 0.010462, -0.043207, 0.004469, -0.999056, -0.029299, 0.003239, 0.999985, 0.004333, 0.89641, 0.0, 0.0, 0.0, 1.0],
                [0.998485, -0.003843, -0.054881, 0.013284, -0.054858, 0.005688, -0.998478, -0.0372, 0.004149, 0.999976, 0.005469, 0.89374, 0.0, 0.0, 0.0, 1.0],
                [0.997711, -0.004688, -0.067464, 0.01633, -0.06743, 0.007011, -0.997699, -0.045731, 0.00515, 0.999964, 0.006679, 0.890837, 0.0, 0.0, 0.0, 1.0],
                [0.996713, -0.005569, -0.080819, 0.019565, -0.08077, 0.008423, -0.996697, -0.05479, 0.006232, 0.999949, 0.007946, 0.887729, 0.0, 0.0, 0.0, 1.0],
                [0.995476, -0.006475, -0.094793, 0.022954, -0.094727, 0.009909, -0.995454, -0.064279, 0.007385, 0.99993, 0.009251, 0.884445, 0.0, 0.0, 0.0, 1.0],
                [0.993989, -0.007395, -0.109233, 0.026459, -0.109145, 0.011454, -0.99396, -0.074096, 0.008601, 0.999907, 0.010578, 0.881015, 0.0, 0.0, 0.0, 1.0],
                [0.992249, -0.008317, -0.123986, 0.030047, -0.123872, 0.01304, -0.992212, -0.084141, 0.009869, 0.99988, 0.011909, 0.877466, 0.0, 0.0, 0.0, 1.0],
                [0.990264, -0.009232, -0.138898, 0.03368, -0.138755, 0.014652, -0.990218, -0.094316, 0.011177, 0.99985, 0.013229, 0.873829, 0.0, 0.0, 0.0, 1.0],
                [0.988048, -0.01013, -0.153816, 0.037323, -0.15364, 0.016272, -0.987993, -0.104519, 0.012512, 0.999816, 0.014521, 0.870131, 0.0, 0.0, 0.0, 1.0],
                [0.985625, -0.011005, -0.168588, 0.040941, -0.168378, 0.017882, -0.98556, -0.11465, 0.013861, 0.99978, 0.015772, 0.866402, 0.0, 0.0, 0.0, 1.0],
                [0.983029, -0.011849, -0.183067, 0.044498, -0.182818, 0.019464, -0.982954, -0.12461, 0.01521, 0.99974, 0.016968, 0.86267, 0.0, 0.0, 0.0, 1.0],
                [0.980301, -0.012656, -0.197104, 0.047957, -0.196816, 0.021, -0.980216, -0.134298, 0.016545, 0.999699, 0.018095, 0.858965, 0.0, 0.0, 0.0, 1.0],
                [0.97749, -0.013422, -0.210554, 0.051284, -0.210225, 0.02247, -0.977395, -0.143615, 0.01785, 0.999657, 0.019142, 0.855314, 0.0, 0.0, 0.0, 1.0],
                [0.974652, -0.014143, -0.223276, 0.054443, -0.222906, 0.023855, -0.974548, -0.15246, 0.019109, 0.999615, 0.020098, 0.851748, 0.0, 0.0, 0.0, 1.0],
                [0.971851, -0.014815, -0.235131, 0.057397, -0.234721, 0.025136, -0.971738, -0.160734, 0.020307, 0.999574, 0.020951, 0.848295, 0.0, 0.0, 0.0, 1.0],
                [0.969151, -0.015436, -0.245982, 0.060112, -0.245533, 0.026293, -0.969032, -0.168335, 0.021426, 0.999535, 0.021692, 0.844984, 0.0, 0.0, 0.0, 1.0],
                [0.966625, -0.016005, -0.255695, 0.062551, -0.25521, 0.027308, -0.9665, -0.175165, 0.022451, 0.999499, 0.022312, 0.841844, 0.0, 0.0, 0.0, 1.0],
                [0.964344, -0.016518, -0.264137, 0.064678, -0.26362, 0.02816, -0.964216, -0.181123, 0.023365, 0.999467, 0.022801, 0.838903, 0.0, 0.0, 0.0, 1.0],
                [0.962379, -0.016974, -0.271179, 0.066459, -0.270634, 0.02883, -0.962251, -0.186109, 0.024151, 0.99944, 0.023151, 0.836191, 0.0, 0.0, 0.0, 1.0],
                [0.960754, -0.017368, -0.276859, 0.0679, -0.276292, 0.029326, -0.960626, -0.190144, 0.024804, 0.999419, 0.023376, 0.833693, 0.0, 0.0, 0.0, 1.0],
                [0.959427, -0.01769, -0.281401, 0.069053, -0.280815, 0.029764, -0.9593, -0.193374, 0.025346, 0.9994, 0.023589, 0.831225, 0.0, 0.0, 0.0, 1.0],
                [0.958376, -0.017927, -0.284946, 0.069952, -0.284341, 0.030287, -0.958245, -0.195891, 0.025809, 0.99938, 0.023929, 0.828559, 0.0, 0.0, 0.0, 1.0],
                [0.95757, -0.018067, -0.287634, 0.070627, -0.287006, 0.031038, -0.957426, -0.197781, 0.026226, 0.999355, 0.024536, 0.825469, 0.0, 0.0, 0.0, 1.0],
                [0.956975, -0.018097, -0.289604, 0.071111, -0.288945, 0.032159, -0.956805, -0.199136, 0.026629, 0.999319, 0.025547, 0.821727, 0.0, 0.0, 0.0, 1.0],
                [0.956556, -0.018003, -0.290993, 0.071435, -0.290292, 0.033795, -0.956341, -0.200045, 0.027051, 0.999267, 0.0271, 0.817104, 0.0, 0.0, 0.0, 1.0],
                [0.956273, -0.017771, -0.291936, 0.071632, -0.291179, 0.036088, -0.955988, -0.200595, 0.027524, 0.999191, 0.029336, 0.811375, 0.0, 0.0, 0.0, 1.0],
                [0.956086, -0.017387, -0.292569, 0.071733, -0.291737, 0.039186, -0.955696, -0.200878, 0.028082, 0.999081, 0.032393, 0.804311, 0.0, 0.0, 0.0, 1.0],
                [0.955957, -0.016838, -0.293025, 0.07177, -0.292096, 0.043236, -0.955411, -0.200983, 0.028756, 0.998923, 0.036413, 0.795685, 0.0, 0.0, 0.0, 1.0],
                [0.955842, -0.016108, -0.293438, 0.071775, -0.292387, 0.048386, -0.955075, -0.200997, 0.029582, 0.998699, 0.041539, 0.785269, 0.0, 0.0, 0.0, 1.0],
                [0.973775, -0.017332, -0.22685, 0.071775, -0.225608, 0.05515, -0.972656, -0.129512, 0.029369, 0.998328, 0.049793, 0.772933, 0.0, 0.0, 0.0, 1.0],
                [0.998297, -0.023336, -0.053461, 0.071775, -0.051901, 0.06297, -0.996665, 0.046675, 0.026625, 0.997743, 0.061651, 0.758933, 0.0, 0.0, 0.0, 1.0],
                [0.98419, -0.034347, 0.173754, 0.071775, 0.175787, 0.069464, -0.981974, 0.270158, 0.021658, 0.996993, 0.074403, 0.743618, 0.0, 0.0, 0.0, 1.0],
                [0.923236, -0.048651, 0.381141, 0.071775, 0.383852, 0.07261, -0.920535, 0.483531, 0.01711, 0.996173, 0.085711, 0.727342, 0.0, 0.0, 0.0, 1.0],
                [0.860469, -0.063574, 0.505521, 0.071775, 0.509196, 0.07288, -0.857559, 0.629388, 0.017676, 0.995313, 0.095082, 0.710455, 0.0, 0.0, 0.0, 1.0],
                [0.830369, -0.078579, 0.551646, 0.071775, 0.556626, 0.071476, -0.827683, 0.694805, 0.025609, 0.994342, 0.103091, 0.693857, 0.0, 0.0, 0.0, 1.0],
                [0.819543, -0.091483, 0.565667, 0.071775, 0.571911, 0.069272, -0.817386, 0.718905, 0.035592, 0.993394, 0.109092, 0.680631, 0.0, 0.0, 0.0, 1.0],
                [0.818414, -0.097919, 0.566224, 0.071775, 0.573128, 0.067938, -0.816645, 0.722352, 0.041497, 0.992873, 0.111721, 0.67441, 0.0, 0.0, 0.0, 1.0],
                [0.818519, -0.099555, 0.565788, 0.071775, 0.572856, 0.067459, -0.816875, 0.722366, 0.043157, 0.992743, 0.112247, 0.672988, 0.0, 0.0, 0.0, 1.0],
                [0.81855, -0.101, 0.565487, 0.071775, 0.572701, 0.067031, -0.817019, 0.722396, 0.044614, 0.992626, 0.112711, 0.671733, 0.0, 0.0, 0.0, 1.0],
                [0.818516, -0.102266, 0.565308, 0.071775, 0.572649, 0.066652, -0.817087, 0.722448, 0.045881, 0.992522, 0.113119, 0.670634, 0.0, 0.0, 0.0, 1.0],
                [0.818428, -0.103364, 0.565236, 0.071775, 0.572687, 0.066319, -0.817087, 0.722527, 0.046972, 0.99243, 0.113472, 0.669682, 0.0, 0.0, 0.0, 1.0],
                [0.818294, -0.104307, 0.565257, 0.071775, 0.572801, 0.066027, -0.817031, 0.722641, 0.0479, 0.992351, 0.113777, 0.668866, 0.0, 0.0, 0.0, 1.0],
                [0.818123, -0.105107, 0.565355, 0.071775, 0.572979, 0.065775, -0.816927, 0.722793, 0.048679, 0.992283, 0.114036, 0.668175, 0.0, 0.0, 0.0, 1.0],
                [0.817926, -0.105776, 0.565516, 0.071775, 0.573206, 0.065559, -0.816785, 0.72299, 0.049322, 0.992226, 0.114253, 0.667599, 0.0, 0.0, 0.0, 1.0],
                [0.817709, -0.106325, 0.565727, 0.071775, 0.57347, 0.065376, -0.816614, 0.723238, 0.049841, 0.99218, 0.114432, 0.667127, 0.0, 0.0, 0.0, 1.0],
                [0.817483, -0.106765, 0.565971, 0.071775, 0.573757, 0.065224, -0.816425, 0.723543, 0.050251, 0.992143, 0.114576, 0.66675, 0.0, 0.0, 0.0, 1.0],
                [0.817255, -0.107109, 0.566235, 0.071775, 0.574054, 0.065099, -0.816226, 0.72391, 0.050564, 0.992114, 0.114689, 0.666456, 0.0, 0.0, 0.0, 1.0],
                [0.817035, -0.107369, 0.566504, 0.071775, 0.574347, 0.065, -0.816027, 0.724345, 0.050793, 0.992092, 0.114774, 0.666235, 0.0, 0.0, 0.0, 1.0],
                [0.81683, -0.107555, 0.566763, 0.071775, 0.574624, 0.064923, -0.815838, 0.724854, 0.050952, 0.992077, 0.114834, 0.666076, 0.0, 0.0, 0.0, 1.0],
                [0.81665, -0.107679, 0.566999, 0.071775, 0.574871, 0.064865, -0.815669, 0.725443, 0.051052, 0.992067, 0.114874, 0.66597, 0.0, 0.0, 0.0, 1.0],
                [0.816503, -0.107753, 0.567196, 0.071775, 0.575074, 0.064824, -0.815529, 0.726116, 0.051107, 0.992062, 0.114895, 0.665906, 0.0, 0.0, 0.0, 1.0],
                [0.816398, -0.107788, 0.567341, 0.071775, 0.575221, 0.064798, -0.815427, 0.726882, 0.051131, 0.99206, 0.114903, 0.665873, 0.0, 0.0, 0.0, 1.0],
                [0.816344, -0.107795, 0.567418, 0.071775, 0.575299, 0.064783, -0.815374, 0.727744, 0.051135, 0.99206, 0.114899, 0.66586, 0.0, 0.0, 0.0, 1.0],
                [0.816348, -0.107787, 0.567413, 0.071775, 0.575293, 0.064776, -0.815379, 0.728708, 0.051132, 0.992061, 0.114889, 0.665859, 0.0, 0.0, 0.0, 1.0],
                [0.816488, -0.107738, 0.567221, 0.071788, 0.575094, 0.064765, -0.81552, 0.72978, 0.051127, 0.992068, 0.114839, 0.66593, 0.0, 0.0, 0.0, 1.0],
                [0.816832, -0.107618, 0.566748, 0.071824, 0.574607, 0.064736, -0.815866, 0.730958, 0.051113, 0.992082, 0.114717, 0.666143, 0.0, 0.0, 0.0, 1.0],
                [0.817375, -0.107429, 0.566001, 0.071884, 0.573836, 0.064691, -0.816411, 0.73224, 0.051091, 0.992106, 0.114523, 0.666494, 0.0, 0.0, 0.0, 1.0],
                [0.818112, -0.107171, 0.564983, 0.071966, 0.572787, 0.064629, -0.817153, 0.733623, 0.051061, 0.992138, 0.11426, 0.666981, 0.0, 0.0, 0.0, 1.0],
                [0.819039, -0.106847, 0.563701, 0.072072, 0.571464, 0.064551, -0.818084, 0.735105, 0.051023, 0.992178, 0.113929, 0.667601, 0.0, 0.0, 0.0, 1.0],
                [0.820149, -0.106458, 0.562158, 0.072199, 0.569874, 0.064456, -0.8192, 0.736683, 0.050976, 0.992226, 0.113531, 0.66835, 0.0, 0.0, 0.0, 1.0],
                [0.821438, -0.106005, 0.560359, 0.072348, 0.56802, 0.064344, -0.820496, 0.738356, 0.050921, 0.992282, 0.113068, 0.669226, 0.0, 0.0, 0.0, 1.0],
                [0.822899, -0.105491, 0.558309, 0.072518, 0.565907, 0.064217, -0.821964, 0.740121, 0.050857, 0.992345, 0.112542, 0.670226, 0.0, 0.0, 0.0, 1.0],
                [0.824526, -0.104915, 0.556012, 0.072709, 0.56354, 0.064072, -0.8236, 0.741975, 0.050783, 0.992415, 0.111953, 0.671347, 0.0, 0.0, 0.0, 1.0],
                [0.826315, -0.104281, 0.55347, 0.07292, 0.560922, 0.06391, -0.825398, 0.743916, 0.050701, 0.992492, 0.111303, 0.672586, 0.0, 0.0, 0.0, 1.0],
                [0.828257, -0.103588, 0.55069, 0.073151, 0.558058, 0.063732, -0.827351, 0.745942, 0.050608, 0.992576, 0.110595, 0.673941, 0.0, 0.0, 0.0, 1.0],
                [0.830348, -0.10284, 0.547673, 0.0734, 0.554952, 0.063535, -0.829453, 0.748051, 0.050504, 0.992667, 0.109828, 0.675408, 0.0, 0.0, 0.0, 1.0],
                [0.83258, -0.102037, 0.544425, 0.073668, 0.551608, 0.063322, -0.831697, 0.750239, 0.05039, 0.992763, 0.109005, 0.676985, 0.0, 0.0, 0.0, 1.0],
                [0.834948, -0.101182, 0.540948, 0.073955, 0.548029, 0.06309, -0.834077, 0.752505, 0.050265, 0.992866, 0.108127, 0.678668, 0.0, 0.0, 0.0, 1.0],
                [0.837443, -0.100274, 0.537246, 0.074259, 0.54422, 0.06284, -0.836586, 0.754846, 0.050128, 0.992973, 0.107196, 0.680456, 0.0, 0.0, 0.0, 1.0],
                [0.840061, -0.099317, 0.533323, 0.07458, 0.540185, 0.062572, -0.839217, 0.757261, 0.049978, 0.993086, 0.106214, 0.682344, 0.0, 0.0, 0.0, 1.0],
                [0.842793, -0.098312, 0.529182, 0.074918, 0.535927, 0.062284, -0.841964, 0.759745, 0.049815, 0.993205, 0.105181, 0.68433, 0.0, 0.0, 0.0, 1.0],
                [0.845634, -0.09726, 0.524828, 0.075272, 0.53145, 0.061977, -0.844819, 0.762298, 0.049639, 0.993327, 0.104099, 0.686411, 0.0, 0.0, 0.0, 1.0],
                [0.848575, -0.096162, 0.520263, 0.075642, 0.526759, 0.061651, -0.847776, 0.764916, 0.049449, 0.993455, 0.10297, 0.688585, 0.0, 0.0, 0.0, 1.0],
                [0.851611, -0.095021, 0.51549, 0.076027, 0.521857, 0.061305, -0.850827, 0.767598, 0.049245, 0.993586, 0.101795, 0.690848, 0.0, 0.0, 0.0, 1.0],
                [0.854733, -0.093839, 0.510515, 0.076427, 0.516748, 0.060938, -0.853966, 0.770341, 0.049025, 0.993721, 0.100576, 0.693197, 0.0, 0.0, 0.0, 1.0],
                [0.857935, -0.092615, 0.505341, 0.076841, 0.511435, 0.06055, -0.857186, 0.773143, 0.04879, 0.993859, 0.099315, 0.69563, 0.0, 0.0, 0.0, 1.0],
                [0.861211, -0.091354, 0.49997, 0.077268, 0.505925, 0.060142, -0.860478, 0.776001, 0.048539, 0.994001, 0.098013, 0.698144, 0.0, 0.0, 0.0, 1.0],
                [0.864552, -0.090055, 0.494408, 0.077709, 0.500219, 0.059712, -0.863837, 0.778912, 0.048271, 0.994145, 0.096671, 0.700736, 0.0, 0.0, 0.0, 1.0],
                [0.867952, -0.088721, 0.488659, 0.078163, 0.494324, 0.05926, -0.867255, 0.781876, 0.047985, 0.994292, 0.095292, 0.703402, 0.0, 0.0, 0.0, 1.0],
                [0.871404, -0.087353, 0.482726, 0.078629, 0.488243, 0.058787, -0.870725, 0.784888, 0.047682, 0.994441, 0.093877, 0.706141, 0.0, 0.0, 0.0, 1.0],
                [0.874901, -0.085953, 0.476614, 0.079107, 0.481981, 0.058291, -0.874241, 0.787947, 0.047361, 0.994592, 0.092427, 0.708949, 0.0, 0.0, 0.0, 1.0],
                [0.878435, -0.084523, 0.470327, 0.079596, 0.475542, 0.057773, -0.877794, 0.791051, 0.047021, 0.994745, 0.090944, 0.711823, 0.0, 0.0, 0.0, 1.0],
                [0.882001, -0.083064, 0.46387, 0.080095, 0.468932, 0.057232, -0.881378, 0.794196, 0.046663, 0.994899, 0.08943, 0.714761, 0.0, 0.0, 0.0, 1.0],
                [0.88559, -0.081579, 0.457247, 0.080606, 0.462156, 0.056669, -0.884986, 0.797382, 0.046285, 0.995054, 0.087887, 0.717759, 0.0, 0.0, 0.0, 1.0],
                [0.889197, -0.080068, 0.450464, 0.081125, 0.455218, 0.056082, -0.888612, 0.800604, 0.045887, 0.99521, 0.086316, 0.720815, 0.0, 0.0, 0.0, 1.0],
                [0.892815, -0.078535, 0.443525, 0.081655, 0.448123, 0.055472, -0.892249, 0.803861, 0.045469, 0.995367, 0.08472, 0.723925, 0.0, 0.0, 0.0, 1.0],
                [0.896437, -0.076979, 0.436435, 0.082193, 0.440878, 0.05484, -0.89589, 0.807151, 0.045031, 0.995523, 0.083099, 0.727088, 0.0, 0.0, 0.0, 1.0],
                [0.900056, -0.075404, 0.429201, 0.082739, 0.433488, 0.054184, -0.899529, 0.810472, 0.044572, 0.99568, 0.081455, 0.7303, 0.0, 0.0, 0.0, 1.0],
                [0.903667, -0.073811, 0.421826, 0.083293, 0.425959, 0.053505, -0.903159, 0.81382, 0.044093, 0.995836, 0.079791, 0.733557, 0.0, 0.0, 0.0, 1.0],
                [0.907264, -0.072201, 0.414318, 0.083855, 0.418297, 0.052803, -0.906774, 0.817193, 0.043593, 0.995991, 0.078107, 0.736858, 0.0, 0.0, 0.0, 1.0],
                [0.91084, -0.070577, 0.406682, 0.084424, 0.410507, 0.052078, -0.910369, 0.820589, 0.043072, 0.996146, 0.076407, 0.7402, 0.0, 0.0, 0.0, 1.0],
                [0.914389, -0.06894, 0.398924, 0.084998, 0.402597, 0.05133, -0.913937, 0.824006, 0.04253, 0.996299, 0.074691, 0.743578, 0.0, 0.0, 0.0, 1.0],
                [0.917906, -0.067292, 0.39105, 0.085579, 0.394572, 0.05056, -0.917473, 0.827442, 0.041967, 0.996451, 0.072961, 0.746992, 0.0, 0.0, 0.0, 1.0],
                [0.921386, -0.065634, 0.383066, 0.086165, 0.386439, 0.049768, -0.920971, 0.830893, 0.041383, 0.996602, 0.071219, 0.750437, 0.0, 0.0, 0.0, 1.0],
                [0.924823, -0.063969, 0.37498, 0.086756, 0.378205, 0.048954, -0.924426, 0.834358, 0.040778, 0.99675, 0.069467, 0.753911, 0.0, 0.0, 0.0, 1.0],
                [0.928212, -0.062299, 0.366798, 0.087352, 0.369878, 0.048119, -0.927833, 0.837834, 0.040153, 0.996897, 0.067707, 0.757411, 0.0, 0.0, 0.0, 1.0],
                [0.931549, -0.060624, 0.358527, 0.087951, 0.361464, 0.047262, -0.931188, 0.841318, 0.039507, 0.997041, 0.06594, 0.760934, 0.0, 0.0, 0.0, 1.0],
                [0.934828, -0.058946, 0.350174, 0.088554, 0.35297, 0.046385, -0.934484, 0.84481, 0.038842, 0.997183, 0.064169, 0.764477, 0.0, 0.0, 0.0, 1.0],
                [0.938046, -0.057268, 0.341746, 0.08916, 0.344404, 0.045488, -0.937719, 0.848305, 0.038156, 0.997322, 0.062394, 0.768037, 0.0, 0.0, 0.0, 1.0],
                [0.941198, -0.055591, 0.333251, 0.089768, 0.335774, 0.044572, -0.940888, 0.851802, 0.037452, 0.997458, 0.060617, 0.771612, 0.0, 0.0, 0.0, 1.0],
                [0.94428, -0.053917, 0.324696, 0.090378, 0.327086, 0.043637, -0.943986, 0.855298, 0.036728, 0.997591, 0.058841, 0.775199, 0.0, 0.0, 0.0, 1.0],
                [0.94729, -0.052247, 0.316089, 0.09099, 0.31835, 0.042684, -0.947012, 0.858791, 0.035986, 0.997721, 0.057067, 0.778794, 0.0, 0.0, 0.0, 1.0],
                [0.950223, -0.050582, 0.307437, 0.091602, 0.309573, 0.041714, -0.94996, 0.862279, 0.035227, 0.997848, 0.055297, 0.782394, 0.0, 0.0, 0.0, 1.0],
                [0.953077, -0.048925, 0.298749, 0.092216, 0.300762, 0.040728, -0.952829, 0.865759, 0.03445, 0.997972, 0.053532, 0.785998, 0.0, 0.0, 0.0, 1.0],
                [0.955848, -0.047277, 0.290033, 0.092829, 0.291927, 0.039726, -0.955615, 0.869229, 0.033657, 0.998092, 0.051774, 0.789602, 0.0, 0.0, 0.0, 1.0],
                [0.958535, -0.04564, 0.281296, 0.093441, 0.283075, 0.03871, -0.958316, 0.872686, 0.032848, 0.998208, 0.050025, 0.793203, 0.0, 0.0, 0.0, 1.0],
                [0.961135, -0.044014, 0.272547, 0.094053, 0.274215, 0.037681, -0.96093, 0.876129, 0.032025, 0.99832, 0.048286, 0.796798, 0.0, 0.0, 0.0, 1.0],
                [0.963646, -0.042402, 0.263795, 0.094663, 0.265354, 0.036639, -0.963455, 0.879554, 0.031188, 0.998429, 0.046558, 0.800384, 0.0, 0.0, 0.0, 1.0],
                [0.966067, -0.040805, 0.255047, 0.095271, 0.256503, 0.035585, -0.965888, 0.882959, 0.030337, 0.998533, 0.044844, 0.803959, 0.0, 0.0, 0.0, 1.0],
                [0.968396, -0.039224, 0.246312, 0.095877, 0.247668, 0.034522, -0.96823, 0.886342, 0.029475, 0.998634, 0.043145, 0.807519, 0.0, 0.0, 0.0, 1.0],
                [0.970633, -0.037661, 0.237599, 0.09648, 0.238858, 0.03345, -0.970478, 0.889701, 0.028601, 0.998731, 0.041463, 0.811063, 0.0, 0.0, 0.0, 1.0],
                [0.972776, -0.036116, 0.228915, 0.097079, 0.230083, 0.032369, -0.972633, 0.893033, 0.027718, 0.998823, 0.039798, 0.814586, 0.0, 0.0, 0.0, 1.0],
                [0.974825, -0.034592, 0.22027, 0.097675, 0.22135, 0.031283, -0.974693, 0.896336, 0.026826, 0.998912, 0.038152, 0.818085, 0.0, 0.0, 0.0, 1.0],
                [0.97678, -0.033089, 0.211672, 0.098266, 0.212669, 0.030191, -0.976658, 0.899608, 0.025926, 0.998996, 0.036527, 0.821559, 0.0, 0.0, 0.0, 1.0],
                [0.978641, -0.031608, 0.20313, 0.098852, 0.204047, 0.029096, -0.978529, 0.902845, 0.025019, 0.999077, 0.034924, 0.825005, 0.0, 0.0, 0.0, 1.0],
                [0.980409, -0.030151, 0.194653, 0.099433, 0.195493, 0.027998, -0.980305, 0.906046, 0.024107, 0.999153, 0.033344, 0.828418, 0.0, 0.0, 0.0, 1.0],
                [0.982083, -0.028719, 0.186248, 0.100007, 0.187016, 0.026899, -0.981988, 0.909209, 0.023192, 0.999225, 0.031788, 0.831797, 0.0, 0.0, 0.0, 1.0],
                [0.983665, -0.027313, 0.177924, 0.100576, 0.178625, 0.025801, -0.983579, 0.91233, 0.022273, 0.999294, 0.030258, 0.835138, 0.0, 0.0, 0.0, 1.0],
                [0.985156, -0.025933, 0.169691, 0.101138, 0.170327, 0.024705, -0.985078, 0.915408, 0.021354, 0.999358, 0.028755, 0.838439, 0.0, 0.0, 0.0, 1.0],
                [0.986557, -0.024581, 0.161555, 0.101692, 0.162132, 0.023612, -0.986487, 0.918441, 0.020435, 0.999419, 0.02728, 0.841697, 0.0, 0.0, 0.0, 1.0],
                [0.987871, -0.023258, 0.153527, 0.102238, 0.154047, 0.022525, -0.987807, 0.921425, 0.019517, 0.999476, 0.025834, 0.844908, 0.0, 0.0, 0.0, 1.0],
                [0.989098, -0.021965, 0.145614, 0.102776, 0.146081, 0.021444, -0.98904, 0.924359, 0.018602, 0.999529, 0.024419, 0.848071, 0.0, 0.0, 0.0, 1.0],
                [0.99024, -0.020702, 0.137824, 0.103306, 0.138243, 0.020371, -0.990189, 0.927239, 0.017691, 0.999578, 0.023034, 0.851181, 0.0, 0.0, 0.0, 1.0],
                [0.991301, -0.01947, 0.130167, 0.103825, 0.13054, 0.019308, -0.991255, 0.930065, 0.016787, 0.999624, 0.021682, 0.854237, 0.0, 0.0, 0.0, 1.0],
                [0.992282, -0.018271, 0.122649, 0.104336, 0.12298, 0.018257, -0.992241, 0.932833, 0.01589, 0.999666, 0.020363, 0.857236, 0.0, 0.0, 0.0, 1.0],
                [0.993186, -0.017104, 0.11528, 0.104835, 0.115572, 0.017218, -0.99315, 0.935541, 0.015001, 0.999705, 0.019078, 0.860173, 0.0, 0.0, 0.0, 1.0],
                [0.994015, -0.01597, 0.108067, 0.105324, 0.108323, 0.016195, -0.993984, 0.938186, 0.014124, 0.999741, 0.017828, 0.863047, 0.0, 0.0, 0.0, 1.0],
                [0.994773, -0.014871, 0.101018, 0.105802, 0.101242, 0.015187, -0.994746, 0.940767, 0.013258, 0.999774, 0.016614, 0.865855, 0.0, 0.0, 0.0, 1.0],
                [0.995463, -0.013806, 0.094142, 0.106268, 0.094336, 0.014198, -0.995439, 0.943281, 0.012406, 0.999804, 0.015436, 0.868594, 0.0, 0.0, 0.0, 1.0],
                [0.996087, -0.012776, 0.087445, 0.106722, 0.087613, 0.013228, -0.996067, 0.945724, 0.011569, 0.999831, 0.014296, 0.871261, 0.0, 0.0, 0.0, 1.0],
                [0.99665, -0.011783, 0.080937, 0.107163, 0.081081, 0.01228, -0.996632, 0.948097, 0.010749, 0.999855, 0.013194, 0.873852, 0.0, 0.0, 0.0, 1.0],
                [0.997153, -0.010826, 0.074624, 0.10759, 0.074746, 0.011354, -0.997138, 0.950395, 0.009947, 0.999877, 0.012131, 0.876366, 0.0, 0.0, 0.0, 1.0],
                [0.997601, -0.009906, 0.068514, 0.108004, 0.068617, 0.010453, -0.997588, 0.952616, 0.009166, 0.999896, 0.011108, 0.878799, 0.0, 0.0, 0.0, 1.0],
                [0.997997, -0.009023, 0.062615, 0.108404, 0.062701, 0.009578, -0.997986, 0.954758, 0.008405, 0.999913, 0.010125, 0.881149, 0.0, 0.0, 0.0, 1.0],
                [0.998344, -0.008178, 0.056934, 0.108789, 0.057005, 0.008731, -0.998336, 0.956819, 0.007668, 0.999928, 0.009183, 0.883412, 0.0, 0.0, 0.0, 1.0],
                [0.998647, -0.007372, 0.051479, 0.109159, 0.051537, 0.007914, -0.99864, 0.958797, 0.006955, 0.999942, 0.008283, 0.885585, 0.0, 0.0, 0.0, 1.0],
                [0.998908, -0.006605, 0.046256, 0.109513, 0.046303, 0.007127, -0.998902, 0.960688, 0.006268, 0.999953, 0.007425, 0.887666, 0.0, 0.0, 0.0, 1.0],
                [0.999131, -0.005877, 0.041274, 0.109851, 0.041312, 0.006374, -0.999126, 0.96249, 0.005609, 0.999962, 0.006611, 0.889653, 0.0, 0.0, 0.0, 1.0],
                [0.999319, -0.005189, 0.036539, 0.110172, 0.036568, 0.005654, -0.999315, 0.964202, 0.004979, 0.999971, 0.00584, 0.891541, 0.0, 0.0, 0.0, 1.0],
                [0.999476, -0.004541, 0.032059, 0.110476, 0.032081, 0.004971, -0.999473, 0.96582, 0.004379, 0.999977, 0.005114, 0.893328, 0.0, 0.0, 0.0, 1.0],
                [0.999605, -0.003934, 0.02784, 0.110763, 0.027857, 0.004325, -0.999603, 0.967343, 0.003812, 0.999983, 0.004433, 0.895011, 0.0, 0.0, 0.0, 1.0],
                [0.999709, -0.003368, 0.02389, 0.111031, 0.023903, 0.003717, -0.999707, 0.968768, 0.003278, 0.999987, 0.003797, 0.896588, 0.0, 0.0, 0.0, 1.0],
                [0.999792, -0.002844, 0.020216, 0.11128, 0.020225, 0.003151, -0.99979, 0.970093, 0.00278, 0.999991, 0.003208, 0.898055, 0.0, 0.0, 0.0, 1.0],
                [0.999856, -0.002363, 0.016825, 0.111511, 0.016831, 0.002626, -0.999855, 0.971314, 0.002318, 0.999994, 0.002665, 0.89941, 0.0, 0.0, 0.0, 1.0],
                [0.999904, -0.001924, 0.013723, 0.111722, 0.013727, 0.002145, -0.999904, 0.972431, 0.001894, 0.999996, 0.002171, 0.900649, 0.0, 0.0, 0.0, 1.0],
                [0.999939, -0.001528, 0.010918, 0.111913, 0.01092, 0.001709, -0.999939, 0.97344, 0.001509, 0.999997, 0.001725, 0.90177, 0.0, 0.0, 0.0, 1.0],
                [0.999964, -0.001176, 0.008417, 0.112083, 0.008418, 0.001319, -0.999964, 0.97434, 0.001165, 0.999998, 0.001328, 0.90277, 0.0, 0.0, 0.0, 1.0],
                [0.99998, -0.000869, 0.006226, 0.112232, 0.006227, 0.000976, -0.99998, 0.975127, 0.000863, 0.999999, 0.000982, 0.903646, 0.0, 0.0, 0.0, 1.0],
                [0.99999, -0.000607, 0.004353, 0.112359, 0.004354, 0.000683, -0.99999, 0.9758, 0.000604, 1.0, 0.000686, 0.904396, 0.0, 0.0, 0.0, 1.0],
                [0.999996, -0.000391, 0.002805, 0.112465, 0.002805, 0.00044, -0.999996, 0.976355, 0.000389, 1.0, 0.000442, 0.905015, 0.0, 0.0, 0.0, 1.0],
                [0.999999, -0.000221, 0.001589, 0.112547, 0.001589, 0.00025, -0.999999, 0.976791, 0.000221, 1.0, 0.00025, 0.905502, 0.0, 0.0, 0.0, 1.0],
                [1.0, -9.9e-05, 0.000711, 0.112607, 0.000711, 0.000112, -1.0, 0.977106, 9.9e-05, 1.0, 0.000112, 0.905853, 0.0, 0.0, 0.0, 1.0],
                [1.0, -2.5e-05, 0.000179, 0.112643, 0.000179, 2.8e-05, -1.0, 0.977297, 2.5e-05, 1.0, 2.8e-05, 0.906066, 0.0, 0.0, 0.0, 1.0],
                [1.0, 0.0, 0.0, 0.112656, 0.0, 0.0, -1.0, 0.977361, 0.0, 1.0, 0.0, 0.906138, 0.0, 0.0, 0.0, 1.0]
            ]
        },
        {
            "name": "body",
            "time": [0.0, 0.0167, 0.0333, 0.05, 0.0667, 0.0833, 0.1, 0.1167, 0.1333, 0.15, 0.1667, 0.1833, 0.2, 0.2167, 0.2333, 0.25, 0.2667, 0.2833, 0.3, 0.3167, 0.3333, 0.35, 0.3667, 0.3833, 0.4, 0.4167, 0.4333, 0.45, 0.4667, 0.4833, 0.5, 0.5167, 0.5333, 0.55, 0.5667, 0.5833, 0.6, 0.6167, 0.6333, 0.65, 0.6667, 0.6833, 0.7, 0.7167, 0.7333, 0.75, 0.7667, 0.7833, 0.8, 0.8167, 0.8333, 0.85, 0.8667, 0.8833, 0.9, 0.9167, 0.9333, 0.95, 0.9667, 0.9833, 1.0, 1.0167, 1.0333, 1.05, 1.0667, 1.0833, 1.1, 1.1167, 1.1333, 1.15, 1.1667, 1.1833, 1.2, 1.2167, 1.2333, 1.25, 1.2667, 1.2833, 1.3, 1.3167, 1.3333, 1.35, 1.3667, 1.3833, 1.4, 1.4167, 1.4333, 1.45, 1.4667, 1.4833, 1.5, 1.5167, 1.5333, 1.55, 1.5667, 1.5833, 1.6, 1.6167, 1.6333, 1.65, 1.6667, 1.6833, 1.7, 1.7167, 1.7333, 1.75, 1.7667, 1.7833, 1.8, 1.8167, 1.8333, 1.85, 1.8667, 1.8833, 1.9, 1.9167, 1.9333, 1.95, 1.9667, 1.9833, 2.0, 2.0167, 2.0333, 2.05, 2.0667, 2.0833, 2.1, 2.1167, 2.1333, 2.15, 2.1667, 2.1833, 2.2, 2.2167, 2.2333, 2.25, 2.2667, 2.2833, 2.3, 2.3167, 2.3333, 2.35, 2.3667, 2.3833, 2.4, 2.4167, 2.4333, 2.45, 2.4667, 2.4833, 2.5, 2.5167, 2.5333, 2.55, 2.5667, 2.5833, 2.6, 2.6167, 2.6333, 2.65, 2.6667],
            "transform": [
                [1.0, 0.0, 0.0, 0.0, 0.0, 1.0, 0.0, 0.084155, 0.0, 0.0, 1.0, 0.0, 0.0, 0.0, 0.0, 1.0],
                [0.999999, -5e-06, -0.001388, 0.0, 5e-06, 1.0, 0.000107, 0.084155, 0.001388, -0.000107, 0.999999, 0.0, 0.0, 0.0, 0.0, 1.0],
                [0.999985, -1.8e-05, -0.005418, 0.0, 2e-05, 1.0, 0.000416, 0.084155, 0.005418, -0.000416, 0.999985, 0.0, 0.0, 0.0, 0.0, 1.0],
                [0.999929, -3.7e-05, -0.011895, 0.0, 4.8e-05, 1.0, 0.000912, 0.084155, 0.011895, -0.000912, 0.999929, -0.0, 0.0, 0.0, 0.0, 1.0],
                [0.999787, -5.7e-05, -0.02062, -0.0, 8.9e-05, 0.999999, 0.001578, 0.084155, 0.02062, -0.001579, 0.999786, 0.0, 0.0, 0.0, 0.0, 1.0],
                [0.999507, -7.3e-05, -0.031397, 0.0, 0.000149, 0.999997, 0.002398, 0.084155, 0.031397, -0.002402, 0.999504, 0.0, 0.0, 0.0, 0.0, 1.0],
                [0.99903, -8.1e-05, -0.044026, 0.0, 0.00023, 0.999994, 0.003357, 0.084155, 0.044026, -0.003364, 0.999025, -0.0, 0.0, 0.0, 0.0, 1.0],
                [0.998299, -7.6e-05, -0.058306, -0.0, 0.000335, 0.99999, 0.004438, 0.084155, 0.058305, -0.00445, 0.998289, 0.0, 0.0, 0.0, 0.0, 1.0],
                [0.997256, -5.2e-05, -0.074031, 0.0, 0.000469, 0.999984, 0.005623, 0.084155, 0.074029, -0.005642, 0.99724, 0.0, 0.0, 0.0, 0.0, 1.0],
                [0.995851, -5e-06, -0.090995, 0.0, 0.000635, 0.999976, 0.006897, 0.084155, 0.090993, -0.006926, 0.995827, -0.0, 0.0, 0.0, 0.0, 1.0],
                [0.994043, 6.9e-05, -0.108988, 0.0, 0.000834, 0.999966, 0.008242, 0.084155, 0.108985, -0.008283, 0.994009, 0.0, 0.0, 0.0, 0.0, 1.0],
                [0.9918, 0.000173, -0.127798, 0.0, 0.001068, 0.999953, 0.009641, 0.084155, 0.127794, -0.009698, 0.991753, 0.0, 0.0, 0.0, 0.0, 1.0],
                [0.989105, 0.000308, -0.147212, 0.0, 0.001337, 0.999938, 0.011077, 0.084155, 0.147206, -0.011153, 0.989043, -0.0, 0.0, 0.0, 0.0, 1.0],
                [0.985954, 0.000476, -0.167015, 0.0, 0.00164, 0.99992, 0.012532, 0.084155, 0.167008, -0.01263, 0.985875, 0.0, 0.0, 0.0, 0.0, 1.0],
                [0.982361, 0.000675, -0.186995, 0.0, 0.001976, 0.9999, 0.013991, 0.084155, 0.186986, -0.014114, 0.982261, -0.0, 0.0, 0.0, 0.0, 1.0],
                [0.978353, 0.000905, -0.206941, -0.0, 0.00234, 0.999878, 0.015436, 0.084155, 0.20693, -0.015586, 0.978232, 0.0, 0.0, 0.0, 0.0, 1.0],
                [0.973977, 0.001161, -0.226645, 0.0, 0.002729, 0.999854, 0.01685, 0.084155, 0.226631, -0.01703, 0.973832, -0.0, 0.0, 0.0, 0.0, 1.0],
                [0.969293, 0.00144, -0.245904, 0.0, 0.003136, 0.999829, 0.018218, 0.084155, 0.245888, -0.01843, 0.969123, -0.0, 0.0, 0.0, 0.0, 1.0],
                [0.964378, 0.001737, -0.264521, -0.0, 0.003555, 0.999803, 0.019524, 0.084155, 0.264503, -0.019769, 0.964182, 0.0, 0.0, 0.0, 0.0, 1.0],
                [0.959322, 0.002044, -0.282305, -0.0, 0.003977, 0.999777, 0.020753, 0.084155, 0.282285, -0.021032, 0.9591, -0.0, 0.0, 0.0, 0.0, 1.0],
                [0.954228, 0.002354, -0.299072, 0.0, 0.004395, 0.999751, 0.021891, 0.084155, 0.299049, -0.022203, 0.953979, 0.0, 0.0, 0.0, 0.0, 1.0],
                [0.949206, 0.00266, -0.314645, 0.0, 0.004797, 0.999726, 0.022924, 0.084155, 0.31462, -0.023269, 0.948932, -0.0, 0.0, 0.0, 0.0, 1.0],
                [0.944377, 0.002952, -0.328853, 0.0, 0.005176, 0.999702, 0.023838, 0.084155, 0.328825, -0.024214, 0.94408, 0.0, 0.0, 0.0, 0.0, 1.0],
                [0.939865, 0.003222, -0.34153, 0.0, 0.005519, 0.999682, 0.024621, 0.084155, 0.341501, -0.025025, 0.939548, 0.0, 0.0, 0.0, 0.0, 1.0],
                [0.935799, 0.003461, -0.352516, 0.0, 0.005818, 0.999664, 0.025259, 0.084155, 0.352485, -0.025688, 0.935465, 0.0, 0.0, 0.0, 0.0, 1.0],
                [0.932306, 0.003659, -0.361652, 0.0, 0.006062, 0.99965, 0.02574, 0.084155, 0.36162, -0.02619, 0.931957, -0.0, 0.0, 0.0, 0.0, 1.0],
                [0.92942, 0.003815, -0.369004, 0.0, 0.00625, 0.99964, 0.026077, 0.084155, 0.368971, -0.026542, 0.929062, -0.0, 0.0, 0.0, 0.0, 1.0],
                [0.927068, 0.003948, -0.374874, -0.0, 0.006411, 0.999631, 0.026383, 0.084155, 0.37484, -0.026862, 0.9267, 0.0, 0.0, 0.0, 0.0, 1.0],
                [0.9252, 0.00408, -0.379459, -0.0, 0.006583, 0.999619, 0.026797, 0.084155, 0.379424, -0.027291, 0.92482, 0.0, 0.0, 0.0, 0.0, 1.0],
                [0.923758, 0.004236, -0.382953, -0.0, 0.006801, 0.9996, 0.02746, 0.084155, 0.382916, -0.027971, 0.92336, -0.0, 0.0, 0.0, 0.0, 1.0],
                [0.922679, 0.00444, -0.385544, 0.0, 0.007103, 0.999568, 0.028511, 0.084155, 0.385505, -0.029045, 0.922249, -0.0, 0.0, 0.0, 0.0, 1.0],
                [0.921891, 0.004718, -0.387421, 0.0, 0.007529, 0.999519, 0.030089, 0.084155, 0.387376, -0.030655, 0.921412, 0.0, 0.0, 0.0, 0.0, 1.0],
                [0.921323, 0.005096, -0.388765, -0.0, 0.008117, 0.999444, 0.032336, 0.084155, 0.388714, -0.032947, 0.920769, 0.0, 0.0, 0.0, 0.0, 1.0],
                [0.920899, 0.005598, -0.389761, -0.0, 0.008905, 0.999334, 0.035395, 0.084155, 0.3897, -0.036066, 0.920236, -0.0, 0.0, 0.0, 0.0, 1.0],
                [0.920544, 0.006253, -0.390589, 0.0, 0.009935, 0.999174, 0.039412, 0.084155, 0.390513, -0.040161, 0.919721, 0.0, 0.0, 0.0, 0.0, 1.0],
                [0.920181, 0.007089, -0.391431, 0.0, 0.01125, 0.998944, 0.044537, 0.084155, 0.391333, -0.045385, 0.919129, 0.0, 0.0, 0.0, 0.0, 1.0],
                [0.953609, 0.004589, -0.301012, -0.0, 0.013472, 0.998232, 0.057898, 0.084155, 0.300745, -0.059267, 0.951861, 0.0, 0.0, 0.0, 0.0, 1.0],
                [0.997924, -0.008792, -0.063803, 0.0, 0.014133, 0.996388, 0.083738, 0.084155, 0.062836, -0.084466, 0.994443, -0.0, 0.0, 0.0, 0.0, 1.0],
                [0.971477, -0.036718, 0.234274, -0.0, 0.009646, 0.99324, 0.115674, 0.084155, -0.236938, -0.110115, 0.965264, 0.0, 0.0, 0.0, 0.0, 1.0],
                [0.880253, -0.073095, 0.468841, -0.0, 0.004222, 0.989231, 0.146301, 0.084155, -0.474486, -0.126802, 0.871082, -0.0, 0.0, 0.0, 0.0, 1.0],
                [0.823158, -0.106731, 0.557691, -0.0, 0.010539, 0.984878, 0.17293, 0.084155, -0.567715, -0.136471, 0.811835, -0.0, 0.0, 0.0, 0.0, 1.0],
                [0.820869, -0.134884, 0.554959, 0.0, 0.031151, 0.980838, 0.192317, 0.084155, -0.570266, -0.14058, 0.809342, -0.0, 0.0, 0.0, 0.0, 1.0],
                [0.821298, -0.156766, 0.548539, -0.0, 0.051287, 0.977901, 0.202683, 0.084155, -0.56819, -0.13833, 0.811188, 0.0, 0.0, 0.0, 0.0, 1.0],
                [0.822112, -0.16692, 0.544306, -0.0, 0.061841, 0.976579, 0.206079, 0.084155, -0.565957, -0.135759, 0.81318, 0.0, 0.0, 0.0, 0.0, 1.0],
                [0.822417, -0.169368, 0.543088, -0.0, 0.064543, 0.976269, 0.206722, 0.084155, -0.565211, -0.134959, 0.813832, 0.0, 0.0, 0.0, 0.0, 1.0],
                [0.822671, -0.171524, 0.542025, 0.0, 0.066918, 0.975989, 0.207286, 0.084155, -0.564565, -0.134257, 0.814396, -0.0, 0.0, 0.0, 0.0, 1.0],
                [0.822881, -0.173407, 0.541108, -0.0, 0.068989, 0.97574, 0.207778, 0.084155, -0.564011, -0.133646, 0.814881, 0.0, 0.0, 0.0, 0.0, 1.0],
                [0.823051, -0.175037, 0.540323, -0.0, 0.070779, 0.975521, 0.208204, 0.084155, -0.56354, -0.133119, 0.815292, 0.0, 0.0, 0.0, 0.0, 1.0],
                [0.823187, -0.176433, 0.539661, 0.0, 0.072309, 0.975331, 0.208569, 0.084155, -0.563147, -0.132669, 0.815637, 0.0, 0.0, 0.0, 0.0, 1.0],
                [0.823294, -0.177614, 0.53911, -0.0, 0.073601, 0.975168, 0.208878, 0.084155, -0.562823, -0.132289, 0.815923, 0.0, 0.0, 0.0, 0.0, 1.0],
                [0.823376, -0.178599, 0.53866, 0.0, 0.074676, 0.975031, 0.209135, 0.084155, -0.562561, -0.131972, 0.816154, -0.0, 0.0, 0.0, 0.0, 1.0],
                [0.823438, -0.179405, 0.538298, 0.0, 0.075554, 0.974918, 0.209346, 0.084155, -0.562354, -0.131713, 0.816339, 0.0, 0.0, 0.0, 0.0, 1.0],
                [0.823482, -0.18005, 0.538015, 0.0, 0.076256, 0.974827, 0.209515, 0.084155, -0.562195, -0.131505, 0.816482, 0.0, 0.0, 0.0, 0.0, 1.0],
                [0.823512, -0.180552, 0.5378, -0.0, 0.076801, 0.974756, 0.209646, 0.084155, -0.562076, -0.131343, 0.81659, -0.0, 0.0, 0.0, 0.0, 1.0],
                [0.823533, -0.180928, 0.537642, -0.0, 0.077209, 0.974703, 0.209743, 0.084155, -0.561989, -0.13122, 0.81667, -0.0, 0.0, 0.0, 0.0, 1.0],
                [0.823548, -0.181196, 0.537529, 0.0, 0.077501, 0.974666, 0.209811, 0.084155, -0.561928, -0.13113, 0.816726, -0.0, 0.0, 0.0, 0.0, 1.0],
                [0.823558, -0.181372, 0.537453, -0.0, 0.077695, 0.974641, 0.209853, 0.084155, -0.561885, -0.131069, 0.816766, 0.0, 0.0, 0.0, 0.0, 1.0],
                [0.823569, -0.181475, 0.537401, -0.0, 0.077812, 0.974627, 0.209874, 0.084155, -0.561853, -0.131029, 0.816794, -0.0, 0.0, 0.0, 0.0, 1.0],
                [0.823584, -0.18152, 0.537364, 0.0, 0.077871, 0.974622, 0.209877, 0.084155, -0.561824, -0.131006, 0.816818, -0.0, 0.0, 0.0, 0.0, 1.0],
                [0.823604, -0.181526, 0.537331, 0.0, 0.077892, 0.974623, 0.209866, 0.084155, -0.561791, -0.130993, 0.816843, 0.0, 0.0, 0.0, 0.0, 1.0],
                [0.823634, -0.181509, 0.53729, 0.0, 0.077894, 0.974627, 0.209846, 0.084155, -0.561746, -0.130985, 0.816875, 0.0, 0.0, 0.0, 0.0, 1.0],
                [0.82377, -0.181425, 0.537111, -0.0, 0.077889, 0.974646, 0.209757, 0.084155, -0.561549, -0.130957, 0.817015, 0.0, 0.0, 0.0, 0.0, 1.0],
                [0.824101, -0.181219, 0.536673, 0.0, 0.077877, 0.974694, 0.20954, 0.084155, -0.561065, -0.130888, 0.817358, -0.0, 0.0, 0.0, 0.0, 1.0],
                [0.824622, -0.180894, 0.535981, 0.0, 0.077859, 0.974769, 0.209198, 0.084155, -0.5603, -0.130778, 0.8179, -0.0, 0.0, 0.0, 0.0, 1.0],
                [0.82533, -0.180452, 0.535039, -0.0, 0.077833, 0.974871, 0.208732, 0.084155, -0.55926, -0.130629, 0.818635, -0.0, 0.0, 0.0, 0.0, 1.0],
                [0.826219, -0.179896, 0.533853, -0.0, 0.077799, 0.974999, 0.208146, 0.084155, -0.55795, -0.130441, 0.819559, -0.0, 0.0, 0.0, 0.0, 1.0],
                [0.827285, -0.179229, 0.532425, 0.0, 0.077758, 0.975152, 0.207442, 0.084155, -0.556375, -0.130214, 0.820665, 0.0, 0.0, 0.0, 0.0, 1.0],
                [0.828522, -0.178453, 0.53076, 0.0, 0.077708, 0.97533, 0.206623, 0.084155, -0.554539, -0.129947, 0.821949, 0.0, 0.0, 0.0, 0.0, 1.0],
                [0.829924, -0.17757, 0.528862, -0.0, 0.077649, 0.975532, 0.205691, 0.084155, -0.552447, -0.129642, 0.823405, 0.0, 0.0, 0.0, 0.0, 1.0],
                [0.831486, -0.176583, 0.526735, 0.0, 0.07758, 0.975756, 0.204648, 0.084155, -0.550103, -0.129298, 0.825027, 0.0, 0.0, 0.0, 0.0, 1.0],
                [0.833201, -0.175496, 0.524382, -0.0, 0.077501, 0.976003, 0.203498, 0.084155, -0.547511, -0.128915, 0.826808, -0.0, 0.0, 0.0, 0.0, 1.0],
                [0.835066, -0.17431, 0.521806, -0.0, 0.07741, 0.976271, 0.202243, 0.084155, -0.544677, -0.128493, 0.828744, 0.0, 0.0, 0.0, 0.0, 1.0],
                [0.837072, -0.173028, 0.519011, 0.0, 0.077307, 0.97656, 0.200884, 0.084155, -0.541604, -0.128031, 0.830827, -0.0, 0.0, 0.0, 0.0, 1.0],
                [0.839214, -0.171653, 0.516, -0.0, 0.07719, 0.976868, 0.199425, 0.084155, -0.538296, -0.12753, 0.833051, 0.0, 0.0, 0.0, 0.0, 1.0],
                [0.841485, -0.170187, 0.512775, -0.0, 0.077059, 0.977195, 0.197869, 0.084155, -0.534756, -0.126989, 0.83541, 0.0, 0.0, 0.0, 0.0, 1.0],
                [0.84388, -0.168634, 0.509341, -0.0, 0.076913, 0.97754, 0.196217, 0.084155, -0.53099, -0.126408, 0.837896, 0.0, 0.0, 0.0, 0.0, 1.0],
                [0.846392, -0.166996, 0.5057, 0.0, 0.07675, 0.977901, 0.194472, 0.084155, -0.527001, -0.125787, 0.840505, -0.0, 0.0, 0.0, 0.0, 1.0],
                [0.849014, -0.165275, 0.501856, -0.0, 0.07657, 0.978278, 0.192637, 0.084155, -0.522792, -0.125124, 0.843227, 0.0, 0.0, 0.0, 0.0, 1.0],
                [0.85174, -0.163475, 0.49781, -0.0, 0.076371, 0.97867, 0.190714, 0.084155, -0.518369, -0.124421, 0.846057, 0.0, 0.0, 0.0, 0.0, 1.0],
                [0.854563, -0.161598, 0.493567, 0.0, 0.076153, 0.979076, 0.188707, 0.084155, -0.513735, -0.123675, 0.848988, 0.0, 0.0, 0.0, 0.0, 1.0],
