{
    "animation": [
        {
            "name": "Root",
            "time": [0.0, 0.0167, 0.0333, 0.05, 0.0667, 0.0833, 0.1, 0.1167, 0.1333, 0.15, 0.1667, 0.1833, 0.2, 0.2167, 0.2333, 0.25, 0.2667, 0.2833, 0.3, 0.3167, 0.3333, 0.35, 0.3667, 0.3833, 0.4, 0.4167, 0.4333, 0.45, 0.4667, 0.4833, 0.5, 0.5167, 0.5333, 0.55, 0.5667, 0.5833, 0.6, 0.6167, 0.6333, 0.65, 0.6667, 0.6833, 0.7, 0.7167, 0.7333, 0.75, 0.7667, 0.7833, 0.8, 0.8167, 0.8333, 0.85, 0.8667, 0.8833, 0.9, 0.9167, 0.9333, 0.95, 0.9667, 0.9833, 1.0, 1.0167, 1.0333, 1.05, 1.0667, 1.0833, 1.1, 1.1167, 1.1333, 1.15, 1.1667, 1.1833, 1.2, 1.2167, 1.2333, 1.25, 1.2667, 1.2833, 1.3, 1.3167, 1.3333, 1.35, 1.3667, 1.3833, 1.4, 1.4167, 1.4333, 1.45, 1.4667, 1.4833, 1.5, 1.5167, 1.5333, 1.55, 1.5667, 1.5833, 1.6, 1.6167, 1.6333, 1.65, 1.6667, 1.6833, 1.7, 1.7167, 1.7333, 1.75, 1.7667, 1.7833, 1.8, 1.8167, 1.8333, 1.85, 1.8667, 1.8833, 1.9, 1.9167, 1.9333, 1.95, 1.9667, 1.9833, 2.0, 2.0167, 2.0333, 2.05, 2.0667, 2.0833, 2.1, 2.1167, 2.1333, 2.15, 2.1667, 2.1833, 2.2, 2.2167, 2.2333, 2.25, 2.2667, 2.2833, 2.3, 2.3167, 2.3333, 2.35, 2.3667, 2.3833, 2.4, 2.4167, 2.4333, 2.45, 2.4667, 2.4833, 2.5, 2.5167, 2.5333, 2.55, 2.5667, 2.5833, 2.6, 2.6167, 2.6333, 2.65, 2.6667],
            "transform": [
                [0.816348, -0.107787, 0.567414, 0.0, 0.575293, 0.064776, -0.815379, 0.0, 0.051132, 0.992061, 0.114889, 0.665859, 0.0, 0.0, 0.0, 1.0],
                [0.815377, -0.106756, 0.569002, 0.0, 0.576721, 0.063998, -0.814431, 0.0, 0.05053, 0.992223, 0.113751, 0.665859, 0.0, 0.0, 0.0, 1.0],
                [0.812559, -0.103769, 0.573568, 0.0, 0.580833, 0.061765, -0.811676, 0.0, 0.0488, 0.992682, 0.11046, 0.665859, 0.0, 0.0, 0.0, 1.0],
                [0.808011, -0.098969, 0.580795, 0.0, 0.587363, 0.058239, -0.807225, 0.0, 0.046066, 0.993385, 0.105188, 0.665859, 0.0, 0.0, 0.0, 1.0],
                [0.801832, -0.092493, 0.590348, 0.0, 0.596039, 0.053592, -0.801165, 0.0, 0.042464, 0.99427, 0.098101, 0.665859, 0.0, 0.0, 0.0, 1.0],
                [0.794107, -0.084471, 0.601879, 0.0, 0.606579, 0.048006, -0.793572, 0.0, 0.03814, 0.995269, 0.08936, 0.665859, 0.0, 0.0, 0.0, 1.0],
                [0.784924, -0.075034, 0.615032, 0.0, 0.6187, 0.041665, -0.784522, 0.0, 0.03324, 0.99631, 0.079127, 0.665859, 0.0, 0.0, 0.0, 1.0],
                [0.774375, -0.06432, 0.62945, 0.0, 0.632111, 0.034754, -0.774098, 0.0, 0.027914, 0.997324, 0.06757, 0.665859, 0.0, 0.0, 0.0, 1.0],
                [0.762566, -0.052476, 0.644778, 0.0, 0.646525, 0.027458, -0.762398, 0.0, 0.022304, 0.998245, 0.054865, 0.665859, 0.0, 0.0, 0.0, 1.0],
                [0.749627, -0.039662, 0.660672, 0.0, 0.661654, 0.019952, -0.749544, 0.0, 0.016546, 0.999014, 0.041199, 0.665859, 0.0, 0.0, 0.0, 1.0],
                [0.735706, -0.026049, 0.6768, 0.0, 0.677216, 0.012406, -0.73568, 0.0, 0.010767, 0.999584, 0.026768, 0.665859, 0.0, 0.0, 0.0, 1.0],
                [0.72098, -0.011824, 0.692855, 0.0, 0.692937, 0.004977, -0.720981, 0.0, 0.005077, 0.999918, 0.011782, 0.665859, 0.0, 0.0, 0.0, 1.0],
                [0.705654, 0.002813, 0.708551, 0.0, 0.708556, -0.002195, -0.705651, 0.0, -0.00043, 0.999994, -0.003542, 0.665859, 0.0, 0.0, 0.0, 1.0],
                [0.689957, 0.017651, 0.723635, 0.0, 0.723828, -0.008984, -0.689922, 0.0, -0.005676, 0.999804, -0.018975, 0.665859, 0.0, 0.0, 0.0, 1.0],
                [0.674143, 0.032468, 0.737887, 0.0, 0.738525, -0.015285, -0.674053, 0.0, -0.010607, 0.999356, -0.034283, 0.665859, 0.0, 0.0, 0.0, 1.0],
                [0.658487, 0.047039, 0.75112, 0.0, 0.752438, -0.021012, -0.658327, 0.0, -0.015184, 0.998672, -0.04923, 0.665859, 0.0, 0.0, 0.0, 1.0],
                [0.643283, 0.061129, 0.763184, 0.0, 0.765383, -0.026098, -0.643046, 0.0, -0.019392, 0.997789, -0.063575, 0.665859, 0.0, 0.0, 0.0, 1.0],
                [0.628835, 0.074507, 0.773961, 0.0, 0.777192, -0.030493, -0.628525, 0.0, -0.023229, 0.996754, -0.077081, 0.665859, 0.0, 0.0, 0.0, 1.0],
                [0.615459, 0.086941, 0.783359, 0.0, 0.787716, -0.034165, -0.61509, 0.0, -0.026713, 0.995627, -0.089512, 0.665859, 0.0, 0.0, 0.0, 1.0],
                [0.603473, 0.098201, 0.791313, 0.0, 0.796824, -0.037092, -0.603072, 0.0, -0.029871, 0.994475, -0.100633, 0.665859, 0.0, 0.0, 0.0, 1.0],
                [0.593197, 0.108064, 0.797771, 0.0, 0.804391, -0.039263, -0.592801, 0.0, -0.032737, 0.993368, -0.110216, 0.665859, 0.0, 0.0, 0.0, 1.0],
                [0.584736, 0.11643, 0.802825, 0.0, 0.810454, -0.040757, -0.584382, 0.0, -0.035319, 0.992362, -0.118193, 0.665859, 0.0, 0.0, 0.0, 1.0],
                [0.577879, 0.123504, 0.806724, 0.0, 0.815251, -0.041691, -0.577605, 0.0, -0.037703, 0.991468, -0.124779, 0.665859, 0.0, 0.0, 0.0, 1.0],
                [0.572461, 0.129524, 0.809637, 0.0, 0.818954, -0.042107, -0.572313, 0.0, -0.040037, 0.990682, -0.130179, 0.665859, 0.0, 0.0, 0.0, 1.0],
                [0.568308, 0.134727, 0.811711, 0.0, 0.82172, -0.042032, -0.568339, 0.0, -0.042453, 0.989991, -0.134595, 0.665859, 0.0, 0.0, 0.0, 1.0],
                [0.565234, 0.139352, 0.813075, 0.0, 0.823698, -0.041483, -0.565509, 0.0, -0.045076, 0.989374, -0.138231, 0.665859, 0.0, 0.0, 0.0, 1.0],
                [0.56305, 0.143638, 0.813844, 0.0, 0.825026, -0.040472, -0.563643, 0.0, -0.048023, 0.988802, -0.141293, 0.665859, 0.0, 0.0, 0.0, 1.0],
                [0.561559, 0.147824, 0.814125, 0.0, 0.825839, -0.039004, -0.562556, 0.0, -0.051405, 0.988244, -0.143982, 0.665859, 0.0, 0.0, 0.0, 1.0],
                [0.560561, 0.152149, 0.814016, 0.0, 0.826263, -0.037083, -0.562063, 0.0, -0.055331, 0.987662, -0.146502, 0.665859, 0.0, 0.0, 0.0, 1.0],
                [0.559852, 0.15685, 0.813612, 0.0, 0.826424, -0.034709, -0.561977, 0.0, -0.059906, 0.987012, -0.149057, 0.665859, 0.0, 0.0, 0.0, 1.0],
                [0.559224, 0.162163, 0.813002, 0.0, 0.826446, -0.031882, -0.562113, 0.0, -0.065234, 0.986249, -0.151848, 0.665859, 0.0, 0.0, 0.0, 1.0],
                [0.580783, 0.167566, 0.796626, -0.005255, 0.810629, -0.029307, -0.584827, 0.049368, -0.07465, 0.985425, -0.152855, 0.663613, 0.0, 0.0, 0.0, 1.0],
                [0.640093, 0.172423, 0.7487, -0.017785, 0.762953, -0.027909, -0.645851, 0.176265, -0.090464, 0.984628, -0.149415, 0.657389, 0.0, 0.0, 0.0, 1.0],
                [0.724594, 0.17658, 0.666171, -0.03274, 0.68022, -0.027912, -0.732477, 0.348882, -0.110747, 0.98389, -0.140338, 0.647959, 0.0, 0.0, 0.0, 1.0],
                [0.818041, 0.179638, 0.546387, -0.04527, 0.559633, -0.029353, -0.828221, 0.535408, -0.132742, 0.983295, -0.124543, 0.636094, 0.0, 0.0, 0.0, 1.0],
                [0.901949, 0.181065, 0.392052, -0.050524, 0.403829, -0.031976, -0.914276, 0.704032, -0.153007, 0.982951, -0.10196, 0.622566, 0.0, 0.0, 0.0, 1.0],
                [0.959342, 0.180557, 0.216939, -0.04372, 0.226715, -0.035137, -0.973327, 0.829312, -0.168118, 0.982937, -0.074643, 0.608371, 0.0, 0.0, 0.0, 1.0],
                [0.982471, 0.178746, 0.052926, -0.028606, 0.060624, -0.037881, -0.997442, 0.911267, -0.176284, 0.983166, -0.048054, 0.59541, 0.0, 0.0, 0.0, 1.0],
                [0.981982, 0.176761, -0.066836, -0.013134, -0.060747, -0.039643, -0.997366, 0.956284, -0.178945, 0.983455, -0.028191, 0.58581, 0.0, 0.0, 0.0, 1.0],
                [0.97746, 0.175757, -0.116968, -0.005255, -0.111574, -0.040303, -0.992939, 0.970748, -0.17923, 0.983608, -0.019784, 0.581697, 0.0, 0.0, 0.0, 1.0],
                [0.976589, 0.175607, -0.124239, -0.003948, -0.118946, -0.040397, -0.992079, 0.971917, -0.179235, 0.983631, -0.018564, 0.581094, 0.0, 0.0, 0.0, 1.0],
                [0.975838, 0.175484, -0.130177, -0.002878, -0.124965, -0.040478, -0.991335, 0.972817, -0.179233, 0.98365, -0.017571, 0.5806, 0.0, 0.0, 0.0, 1.0],
                [0.975211, 0.175385, -0.134922, -0.002021, -0.129775, -0.040547, -0.990714, 0.97349, -0.179227, 0.983664, -0.016782, 0.580205, 0.0, 0.0, 0.0, 1.0],
                [0.974707, 0.175308, -0.138611, -0.001354, -0.133513, -0.040604, -0.990215, 0.973976, -0.179221, 0.983676, -0.016171, 0.579897, 0.0, 0.0, 0.0, 1.0],
                [0.97432, 0.17525, -0.14138, -0.000853, -0.136319, -0.040649, -0.989831, 0.974316, -0.179214, 0.983685, -0.015715, 0.579666, 0.0, 0.0, 0.0, 1.0],
                [0.974038, 0.175208, -0.143362, -0.000493, -0.138327, -0.040681, -0.989551, 0.974551, -0.179209, 0.983691, -0.015389, 0.5795, 0.0, 0.0, 0.0, 1.0],
                [0.973847, 0.17518, -0.144689, -0.000253, -0.139672, -0.040702, -0.989361, 0.974722, -0.179205, 0.983695, -0.01517, 0.579389, 0.0, 0.0, 0.0, 1.0],
                [0.97373, 0.175163, -0.145493, -0.000107, -0.140488, -0.040711, -0.989245, 0.974869, -0.179202, 0.983697, -0.015033, 0.579322, 0.0, 0.0, 0.0, 1.0],
                [0.97367, 0.175155, -0.145905, -3.2e-05, -0.140908, -0.040707, -0.989186, 0.975032, -0.1792, 0.983699, -0.014955, 0.579287, 0.0, 0.0, 0.0, 1.0],
                [0.973648, 0.175152, -0.146055, -4e-06, -0.141063, -0.040691, -0.989164, 0.975254, -0.179197, 0.9837, -0.014911, 0.579274, 0.0, 0.0, 0.0, 1.0],
                [0.973645, 0.175153, -0.146074, 0.0, -0.141087, -0.040663, -0.989162, 0.975575, -0.179194, 0.983701, -0.014879, 0.579273, 0.0, 0.0, 0.0, 1.0],
                [0.973658, 0.175112, -0.146034, -3.8e-05, -0.141055, -0.040615, -0.989168, 0.976027, -0.179146, 0.98371, -0.014845, 0.579353, 0.0, 0.0, 0.0, 1.0],
                [0.973697, 0.174989, -0.145923, -0.00015, -0.140958, -0.040544, -0.989185, 0.976616, -0.179012, 0.983735, -0.014811, 0.579593, 0.0, 0.0, 0.0, 1.0],
                [0.973761, 0.174784, -0.145743, -0.000336, -0.140795, -0.040448, -0.989212, 0.97734, -0.178794, 0.983775, -0.014778, 0.579989, 0.0, 0.0, 0.0, 1.0],
                [0.973849, 0.1745, -0.145494, -0.000594, -0.140569, -0.040329, -0.989249, 0.978195, -0.178492, 0.983831, -0.014745, 0.580538, 0.0, 0.0, 0.0, 1.0],
                [0.97396, 0.174138, -0.145179, -0.000922, -0.14028, -0.040187, -0.989296, 0.979178, -0.178109, 0.983901, -0.014712, 0.581237, 0.0, 0.0, 0.0, 1.0],
                [0.974095, 0.1737, -0.144798, -0.001319, -0.139929, -0.040022, -0.989352, 0.980289, -0.177645, 0.983985, -0.01468, 0.582084, 0.0, 0.0, 0.0, 1.0],
                [0.974253, 0.173186, -0.144353, -0.001785, -0.139519, -0.039836, -0.989418, 0.981523, -0.177104, 0.984083, -0.014647, 0.583075, 0.0, 0.0, 0.0, 1.0],
                [0.974432, 0.172598, -0.143845, -0.002316, -0.139049, -0.039628, -0.989492, 0.982878, -0.176485, 0.984195, -0.014615, 0.584208, 0.0, 0.0, 0.0, 1.0],
                [0.974633, 0.171939, -0.143276, -0.002913, -0.138522, -0.039399, -0.989575, 0.984352, -0.175791, 0.984319, -0.014583, 0.585479, 0.0, 0.0, 0.0, 1.0],
                [0.974854, 0.171208, -0.142646, -0.003573, -0.137938, -0.03915, -0.989667, 0.985942, -0.175024, 0.984457, -0.01455, 0.586885, 0.0, 0.0, 0.0, 1.0],
                [0.975094, 0.170408, -0.141957, -0.004295, -0.137298, -0.038882, -0.989766, 0.987645, -0.174184, 0.984606, -0.014517, 0.588425, 0.0, 0.0, 0.0, 1.0],
                [0.975354, 0.169541, -0.141211, -0.005078, -0.136604, -0.038594, -0.989874, 0.989459, -0.173274, 0.984767, -0.014483, 0.590094, 0.0, 0.0, 0.0, 1.0],
                [0.975632, 0.168607, -0.140407, -0.005921, -0.135857, -0.038288, -0.989988, 0.991381, -0.172294, 0.98494, -0.014449, 0.591889, 0.0, 0.0, 0.0, 1.0],
                [0.975927, 0.167607, -0.139549, -0.006822, -0.135057, -0.037965, -0.99011, 0.993409, -0.171248, 0.985123, -0.014414, 0.593809, 0.0, 0.0, 0.0, 1.0],
                [0.976239, 0.166545, -0.138637, -0.007779, -0.134206, -0.037623, -0.990239, 0.995539, -0.170135, 0.985316, -0.014378, 0.595849, 0.0, 0.0, 0.0, 1.0],
                [0.976567, 0.16542, -0.137672, -0.008792, -0.133306, -0.037266, -0.990374, 0.997771, -0.168958, 0.985519, -0.014341, 0.598007, 0.0, 0.0, 0.0, 1.0],
                [0.976909, 0.164235, -0.136656, -0.009859, -0.132357, -0.036892, -0.990515, 1.000099, -0.167718, 0.985731, -0.014302, 0.60028, 0.0, 0.0, 0.0, 1.0],
                [0.977266, 0.16299, -0.13559, -0.010978, -0.13136, -0.036502, -0.990662, 1.002524, -0.166418, 0.985952, -0.014262, 0.602665, 0.0, 0.0, 0.0, 1.0],
                [0.977637, 0.161688, -0.134475, -0.012149, -0.130317, -0.036098, -0.990815, 1.00504, -0.165057, 0.986182, -0.01422, 0.605159, 0.0, 0.0, 0.0, 1.0],
                [0.97802, 0.160329, -0.133312, -0.013369, -0.129229, -0.03568, -0.990973, 1.007647, -0.163638, 0.986418, -0.014177, 0.60776, 0.0, 0.0, 0.0, 1.0],
                [0.978414, 0.158915, -0.132104, -0.014638, -0.128096, -0.035248, -0.991135, 1.010341, -0.162163, 0.986663, -0.014131, 0.610463, 0.0, 0.0, 0.0, 1.0],
                [0.97882, 0.157448, -0.13085, -0.015953, -0.12692, -0.034803, -0.991302, 1.01312, -0.160633, 0.986914, -0.014083, 0.613266, 0.0, 0.0, 0.0, 1.0],
                [0.979235, 0.155929, -0.129553, -0.017315, -0.125703, -0.034346, -0.991473, 1.015982, -0.159049, 0.987171, -0.014032, 0.616167, 0.0, 0.0, 0.0, 1.0],
                [0.97966, 0.154359, -0.128214, -0.01872, -0.124445, -0.033877, -0.991648, 1.018922, -0.157413, 0.987434, -0.013979, 0.619162, 0.0, 0.0, 0.0, 1.0],
                [0.980094, 0.15274, -0.126833, -0.020169, -0.123147, -0.033397, -0.991826, 1.02194, -0.155727, 0.987702, -0.013923, 0.622249, 0.0, 0.0, 0.0, 1.0],
                [0.980535, 0.151073, -0.125413, -0.021659, -0.12181, -0.032907, -0.992008, 1.025032, -0.153993, 0.987975, -0.013864, 0.625424, 0.0, 0.0, 0.0, 1.0],
                [0.980983, 0.14936, -0.123955, -0.023189, -0.120437, -0.032406, -0.992192, 1.028197, -0.152211, 0.988252, -0.013802, 0.628684, 0.0, 0.0, 0.0, 1.0],
                [0.981436, 0.147602, -0.122459, -0.024758, -0.119027, -0.031897, -0.992379, 1.03143, -0.150384, 0.988532, -0.013736, 0.632027, 0.0, 0.0, 0.0, 1.0],
                [0.981895, 0.145801, -0.120927, -0.026364, -0.117582, -0.031379, -0.992567, 1.03473, -0.148512, 0.988816, -0.013667, 0.635449, 0.0, 0.0, 0.0, 1.0],
                [0.982359, 0.143958, -0.119362, -0.028006, -0.116104, -0.030853, -0.992758, 1.038094, -0.146598, 0.989103, -0.013594, 0.638948, 0.0, 0.0, 0.0, 1.0],
                [0.982826, 0.142075, -0.117762, -0.029682, -0.114593, -0.030319, -0.99295, 1.041519, -0.144644, 0.989391, -0.013518, 0.642521, 0.0, 0.0, 0.0, 1.0],
                [0.983296, 0.140153, -0.116131, -0.031392, -0.11305, -0.029779, -0.993143, 1.045004, -0.14265, 0.989682, -0.013437, 0.646164, 0.0, 0.0, 0.0, 1.0],
                [0.983768, 0.138193, -0.11447, -0.033134, -0.111477, -0.029232, -0.993337, 1.048544, -0.140618, 0.989974, -0.013352, 0.649875, 0.0, 0.0, 0.0, 1.0],
                [0.984241, 0.136197, -0.112779, -0.034906, -0.109875, -0.02868, -0.993532, 1.052139, -0.138551, 0.990266, -0.013263, 0.653651, 0.0, 0.0, 0.0, 1.0],
                [0.984716, 0.134167, -0.11106, -0.036707, -0.108245, -0.028123, -0.993726, 1.055784, -0.136449, 0.99056, -0.01317, 0.657489, 0.0, 0.0, 0.0, 1.0],
                [0.98519, 0.132104, -0.109315, -0.038536, -0.106588, -0.027561, -0.993921, 1.059477, -0.134314, 0.990853, -0.013072, 0.661386, 0.0, 0.0, 0.0, 1.0],
                [0.985663, 0.130009, -0.107544, -0.040391, -0.104906, -0.026995, -0.994116, 1.063217, -0.132148, 0.991145, -0.012969, 0.665339, 0.0, 0.0, 0.0, 1.0],
                [0.986135, 0.127885, -0.10575, -0.042271, -0.103199, -0.026426, -0.99431, 1.067, -0.129952, 0.991437, -0.012862, 0.669345, 0.0, 0.0, 0.0, 1.0],
                [0.986605, 0.125732, -0.103933, -0.044174, -0.10147, -0.025854, -0.994503, 1.070823, -0.127728, 0.991727, -0.01275, 0.673401, 0.0, 0.0, 0.0, 1.0],
                [0.987072, 0.123552, -0.102094, -0.0461, -0.099718, -0.02528, -0.994695, 1.074685, -0.125478, 0.992016, -0.012633, 0.677504, 0.0, 0.0, 0.0, 1.0],
                [0.987536, 0.121347, -0.100236, -0.048046, -0.097946, -0.024704, -0.994885, 1.078582, -0.123203, 0.992303, -0.012511, 0.681651, 0.0, 0.0, 0.0, 1.0],
                [0.987996, 0.119118, -0.098359, -0.050012, -0.096154, -0.024127, -0.995074, 1.082512, -0.120904, 0.992587, -0.012384, 0.68584, 0.0, 0.0, 0.0, 1.0],
                [0.988452, 0.116867, -0.096464, -0.051996, -0.094344, -0.02355, -0.995261, 1.086472, -0.118585, 0.992868, -0.012252, 0.690067, 0.0, 0.0, 0.0, 1.0],
                [0.988902, 0.114595, -0.094554, -0.053996, -0.092518, -0.022972, -0.995446, 1.09046, -0.116245, 0.993147, -0.012115, 0.694329, 0.0, 0.0, 0.0, 1.0],
                [0.989347, 0.112304, -0.092629, -0.056012, -0.090675, -0.022394, -0.995629, 1.094473, -0.113887, 0.993422, -0.011972, 0.698624, 0.0, 0.0, 0.0, 1.0],
                [0.989786, 0.109995, -0.090691, -0.058041, -0.088818, -0.021817, -0.995809, 1.098509, -0.111513, 0.993693, -0.011825, 0.702948, 0.0, 0.0, 0.0, 1.0],
                [0.990218, 0.10767, -0.08874, -0.060083, -0.086948, -0.021241, -0.995986, 1.102564, -0.109123, 0.99396, -0.011672, 0.707299, 0.0, 0.0, 0.0, 1.0],
                [0.990644, 0.105331, -0.08678, -0.062136, -0.085065, -0.020668, -0.996161, 1.106637, -0.10672, 0.994222, -0.011514, 0.711673, 0.0, 0.0, 0.0, 1.0],
                [0.991061, 0.102979, -0.08481, -0.064198, -0.083173, -0.020096, -0.996333, 1.110724, -0.104306, 0.99448, -0.011351, 0.716068, 0.0, 0.0, 0.0, 1.0],
                [0.991471, 0.100616, -0.082832, -0.066269, -0.08127, -0.019527, -0.996501, 1.114823, -0.101881, 0.994734, -0.011183, 0.72048, 0.0, 0.0, 0.0, 1.0],
                [0.991873, 0.098243, -0.080847, -0.068347, -0.07936, -0.01896, -0.996666, 1.118932, -0.099448, 0.994982, -0.01101, 0.724907, 0.0, 0.0, 0.0, 1.0],
                [0.992266, 0.095861, -0.078858, -0.07043, -0.077443, -0.018398, -0.996827, 1.123048, -0.097008, 0.995225, -0.010832, 0.729347, 0.0, 0.0, 0.0, 1.0],
                [0.99265, 0.093474, -0.076864, -0.072517, -0.07552, -0.017839, -0.996985, 1.127168, -0.094563, 0.995462, -0.010649, 0.733794, 0.0, 0.0, 0.0, 1.0],
                [0.993025, 0.091081, -0.074868, -0.074607, -0.073593, -0.017284, -0.997139, 1.13129, -0.092115, 0.995693, -0.010461, 0.738248, 0.0, 0.0, 0.0, 1.0],
                [0.993391, 0.088686, -0.072871, -0.076699, -0.071663, -0.016734, -0.997289, 1.135411, -0.089665, 0.995919, -0.010268, 0.742705, 0.0, 0.0, 0.0, 1.0],
                [0.993746, 0.086288, -0.070874, -0.078791, -0.069731, -0.016189, -0.997434, 1.139529, -0.087214, 0.996139, -0.010071, 0.747162, 0.0, 0.0, 0.0, 1.0],
                [0.994092, 0.083891, -0.068879, -0.080881, -0.067799, -0.015649, -0.997576, 1.14364, -0.084765, 0.996352, -0.009869, 0.751616, 0.0, 0.0, 0.0, 1.0],
                [0.994427, 0.081495, -0.066886, -0.082968, -0.065868, -0.015115, -0.997714, 1.147743, -0.08232, 0.996559, -0.009663, 0.756064, 0.0, 0.0, 0.0, 1.0],
                [0.994752, 0.079102, -0.064898, -0.085051, -0.06394, -0.014587, -0.997847, 1.151834, -0.079879, 0.99676, -0.009453, 0.760503, 0.0, 0.0, 0.0, 1.0],
                [0.995066, 0.076715, -0.062915, -0.087129, -0.062015, -0.014065, -0.997976, 1.155912, -0.077444, 0.996954, -0.009239, 0.76493, 0.0, 0.0, 0.0, 1.0],
                [0.99537, 0.074334, -0.060939, -0.0892, -0.060095, -0.01355, -0.998101, 1.159973, -0.075018, 0.997141, -0.00902, 0.769342, 0.0, 0.0, 0.0, 1.0],
                [0.995663, 0.071961, -0.058972, -0.091263, -0.058181, -0.013042, -0.998221, 1.164015, -0.072602, 0.997322, -0.008799, 0.773737, 0.0, 0.0, 0.0, 1.0],
                [0.995944, 0.069597, -0.057014, -0.093315, -0.056274, -0.012541, -0.998336, 1.168035, -0.070197, 0.997496, -0.008573, 0.778112, 0.0, 0.0, 0.0, 1.0],
                [0.996216, 0.067246, -0.055067, -0.095357, -0.054377, -0.012047, -0.998448, 1.172031, -0.067805, 0.997664, -0.008345, 0.782462, 0.0, 0.0, 0.0, 1.0],
                [0.996476, 0.064907, -0.053132, -0.097386, -0.05249, -0.011561, -0.998555, 1.176001, -0.065427, 0.997824, -0.008113, 0.786786, 0.0, 0.0, 0.0, 1.0],
                [0.996725, 0.062583, -0.051211, -0.099402, -0.050615, -0.011083, -0.998657, 1.17994, -0.063067, 0.997978, -0.007879, 0.791081, 0.0, 0.0, 0.0, 1.0],
                [0.996963, 0.060276, -0.049305, -0.101402, -0.048752, -0.010613, -0.998754, 1.183848, -0.060724, 0.998125, -0.007642, 0.795343, 0.0, 0.0, 0.0, 1.0],
                [0.997191, 0.057986, -0.047415, -0.103386, -0.046904, -0.010152, -0.998848, 1.187721, -0.058401, 0.998266, -0.007403, 0.79957, 0.0, 0.0, 0.0, 1.0],
                [0.997407, 0.055716, -0.045543, -0.105352, -0.045071, -0.009699, -0.998937, 1.191557, -0.056099, 0.9984, -0.007163, 0.803759, 0.0, 0.0, 0.0, 1.0],
                [0.997613, 0.053468, -0.04369, -0.107298, -0.043256, -0.009255, -0.999021, 1.195353, -0.05382, 0.998527, -0.00692, 0.807906, 0.0, 0.0, 0.0, 1.0],
                [0.997809, 0.051243, -0.041857, -0.109224, -0.041458, -0.00882, -0.999101, 1.199107, -0.051566, 0.998647, -0.006676, 0.812009, 0.0, 0.0, 0.0, 1.0],
                [0.997994, 0.049042, -0.040046, -0.111127, -0.039681, -0.008394, -0.999177, 1.202815, -0.049338, 0.998761, -0.006431, 0.816065, 0.0, 0.0, 0.0, 1.0],
                [0.998168, 0.046868, -0.038257, -0.113007, -0.037924, -0.007977, -0.999249, 1.206476, -0.047138, 0.998869, -0.006185, 0.820071, 0.0, 0.0, 0.0, 1.0],
                [0.998333, 0.044721, -0.036493, -0.114862, -0.03619, -0.00757, -0.999316, 1.210087, -0.044967, 0.998971, -0.005939, 0.824024, 0.0, 0.0, 0.0, 1.0],
                [0.998487, 0.042605, -0.034754, -0.116691, -0.034479, -0.007172, -0.99938, 1.213645, -0.042827, 0.999066, -0.005692, 0.827921, 0.0, 0.0, 0.0, 1.0],
                [0.998632, 0.040519, -0.033042, -0.118492, -0.032794, -0.006784, -0.999439, 1.217147, -0.040721, 0.999156, -0.005446, 0.831759, 0.0, 0.0, 0.0, 1.0],
                [0.998768, 0.038467, -0.031359, -0.120264, -0.031135, -0.006406, -0.999495, 1.220592, -0.038648, 0.999239, -0.005201, 0.835535, 0.0, 0.0, 0.0, 1.0],
                [0.998894, 0.036449, -0.029704, -0.122006, -0.029504, -0.006038, -0.999546, 1.223976, -0.036612, 0.999317, -0.004956, 0.839246, 0.0, 0.0, 0.0, 1.0],
                [0.999011, 0.034468, -0.028081, -0.123716, -0.027901, -0.00568, -0.999595, 1.227296, -0.034613, 0.99939, -0.004713, 0.842889, 0.0, 0.0, 0.0, 1.0],
                [0.99912, 0.032524, -0.02649, -0.125392, -0.02633, -0.005332, -0.999639, 1.230551, -0.032653, 0.999457, -0.004471, 0.846462, 0.0, 0.0, 0.0, 1.0],
                [0.99922, 0.03062, -0.024931, -0.127034, -0.02479, -0.004995, -0.99968, 1.233737, -0.030735, 0.999519, -0.004232, 0.849961, 0.0, 0.0, 0.0, 1.0],
                [0.999312, 0.028757, -0.023408, -0.128641, -0.023283, -0.004668, -0.999718, 1.236852, -0.028858, 0.999576, -0.003995, 0.853383, 0.0, 0.0, 0.0, 1.0],
                [0.999397, 0.026937, -0.021921, -0.130209, -0.021811, -0.004351, -0.999753, 1.239894, -0.027026, 0.999628, -0.003761, 0.856726, 0.0, 0.0, 0.0, 1.0],
                [0.999474, 0.025162, -0.02047, -0.131739, -0.020375, -0.004045, -0.999784, 1.24286, -0.025239, 0.999675, -0.00353, 0.859986, 0.0, 0.0, 0.0, 1.0],
                [0.999544, 0.023433, -0.019059, -0.133229, -0.018976, -0.003749, -0.999813, 1.245746, -0.0235, 0.999718, -0.003303, 0.863161, 0.0, 0.0, 0.0, 1.0],
                [0.999607, 0.021752, -0.017686, -0.134678, -0.017615, -0.003464, -0.999839, 1.248552, -0.021809, 0.999757, -0.00308, 0.866248, 0.0, 0.0, 0.0, 1.0],
                [0.999664, 0.02012, -0.016356, -0.136083, -0.016295, -0.00319, -0.999862, 1.251273, -0.020169, 0.999792, -0.002861, 0.869243, 0.0, 0.0, 0.0, 1.0],
                [0.999715, 0.018539, -0.015067, -0.137445, -0.015015, -0.002927, -0.999883, 1.253908, -0.018581, 0.999824, -0.002648, 0.872144, 0.0, 0.0, 0.0, 1.0],
                [0.99976, 0.017011, -0.013822, -0.13876, -0.013778, -0.002674, -0.999901, 1.256453, -0.017047, 0.999852, -0.002439, 0.874947, 0.0, 0.0, 0.0, 1.0],
                [0.9998, 0.015538, -0.012622, -0.140029, -0.012585, -0.002433, -0.999918, 1.258907, -0.015567, 0.999876, -0.002237, 0.87765, 0.0, 0.0, 0.0, 1.0],
                [0.999835, 0.01412, -0.011468, -0.141249, -0.011438, -0.002202, -0.999932, 1.261267, -0.014145, 0.999898, -0.00204, 0.880251, 0.0, 0.0, 0.0, 1.0],
                [0.999865, 0.012761, -0.010361, -0.14242, -0.010337, -0.001982, -0.999945, 1.263529, -0.01278, 0.999917, -0.00185, 0.882745, 0.0, 0.0, 0.0, 1.0],
                [0.999891, 0.01146, -0.009303, -0.143539, -0.009284, -0.001774, -0.999955, 1.265692, -0.011476, 0.999933, -0.001667, 0.88513, 0.0, 0.0, 0.0, 1.0],
                [0.999913, 0.01022, -0.008296, -0.144606, -0.00828, -0.001576, -0.999964, 1.267753, -0.010233, 0.999947, -0.001492, 0.887403, 0.0, 0.0, 0.0, 1.0],
                [0.999932, 0.009043, -0.007339, -0.145619, -0.007327, -0.00139, -0.999972, 1.269709, -0.009053, 0.999958, -0.001324, 0.889561, 0.0, 0.0, 0.0, 1.0],
                [0.999948, 0.007931, -0.006435, -0.146576, -0.006425, -0.001215, -0.999979, 1.271557, -0.007938, 0.999968, -0.001164, 0.891601, 0.0, 0.0, 0.0, 1.0],
                [0.999961, 0.006884, -0.005584, -0.147477, -0.005577, -0.001052, -0.999984, 1.273296, -0.006889, 0.999976, -0.001013, 0.893521, 0.0, 0.0, 0.0, 1.0],
                [0.999971, 0.005904, -0.004789, -0.14832, -0.004784, -0.000899, -0.999988, 1.274922, -0.005908, 0.999982, -0.000871, 0.895316, 0.0, 0.0, 0.0, 1.0],
                [0.999979, 0.004994, -0.00405, -0.149103, -0.004046, -0.000759, -0.999992, 1.276433, -0.004997, 0.999987, -0.000739, 0.896985, 0.0, 0.0, 0.0, 1.0],
                [0.999986, 0.004154, -0.003368, -0.149825, -0.003366, -0.00063, -0.999994, 1.277826, -0.004156, 0.999991, -0.000616, 0.898525, 0.0, 0.0, 0.0, 1.0],
                [0.999991, 0.003386, -0.002746, -0.150486, -0.002744, -0.000512, -0.999996, 1.279099, -0.003388, 0.999994, -0.000503, 0.899931, 0.0, 0.0, 0.0, 1.0],
                [0.999994, 0.002693, -0.002183, -0.151082, -0.002182, -0.000406, -0.999998, 1.280248, -0.002694, 0.999996, -0.000401, 0.901202, 0.0, 0.0, 0.0, 1.0],
                [0.999996, 0.002075, -0.001682, -0.151614, -0.001681, -0.000313, -0.999998, 1.281273, -0.002075, 0.999998, -0.000309, 0.902335, 0.0, 0.0, 0.0, 1.0],
                [0.999998, 0.001534, -0.001244, -0.152079, -0.001243, -0.000231, -0.999999, 1.282169, -0.001534, 0.999999, -0.000229, 0.903326, 0.0, 0.0, 0.0, 1.0],
                [0.999999, 0.001072, -0.000869, -0.152476, -0.000869, -0.000161, -1.0, 1.282934, -0.001072, 0.999999, -0.00016, 0.904173, 0.0, 0.0, 0.0, 1.0],
                [1.0, 0.00069, -0.00056, -0.152804, -0.000559, -0.000104, -1.0, 1.283566, -0.000691, 1.0, -0.000103, 0.904872, 0.0, 0.0, 0.0, 1.0],
                [1.0, 0.000391, -0.000317, -0.153062, -0.000317, -5.9e-05, -1.0, 1.284062, -0.000391, 1.0, -5.8e-05, 0.905421, 0.0, 0.0, 0.0, 1.0],
                [1.0, 0.000175, -0.000142, -0.153248, -0.000142, -2.6e-05, -1.0, 1.28442, -0.000175, 1.0, -2.6e-05, 0.905817, 0.0, 0.0, 0.0, 1.0],
                [1.0, 4.4e-05, -3.6e-05, -0.15336, -3.6e-05, -7e-06, -1.0, 1.284636, -4.4e-05, 1.0, -7e-06, 0.906057, 0.0, 0.0, 0.0, 1.0],
                [1.0, 0.0, 0.0, -0.153398, 0.0, 0.0, -1.0, 1.284709, 0.0, 1.0, 0.0, 0.906138, 0.0, 0.0, 0.0, 1.0]
            ]
        },
        {
            "name": "body",
            "time": [0.0, 0.0167, 0.0333, 0.05, 0.0667, 0.0833, 0.1, 0.1167, 0.1333, 0.15, 0.1667, 0.1833, 0.2, 0.2167, 0.2333, 0.25, 0.2667, 0.2833, 0.3, 0.3167, 0.3333, 0.35, 0.3667, 0.3833, 0.4, 0.4167, 0.4333, 0.45, 0.4667, 0.4833, 0.5, 0.5167, 0.5333, 0.55, 0.5667, 0.5833, 0.6, 0.6167, 0.6333, 0.65, 0.6667, 0.6833, 0.7, 0.7167, 0.7333, 0.75, 0.7667, 0.7833, 0.8, 0.8167, 0.8333, 0.85, 0.8667, 0.8833, 0.9, 0.9167, 0.9333, 0.95, 0.9667, 0.9833, 1.0, 1.0167, 1.0333, 1.05, 1.0667, 1.0833, 1.1, 1.1167, 1.1333, 1.15, 1.1667, 1.1833, 1.2, 1.2167, 1.2333, 1.25, 1.2667, 1.2833, 1.3, 1.3167, 1.3333, 1.35, 1.3667, 1.3833, 1.4, 1.4167, 1.4333, 1.45, 1.4667, 1.4833, 1.5, 1.5167, 1.5333, 1.55, 1.5667, 1.5833, 1.6, 1.6167, 1.6333, 1.65, 1.6667, 1.6833, 1.7, 1.7167, 1.7333, 1.75, 1.7667, 1.7833, 1.8, 1.8167, 1.8333, 1.85, 1.8667, 1.8833, 1.9, 1.9167, 1.9333, 1.95, 1.9667, 1.9833, 2.0, 2.0167, 2.0333, 2.05, 2.0667, 2.0833, 2.1, 2.1167, 2.1333, 2.15, 2.1667, 2.1833, 2.2, 2.2167, 2.2333, 2.25, 2.2667, 2.2833, 2.3, 2.3167, 2.3333, 2.35, 2.3667, 2.3833, 2.4, 2.4167, 2.4333, 2.45, 2.4667, 2.4833, 2.5, 2.5167, 2.5333, 2.55, 2.5667, 2.5833, 2.6, 2.6167, 2.6333, 2.65, 2.6667],
            "transform": [
                [0.823634, -0.181509, 0.53729, 0.0, 0.077894, 0.974627, 0.209846, 0.084155, -0.561746, -0.130985, 0.816875, 0.0, 0.0, 0.0, 0.0, 1.0],
                [0.823039, -0.180096, 0.538676, -0.0, 0.076164, 0.974828, 0.209545, 0.084155, -0.562855, -0.131436, 0.816038, 0.0, 0.0, 0.0, 0.0, 1.0],
                [0.821297, -0.176021, 0.542667, -0.0, 0.071176, 0.975394, 0.208661, 0.084155, -0.566043, -0.132748, 0.813617, 0.0, 0.0, 0.0, 0.0, 1.0],
                [0.818448, -0.16953, 0.549001, 0.0, 0.063229, 0.976253, 0.207201, 0.084155, -0.571091, -0.134871, 0.809732, 0.0, 0.0, 0.0, 0.0, 1.0],
                [0.814504, -0.160869, 0.557408, 0.0, 0.052624, 0.977313, 0.205158, 0.084155, -0.577766, -0.137768, 0.804492, -0.0, 0.0, 0.0, 0.0, 1.0],
                [0.809464, -0.150288, 0.56761, -0.0, 0.039664, 0.978477, 0.20251, 0.084155, -0.585828, -0.141411, 0.798003, -0.0, 0.0, 0.0, 0.0, 1.0],
                [0.803322, -0.138041, 0.579326, -0.0, 0.024657, 0.979641, 0.199238, 0.084155, -0.595034, -0.145768, 0.790371, -0.0, 0.0, 0.0, 0.0, 1.0],
                [0.796083, -0.124386, 0.592268, 0.0, 0.007916, 0.980707, 0.195324, 0.084155, -0.605137, -0.150805, 0.781708, 0.0, 0.0, 0.0, 0.0, 1.0],
                [0.787764, -0.109584, 0.606151, -0.0, -0.010238, 0.981583, 0.190763, 0.084155, -0.615892, -0.156482, 0.772133, 0.0, 0.0, 0.0, 0.0, 1.0],
                [0.778409, -0.093903, 0.620694, -0.0, -0.029482, 0.982189, 0.185565, 0.084155, -0.627064, -0.162745, 0.761777, 0.0, 0.0, 0.0, 0.0, 1.0],
                [0.768091, -0.077609, 0.63562, -0.0, -0.049486, 0.982465, 0.179759, 0.084155, -0.638425, -0.169526, 0.750782, 0.0, 0.0, 0.0, 0.0, 1.0],
                [0.756915, -0.060972, 0.650662, 0.0, -0.069923, 0.982367, 0.173396, 0.084155, -0.649761, -0.176743, 0.739305, 0.0, 0.0, 0.0, 0.0, 1.0],
                [0.745022, -0.044255, 0.66557, 0.0, -0.090466, 0.981874, 0.166551, 0.084155, -0.660877, -0.184296, 0.727514, 0.0, 0.0, 0.0, 0.0, 1.0],
                [0.732588, -0.027719, 0.680108, -0.0, -0.110793, 0.98099, 0.159324, 0.084155, -0.671595, -0.19207, 0.71559, -0.0, 0.0, 0.0, 0.0, 1.0],
                [0.719824, -0.011614, 0.69406, -0.0, -0.130594, 0.97974, 0.151836, 0.084155, -0.681762, -0.199935, 0.703724, 0.0, 0.0, 0.0, 0.0, 1.0],
                [0.706972, 0.003818, 0.707232, -0.0, -0.149569, 0.978175, 0.144233, 0.084155, -0.691245, -0.207748, 0.692113, 0.0, 0.0, 0.0, 0.0, 1.0],
                [0.694301, 0.018349, 0.719451, 0.0, -0.167432, 0.976364, 0.136677, 0.084155, -0.699938, -0.215354, 0.680962, -0.0, 0.0, 0.0, 0.0, 1.0],
                [0.682103, 0.031763, 0.730567, 0.0, -0.183912, 0.974395, 0.129348, 0.084155, -0.707752, -0.222588, 0.670479, 0.0, 0.0, 0.0, 0.0, 1.0],
                [0.670685, 0.043857, 0.740444, 0.0, -0.198754, 0.972372, 0.122435, 0.084155, -0.714617, -0.229282, 0.660872, 0.0, 0.0, 0.0, 0.0, 1.0],
                [0.660366, 0.054437, 0.748968, 0.0, -0.211715, 0.970407, 0.116137, 0.084155, -0.720482, -0.235261, 0.652349, 0.0, 0.0, 0.0, 0.0, 1.0],
                [0.651466, 0.063321, 0.756031, -0.0, -0.222562, 0.968618, 0.110655, 0.084155, -0.725298, -0.240352, 0.645115, 0.0, 0.0, 0.0, 0.0, 1.0],
                [0.644114, 0.070507, 0.761674, 0.0, -0.231298, 0.967083, 0.106078, 0.084155, -0.729122, -0.2445, 0.639219, 0.0, 0.0, 0.0, 0.0, 1.0],
                [0.638155, 0.076214, 0.766126, -0.0, -0.238256, 0.965791, 0.102382, 0.084155, -0.732115, -0.24787, 0.634483, 0.0, 0.0, 0.0, 0.0, 1.0],
                [0.633475, 0.080582, 0.769556, -0.0, -0.243695, 0.964726, 0.099583, 0.084155, -0.734385, -0.25062, 0.630767, 0.0, 0.0, 0.0, 0.0, 1.0],
                [0.629943, 0.083743, 0.772114, 0.0, -0.247864, 0.963857, 0.097685, 0.084155, -0.736027, -0.252915, 0.627932, 0.0, 0.0, 0.0, 0.0, 1.0],
                [0.627414, 0.085822, 0.773942, -0.0, -0.251008, 0.963145, 0.096683, 0.084155, -0.737121, -0.254926, 0.625832, 0.0, 0.0, 0.0, 0.0, 1.0],
                [0.625737, 0.086939, 0.775174, -0.0, -0.253362, 0.96254, 0.096567, 0.084155, -0.737741, -0.256825, 0.624323, -0.0, 0.0, 0.0, 0.0, 1.0],
                [0.624752, 0.087211, 0.775938, 0.0, -0.25516, 0.961989, 0.097322, 0.084155, -0.737956, -0.25879, 0.623257, -0.0, 0.0, 0.0, 0.0, 1.0],
                [0.624298, 0.086755, 0.776354, -0.0, -0.256631, 0.961433, 0.09893, 0.084155, -0.73783, -0.260998, 0.622484, -0.0, 0.0, 0.0, 0.0, 1.0],
                [0.62421, 0.085685, 0.776544, 0.0, -0.258001, 0.960812, 0.101372, 0.084155, -0.737426, -0.263627, 0.621855, 0.0, 0.0, 0.0, 0.0, 1.0],
                [0.624325, 0.084114, 0.776623, -0.0, -0.259498, 0.960059, 0.104628, 0.084155, -0.736804, -0.266854, 0.621216, -0.0, 0.0, 0.0, 0.0, 1.0],
                [0.660001, 0.084329, 0.746517, -0.0, -0.25693, 0.959099, 0.11881, 0.084155, -0.705965, -0.270217, 0.654673, 0.0, 0.0, 0.0, 0.0, 1.0],
                [0.750843, 0.088326, 0.654548, 0.0, -0.244064, 0.957978, 0.150699, 0.084155, -0.613732, -0.272904, 0.740848, -0.0, 0.0, 0.0, 0.0, 1.0],
                [0.864412, 0.095598, 0.493612, -0.0, -0.216298, 0.956972, 0.193443, 0.084155, -0.45388, -0.273982, 0.847896, -0.0, 0.0, 0.0, 0.0, 1.0],
                [0.957896, 0.104923, 0.267257, 0.0, -0.170783, 0.956477, 0.236611, 0.084155, -0.2308, -0.272292, 0.934125, -0.0, 0.0, 0.0, 0.0, 1.0],
                [0.993438, 0.114246, 0.005349, -0.0, -0.111476, 0.95678, 0.268596, 0.084155, 0.025568, -0.26743, 0.963238, -0.0, 0.0, 0.0, 0.0, 1.0],
                [0.962418, 0.12157, -0.242844, -0.0, -0.04955, 0.957806, 0.283113, 0.084155, 0.267015, -0.26044, 0.927833, -0.0, 0.0, 0.0, 0.0, 1.0],
                [0.891154, 0.126078, -0.435832, -0.0, 0.00269, 0.959129, 0.282957, 0.084155, 0.453694, -0.253331, 0.854392, -0.0, 0.0, 0.0, 0.0, 1.0],
                [0.82094, 0.128216, -0.556433, 0.0, 0.037532, 0.960241, 0.276637, 0.084155, 0.56978, -0.247986, 0.783488, 0.0, 0.0, 0.0, 0.0, 1.0],
                [0.787295, 0.128862, -0.602961, 0.0, 0.05153, 0.960744, 0.272609, 0.084155, 0.61442, -0.245694, 0.749749, 0.0, 0.0, 0.0, 0.0, 1.0],
                [0.781145, 0.128968, -0.610884, -0.0, 0.053948, 0.960831, 0.271832, 0.084155, 0.622014, -0.245296, 0.743591, -0.0, 0.0, 0.0, 0.0, 1.0],
                [0.776064, 0.12906, -0.617307, 0.0, 0.055911, 0.960902, 0.271185, 0.084155, 0.628171, -0.244971, 0.738506, 0.0, 0.0, 0.0, 0.0, 1.0],
                [0.771965, 0.12914, -0.622409, -0.0, 0.05747, 0.960958, 0.270662, 0.084155, 0.633062, -0.244711, 0.734404, -0.0, 0.0, 0.0, 0.0, 1.0],
                [0.768753, 0.129206, -0.626359, 0.0, 0.058676, 0.961, 0.270251, 0.084155, 0.636849, -0.244509, 0.73119, -0.0, 0.0, 0.0, 0.0, 1.0],
                [0.766327, 0.129259, -0.629313, -0.0, 0.059578, 0.961032, 0.269942, 0.084155, 0.639682, -0.244357, 0.728764, 0.0, 0.0, 0.0, 0.0, 1.0],
                [0.764584, 0.129298, -0.631422, 0.0, 0.060221, 0.961054, 0.269719, 0.084155, 0.641705, -0.244248, 0.72702, -0.0, 0.0, 0.0, 0.0, 1.0],
                [0.763414, 0.129322, -0.632831, -0.0, 0.060653, 0.96107, 0.269567, 0.084155, 0.643055, -0.244175, 0.72585, -0.0, 0.0, 0.0, 0.0, 1.0],
                [0.762709, 0.129329, -0.633679, -0.0, 0.060918, 0.96108, 0.269471, 0.084155, 0.643867, -0.244131, 0.725145, -0.0, 0.0, 0.0, 0.0, 1.0],
                [0.762355, 0.129319, -0.634106, 0.0, 0.06106, 0.961087, 0.269414, 0.084155, 0.644271, -0.244108, 0.724793, 0.0, 0.0, 0.0, 0.0, 1.0],
                [0.762242, 0.12929, -0.634248, 0.0, 0.061125, 0.961093, 0.269378, 0.084155, 0.644399, -0.2441, 0.724683, -0.0, 0.0, 0.0, 0.0, 1.0],
                [0.762257, 0.129241, -0.634241, 0.0, 0.061156, 0.961099, 0.269346, 0.084155, 0.644379, -0.244098, 0.724701, -0.0, 0.0, 0.0, 0.0, 1.0],
                [0.762405, 0.129132, -0.634084, -0.0, 0.061148, 0.961125, 0.269256, 0.084155, 0.644204, -0.244055, 0.724871, 0.0, 0.0, 0.0, 0.0, 1.0],
                [0.762767, 0.128926, -0.633691, -0.0, 0.061065, 0.961186, 0.269059, 0.084155, 0.643784, -0.243926, 0.725288, -0.0, 0.0, 0.0, 0.0, 1.0],
                [0.763338, 0.128625, -0.633064, 0.0, 0.06091, 0.961281, 0.268756, 0.084155, 0.643121, -0.243711, 0.725948, 0.0, 0.0, 0.0, 0.0, 1.0],
                [0.764113, 0.128231, -0.632208, 0.0, 0.060684, 0.961409, 0.268348, 0.084155, 0.642221, -0.243413, 0.726844, -0.0, 0.0, 0.0, 0.0, 1.0],
                [0.765088, 0.127747, -0.631127, -0.0, 0.060388, 0.961569, 0.267839, 0.084155, 0.641088, -0.243033, 0.727971, 0.0, 0.0, 0.0, 0.0, 1.0],
                [0.766258, 0.127174, -0.629822, -0.0, 0.060026, 0.961762, 0.267229, 0.084155, 0.639723, -0.242572, 0.729324, -0.0, 0.0, 0.0, 0.0, 1.0],
                [0.767618, 0.126514, -0.628297, 0.0, 0.059598, 0.961985, 0.266519, 0.084155, 0.638131, -0.24203, 0.730897, 0.0, 0.0, 0.0, 0.0, 1.0],
                [0.769162, 0.12577, -0.626555, -0.0, 0.059106, 0.962239, 0.265711, 0.084155, 0.636314, -0.241408, 0.732684, -0.0, 0.0, 0.0, 0.0, 1.0],
                [0.770886, 0.124943, -0.624599, 0.0, 0.058553, 0.962522, 0.264807, 0.084155, 0.634276, -0.240708, 0.734679, -0.0, 0.0, 0.0, 0.0, 1.0],
                [0.772785, 0.124037, -0.62243, 0.0, 0.05794, 0.962834, 0.263808, 0.084155, 0.632018, -0.23993, 0.736876, 0.0, 0.0, 0.0, 0.0, 1.0],
                [0.774851, 0.123053, -0.620051, -0.0, 0.05727, 0.963172, 0.262715, 0.084155, 0.629544, -0.239075, 0.739268, -0.0, 0.0, 0.0, 0.0, 1.0],
                [0.777081, 0.121993, -0.617465, -0.0, 0.056544, 0.963538, 0.261528, 0.084155, 0.626856, -0.238143, 0.741849, -0.0, 0.0, 0.0, 0.0, 1.0],
                [0.779468, 0.120861, -0.614673, 0.0, 0.055766, 0.963929, 0.260251, 0.084155, 0.623955, -0.237135, 0.744612, -0.0, 0.0, 0.0, 0.0, 1.0],
                [0.782006, 0.119658, -0.611677, -0.0, 0.054936, 0.964345, 0.258882, 0.084155, 0.620845, -0.236051, 0.747551, -0.0, 0.0, 0.0, 0.0, 1.0],
                [0.78469, 0.118388, -0.608479, -0.0, 0.054058, 0.964785, 0.257425, 0.084155, 0.617527, -0.234892, 0.750657, 0.0, 0.0, 0.0, 0.0, 1.0],
                [0.787513, 0.117051, -0.60508, -0.0, 0.053134, 0.965247, 0.255879, 0.084155, 0.614003, -0.233658, 0.753926, -0.0, 0.0, 0.0, 0.0, 1.0],
                [0.79047, 0.115652, -0.601483, 0.0, 0.052166, 0.965732, 0.254245, 0.084155, 0.610276, -0.23235, 0.757349, -0.0, 0.0, 0.0, 0.0, 1.0],
                [0.793553, 0.114192, -0.59769, -0.0, 0.051157, 0.966237, 0.252526, 0.084155, 0.606346, -0.230969, 0.760919, -0.0, 0.0, 0.0, 0.0, 1.0],
                [0.796758, 0.112674, -0.593701, -0.0, 0.050108, 0.966762, 0.250721, 0.084155, 0.602218, -0.229514, 0.764629, -0.0, 0.0, 0.0, 0.0, 1.0],
                [0.800077, 0.111102, -0.58952, -0.0, 0.049023, 0.967305, 0.248833, 0.084155, 0.597891, -0.227986, 0.768472, 0.0, 0.0, 0.0, 0.0, 1.0],
                [0.803504, 0.109476, -0.585146, 0.0, 0.047904, 0.967866, 0.246861, 0.084155, 0.593369, -0.226385, 0.77244, -0.0, 0.0, 0.0, 0.0, 1.0],
                [0.807033, 0.107801, -0.580583, 0.0, 0.046754, 0.968444, 0.244808, 0.084155, 0.588653, -0.224712, 0.776526, 0.0, 0.0, 0.0, 0.0, 1.0],
                [0.810657, 0.106079, -0.575832, -0.0, 0.045574, 0.969037, 0.242674, 0.084155, 0.583745, -0.222968, 0.780722, 0.0, 0.0, 0.0, 0.0, 1.0],
                [0.814369, 0.104312, -0.570895, -0.0, 0.044368, 0.969645, 0.24046, 0.084155, 0.578649, -0.221153, 0.785021, -0.0, 0.0, 0.0, 0.0, 1.0],
                [0.818164, 0.102503, -0.565775, -0.0, 0.043138, 0.970266, 0.238168, 0.084155, 0.573365, -0.219267, 0.789414, 0.0, 0.0, 0.0, 0.0, 1.0],
                [0.822034, 0.100656, -0.560472, -0.0, 0.041887, 0.970899, 0.235799, 0.084155, 0.567896, -0.217311, 0.793895, 0.0, 0.0, 0.0, 0.0, 1.0],
